game_date,wehoop_game_id,season,team,opp,home_away.x,spread_line,spread_price,total_line,total_price,team_score,opp_score,win_margin,game_total,game_id,home_half_score,away_half_score,race_to_10,race_to_15,race_to_20,race_to_25,race_to_30,race_to_35,race_to_40,home_score,away_score,home_win_margin,total_1h,home_spread_1h,result_1h,home_away.y,team_half_score,team_1h_win_margin
10/1/2019,401165808,2019,CON,WAS,away,7.5,104,172.5,-120,99,87,-12,186,1041900402,46,56,1,1,1,1,1,1,1,87,99,12,102,10,away,away,56,-10
10/1/2019,401165808,2019,WAS,CON,home,-7.5,-124,172.5,100,87,99,12,186,1041900402,46,56,0,0,0,0,0,0,0,87,99,12,102,10,away,home,46,10
10/1/2023,401578567,2023,NYL,CON,away,-5.5,-110,160.5,-107,87,84,-3,171,1042300214,44,45,0,0,0,0,0,0,0,84,87,3,89,1,away,away,45,-1
10/1/2023,401578567,2023,CON,NYL,home,5.5,-108,160.5,-113,84,87,3,171,1042300214,44,45,1,1,1,1,1,1,1,84,87,3,89,1,away,home,44,1
10/10/2019,401165811,2019,CON,WAS,away,6.5,-110,174,-110,78,89,11,167,1041900405,42,43,1,0,0,0,0,0,1,89,78,-11,85,1,away,away,43,-1
10/10/2019,401165811,2019,WAS,CON,home,-6.5,-110,174,-110,89,78,-11,167,1041900405,42,43,0,1,1,1,1,1,0,89,78,-11,85,1,away,home,42,1
10/10/2021,401370395,2021,CHI,PHO,away,2.5,-110,167.5,-110,91,77,-14,168,1042100401,35,46,0,0,0,0,0,1,1,77,91,14,81,11,away,away,46,-11
10/10/2021,401370395,2021,PHO,CHI,home,-2.5,-110,167.5,-110,77,91,14,168,1042100401,35,46,1,1,1,1,1,0,0,77,91,14,81,11,away,home,35,11
10/11/2023,401578572,2023,NYL,LVA,away,4.5,-112,171,-110,76,104,28,180,1042300302,52,44,0,0,0,0,0,0,0,104,76,-28,96,-8,home,away,44,8
10/11/2023,401578572,2023,LVA,NYL,home,-4.5,-108,171,-110,104,76,-28,180,1042300302,52,44,1,1,1,1,1,1,1,104,76,-28,96,-8,home,home,52,-8
10/13/2021,401370396,2021,CHI,PHO,away,4.5,-110,169,-110,86,91,5,177,1042100402,40,40,1,1,1,1,1,1,0,91,86,-5,80,0,tie,away,40,-0
10/13/2021,401370396,2021,PHO,CHI,home,-4.5,-110,169,-110,91,86,-5,177,1042100402,40,40,0,0,0,0,0,0,1,91,86,-5,80,0,tie,home,40,0
10/15/2021,401370397,2021,PHO,CHI,away,3,-110,165,-110,50,86,36,136,1042100403,46,24,0,0,0,0,0,0,0,86,50,-36,70,-22,home,away,24,22
10/15/2021,401370397,2021,CHI,PHO,home,-3,-110,165,-110,86,50,-36,136,1042100403,46,24,1,1,1,1,1,1,1,86,50,-36,70,-22,home,home,46,-22
10/15/2023,401578573,2023,LVA,NYL,away,-2,-113,172,-110,73,87,14,160,1042300303,43,40,0,0,0,0,0,0,0,87,73,-14,83,-3,home,away,40,3
10/15/2023,401578573,2023,NYL,LVA,home,2,-107,172,-105,87,73,-14,160,1042300303,43,40,1,1,1,1,1,1,1,87,73,-14,83,-3,home,home,43,-3
10/17/2021,401370398,2021,PHO,CHI,away,4.5,-110,164,-110,74,80,6,154,1042100404,37,44,0,0,0,1,1,0,1,80,74,-6,81,7,away,away,44,-7
10/17/2021,401370398,2021,CHI,PHO,home,-4.5,-110,164,-110,80,74,-6,154,1042100404,37,44,1,1,1,0,0,1,0,80,74,-6,81,7,away,home,37,7
10/18/2023,401578574,2023,LVA,NYL,away,5.5,-110,168.5,-110,70,69,-1,139,1042300304,39,30,0,0,0,0,0,0,0,69,70,1,69,-9,home,away,30,9
10/18/2023,401578574,2023,NYL,LVA,home,-5.5,-110,168.5,-110,69,70,1,139,1042300304,39,30,1,1,1,1,1,1,1,69,70,1,69,-9,home,home,39,-9
10/2/2020,401244183,2020,SEA,LVA,away,-6,-110,164,-110,93,80,-13,173,1042000401,40,57,0,1,1,0,0,1,1,80,93,13,97,17,away,away,57,-17
10/2/2020,401244183,2020,LVA,SEA,home,6,-110,164,-110,80,93,13,173,1042000401,40,57,1,0,0,1,1,0,0,80,93,13,97,17,away,home,40,17
10/3/2021,401370439,2021,CON,CHI,away,-4.5,-110,153.5,-110,83,86,3,169,1042100303,37,35,0,1,1,1,1,1,0,86,83,-3,72,-2,home,away,35,2
10/3/2021,401370439,2021,CHI,CON,home,4.5,-110,153.5,-110,86,83,-3,169,1042100303,37,35,1,0,0,0,0,0,1,86,83,-3,72,-2,home,home,37,-2
10/3/2021,401370438,2021,LVA,PHO,away,-2,-110,173,-110,60,87,27,147,1042100313,46,31,0,0,0,0,0,0,0,87,60,-27,77,-15,home,away,31,15
10/3/2021,401370438,2021,PHO,LVA,home,2,-110,173,-110,87,60,-27,147,1042100313,46,31,1,1,1,1,1,1,1,87,60,-27,77,-15,home,home,46,-15
10/4/2020,401244184,2020,SEA,LVA,away,-7.5,-110,167,-110,104,91,-13,195,1042000402,42,48,1,1,1,1,1,1,1,91,104,13,90,6,away,away,48,-6
10/4/2020,401244184,2020,LVA,SEA,home,7,-105,167,-110,91,104,13,195,1042000402,42,48,0,0,0,0,0,0,0,91,104,13,90,6,away,home,42,6
10/6/2019,401165809,2019,WAS,CON,away,2.5,-111,172.5,-110,94,81,-13,175,1041900403,39,43,1,1,1,1,1,1,1,81,94,13,82,4,away,away,43,-4
10/6/2019,401165809,2019,CON,WAS,home,-2.5,-109,172.5,-110,81,94,13,175,1041900403,39,43,0,0,0,0,0,0,0,81,94,13,82,4,away,home,39,4
10/6/2020,401244185,2020,LVA,SEA,away,7.5,-110,171.5,-112,59,92,33,151,1042000403,43,34,1,1,1,0,0,0,0,92,59,-33,77,-9,home,away,34,9
10/6/2020,401244185,2020,SEA,LVA,home,-7.5,-110,171.5,-108,92,59,-33,151,1042000403,43,34,0,0,0,1,1,1,1,92,59,-33,77,-9,home,home,43,-9
10/6/2021,401370440,2021,LVA,PHO,away,1,-110,171,-110,93,76,-17,169,1042100314,46,49,0,0,0,0,0,1,1,76,93,17,95,3,away,away,49,-3
10/6/2021,401370440,2021,PHO,LVA,home,-1,-110,171,-110,76,93,17,169,1042100314,46,49,1,1,1,1,1,0,0,76,93,17,95,3,away,home,46,3
10/6/2021,401370441,2021,CON,CHI,away,-4,-110,156,-110,69,79,10,148,1042100304,54,41,0,0,0,0,0,0,0,79,69,-10,95,-13,home,away,41,13
10/6/2021,401370441,2021,CHI,CON,home,4,-110,156,-110,79,69,-10,148,1042100304,54,41,1,1,1,1,1,1,1,79,69,-10,95,-13,home,home,54,-13
10/8/2019,401165810,2019,WAS,CON,away,1.5,-110,175,-125,86,90,4,176,1041900404,56,40,0,0,0,0,0,0,0,90,86,-4,96,-16,home,away,40,16
10/8/2019,401165810,2019,CON,WAS,home,-1.5,-110,175,105,90,86,-4,176,1041900404,56,40,1,1,1,1,1,1,1,90,86,-4,96,-16,home,home,56,-16
10/8/2021,401370442,2021,PHO,LVA,away,5.5,-110,168.5,-110,87,84,-3,171,1042100315,42,44,1,1,1,1,1,1,1,84,87,3,86,2,away,away,44,-2
10/8/2021,401370442,2021,LVA,PHO,home,-5.5,-110,168.5,-110,84,87,3,171,1042100315,42,44,0,0,0,0,0,0,0,84,87,3,86,2,away,home,42,2
10/8/2023,401578571,2023,NYL,LVA,away,4.5,-110,170.5,-110,82,99,17,181,1042300301,46,49,0,0,0,1,1,1,1,99,82,-17,95,3,away,away,49,-3
10/8/2023,401578571,2023,LVA,NYL,home,-4.5,-110,170.5,-110,99,82,-17,181,1042300301,46,49,1,1,1,0,0,0,0,99,82,-17,95,3,away,home,46,3
5/10/2022,401391659,2022,LVA,WAS,away,-5,-110,168,-110,76,89,13,165,1022200010,36,49,1,1,1,1,1,1,1,89,76,-13,85,13,away,away,49,-13
5/10/2022,401391659,2022,WAS,LVA,home,5,-110,168,-110,89,76,-13,165,1022200010,36,49,0,0,0,0,0,0,0,89,76,-13,85,13,away,home,36,13
5/10/2022,401391660,2022,MIN,IND,away,-3,-110,159,-110,76,82,6,158,1022200011,48,39,1,1,1,1,0,0,0,82,76,-6,87,-9,home,away,39,9
5/10/2022,401391660,2022,IND,MIN,home,3,-110,159,-110,82,76,-6,158,1022200011,48,39,0,0,0,0,1,1,1,82,76,-6,87,-9,home,home,48,-9
5/11/2022,401391661,2022,LAS,ATL,away,-5.5,-110,161.5,-110,75,77,2,152,1022200012,40,39,0,0,0,1,0,0,0,77,75,-2,79,-1,home,away,39,1
5/11/2022,401391661,2022,ATL,LAS,home,5.5,-110,161.5,-110,77,75,-2,152,1022200012,40,39,1,1,1,0,1,1,1,77,75,-2,79,-1,home,home,40,-1
5/11/2022,401391662,2022,NYL,CHI,away,5,-110,165,-110,50,83,33,133,1022200013,36,17,0,0,0,0,0,0,0,83,50,-33,53,-19,home,away,17,19
5/11/2022,401391662,2022,CHI,NYL,home,-5,-110,165,-110,83,50,-33,133,1022200013,36,17,1,1,1,1,1,1,1,83,50,-33,53,-19,home,home,36,-19
5/11/2022,401391663,2022,SEA,PHO,away,2,-110,163,-110,77,97,20,174,1022200014,39,31,1,1,1,1,0,0,0,97,77,-20,70,-8,home,away,31,8
5/11/2022,401391663,2022,PHO,SEA,home,-2,-110,163,-110,97,77,-20,174,1022200014,39,31,0,0,0,0,1,1,1,97,77,-20,70,-8,home,home,39,-8
5/13/2022,401391664,2022,DAL,WAS,away,7.5,-110,159.5,-105,94,86,-8,180,1022200015,44,41,0,0,0,0,0,0,0,86,94,8,85,-3,home,away,41,3
5/13/2022,401391664,2022,WAS,DAL,home,-7.5,-110,159.5,-115,86,94,8,180,1022200015,44,41,1,1,1,1,1,1,1,86,94,8,85,-3,home,home,44,-3
5/13/2022,401391665,2022,LVA,ATL,away,-8.5,-110,167.5,-110,96,73,-23,169,1022200016,33,49,1,1,1,1,1,1,1,73,96,23,82,16,away,away,49,-16
5/13/2022,401391665,2022,ATL,LVA,home,8.5,-110,167.5,-110,73,96,23,169,1022200016,33,49,0,0,0,0,0,0,0,73,96,23,82,16,away,home,33,16
5/13/2022,401391666,2022,IND,NYL,away,6,-110,159,-110,92,86,-6,178,1022200017,41,41,1,0,1,1,1,1,1,86,92,6,82,0,tie,away,41,-0
5/13/2022,401391666,2022,NYL,IND,home,-6,-110,159,-110,86,92,6,178,1022200017,41,41,0,1,0,0,0,0,0,86,92,6,82,0,tie,home,41,0
5/14/2021,401320565,2021,IND,NYL,away,-2.5,-110,161,-110,87,90,3,177,1022100001,47,47,0,0,0,0,0,0,0,90,87,-3,94,0,tie,away,47,-0
5/14/2021,401320565,2021,NYL,IND,home,2.5,-110,161,-110,90,87,-3,177,1022100001,47,47,1,1,1,1,1,1,1,90,87,-3,94,0,tie,home,47,0
5/14/2021,401320566,2021,CON,ATL,away,-3,-105,163,-105,78,67,-11,145,1022100002,33,43,1,1,1,1,1,1,1,67,78,11,76,10,away,away,43,-10
5/14/2021,401320566,2021,ATL,CON,home,3,-115,163,-115,67,78,11,145,1022100002,33,43,0,0,0,0,0,0,0,67,78,11,76,10,away,home,33,10
5/14/2021,401320567,2021,PHO,MIN,away,1,-105,164,-110,77,75,-2,152,1022100003,24,33,1,1,1,1,1,1,0,75,77,2,57,9,away,away,33,-9
5/14/2021,401320567,2021,MIN,PHO,home,-1,-115,164,-110,75,77,2,152,1022100003,24,33,0,0,0,0,0,0,1,75,77,2,57,9,away,home,24,9
5/14/2021,401320568,2021,DAL,LAS,away,6,-110,165,-110,94,71,-23,165,1022100004,41,44,0,0,0,0,1,1,1,71,94,23,85,3,away,away,44,-3
5/14/2021,401320568,2021,LAS,DAL,home,-6,-110,165,-110,71,94,23,165,1022100004,41,44,1,1,1,1,0,0,0,71,94,23,85,3,away,home,41,3
5/14/2022,401391667,2022,PHO,SEA,away,-2,-110,161.5,-110,69,64,-5,133,1022200018,32,34,1,0,1,1,0,1,0,64,69,5,66,2,away,away,34,-2
5/14/2022,401391667,2022,SEA,PHO,home,2,-110,161.5,-110,64,69,5,133,1022200018,32,34,0,1,0,0,1,0,1,64,69,5,66,2,away,home,32,2
5/14/2022,401391668,2022,LAS,CON,away,7.5,-110,158,-110,60,77,17,137,1022200019,49,25,0,0,0,0,0,0,0,77,60,-17,74,-24,home,away,25,24
5/14/2022,401391668,2022,CON,LAS,home,-7.5,-110,158,-110,77,60,-17,137,1022200019,49,25,1,1,1,1,1,1,1,77,60,-17,74,-24,home,home,49,-24
5/14/2022,401391669,2022,CHI,MIN,away,-8,-110,160,-105,82,78,-4,160,1022200020,38,47,1,1,1,1,1,1,1,78,82,4,85,9,away,away,47,-9
5/14/2022,401391669,2022,MIN,CHI,home,8,-110,160,-115,78,82,4,160,1022200020,38,47,0,0,0,0,0,0,0,78,82,4,85,9,away,home,38,9
5/15/2021,401320569,2021,CHI,WAS,away,-2.5,-115,165.5,-110,70,56,-14,126,1022100005,30,46,1,0,1,1,1,1,1,56,70,14,76,16,away,away,46,-16
5/15/2021,401320569,2021,WAS,CHI,home,2.5,-105,165.5,-110,56,70,14,126,1022100005,30,46,0,1,0,0,0,0,0,56,70,14,76,16,away,home,30,16
5/15/2021,401320570,2021,LVA,SEA,away,-1,-115,166.5,-110,83,97,14,180,1022100006,49,40,1,1,1,0,0,0,0,97,83,-14,89,-9,home,away,40,9
5/15/2021,401320570,2021,SEA,LVA,home,1,-105,166.5,-110,97,83,-14,180,1022100006,49,40,0,0,0,1,1,1,1,97,83,-14,89,-9,home,home,49,-9
5/15/2022,401391670,2022,DAL,NYL,away,2,-110,164.5,-115,81,71,-10,152,1022200021,37,39,0,1,1,1,0,1,1,71,81,10,76,2,away,away,39,-2
5/15/2022,401391670,2022,NYL,DAL,home,-2,-110,164.5,-105,71,81,10,152,1022200021,37,39,1,0,0,0,1,0,0,71,81,10,76,2,away,home,37,2
5/15/2022,401391671,2022,ATL,IND,away,2,-110,157.5,-110,85,79,-6,164,1022200022,36,36,0,0,0,1,1,1,1,79,85,6,72,0,tie,away,36,-0
5/15/2022,401391671,2022,IND,ATL,home,-2,-110,157.5,-110,79,85,6,164,1022200022,36,36,1,1,1,0,0,0,0,79,85,6,72,0,tie,home,36,0
5/16/2021,401320571,2021,NYL,IND,away,5.5,-108,164.5,-126,73,65,-8,138,1022100007,35,41,1,1,1,1,1,1,1,65,73,8,76,6,away,away,41,-6
5/16/2021,401320571,2021,IND,NYL,home,-5.5,-112,164.5,106,65,73,8,138,1022100007,35,41,0,0,0,0,0,0,0,65,73,8,76,6,away,home,35,6
5/16/2021,401320572,2021,PHO,CON,away,1,-110,162,-110,78,86,8,164,1022100008,37,33,1,1,1,0,0,0,0,86,78,-8,70,-4,home,away,33,4
5/16/2021,401320572,2021,CON,PHO,home,-1,-110,162,-110,86,78,-8,164,1022100008,37,33,0,0,0,1,1,1,1,86,78,-8,70,-4,home,home,37,-4
5/17/2022,401391673,2022,ATL,IND,away,-0.5,-110,158.5,-115,101,79,-22,180,1022200024,35,50,1,1,1,1,1,1,1,79,101,22,85,15,away,away,50,-15
5/17/2022,401391673,2022,IND,ATL,home,-0.5,-110,158.5,-105,79,101,22,180,1022200024,35,50,0,0,0,0,0,0,0,79,101,22,85,15,away,home,35,15
5/17/2022,401391672,2022,CON,NYL,away,-8.5,-110,155,-110,92,65,-27,157,1022200023,32,51,0,0,1,1,1,1,1,65,92,27,83,19,away,away,51,-19
5/17/2022,401391672,2022,NYL,CON,home,8.5,-110,155,-110,65,92,27,157,1022200023,32,51,1,1,0,0,0,0,0,65,92,27,83,19,away,home,32,19
5/17/2022,401391674,2022,WAS,DAL,away,-3,-110,161,-110,84,68,-16,152,1022200025,34,37,0,0,0,0,0,1,1,68,84,16,71,3,away,away,37,-3
5/17/2022,401391674,2022,DAL,WAS,home,3,-110,161,-110,68,84,16,152,1022200025,34,37,1,1,1,1,1,0,0,68,84,16,71,3,away,home,34,3
5/17/2022,401391675,2022,PHO,LVA,away,8,-105,170,-110,74,86,12,160,1022200026,39,43,1,1,1,1,1,1,1,86,74,-12,82,4,away,away,43,-4
5/17/2022,401391675,2022,LVA,PHO,home,-8,-115,170,-110,86,74,-12,160,1022200026,39,43,0,0,0,0,0,0,0,86,74,-12,82,4,away,home,39,4
5/17/2022,401391676,2022,MIN,LAS,away,7,-110,160,-115,87,84,-3,171,1022200027,40,46,0,1,1,1,1,1,1,84,87,3,86,6,away,away,46,-6
5/17/2022,401391676,2022,LAS,MIN,home,-7,-110,160,-105,84,87,3,171,1022200027,40,46,1,0,0,0,0,0,0,84,87,3,86,6,away,home,40,6
5/18/2018,401018781,2018,DAL,PHO,away,5.5,-110,160.5,-106,78,86,8,164,1021800001,44,42,0,1,0,0,0,0,1,86,78,-8,86,-2,home,away,42,2
5/18/2018,401018781,2018,PHO,DAL,home,-5.5,-110,160.5,-114,86,78,-8,164,1021800001,44,42,1,0,1,1,1,1,0,86,78,-8,86,-2,home,home,44,-2
5/18/2021,401320573,2021,MIN,NYL,away,-5.5,-112,158,-110,75,86,11,161,1022100009,43,45,0,0,1,0,0,0,1,86,75,-11,88,2,away,away,45,-2
5/18/2021,401320573,2021,NYL,MIN,home,5.5,-108,158,-110,86,75,-11,161,1022100009,43,45,1,1,0,1,1,1,0,86,75,-11,88,2,away,home,43,2
5/18/2021,401320574,2021,PHO,WAS,away,-3.5,-109,163,-110,91,70,-21,161,1022100010,37,44,1,1,1,1,1,1,1,70,91,21,81,7,away,away,44,-7
5/18/2021,401320574,2021,WAS,PHO,home,3,-115,163,-110,70,91,21,161,1022100010,37,44,0,0,0,0,0,0,0,70,91,21,81,7,away,home,37,7
5/18/2021,401320575,2021,LVA,SEA,away,1.5,-105,167.5,-115,96,80,-16,176,1022100011,31,45,1,1,1,1,1,1,1,80,96,16,76,14,away,away,45,-14
5/18/2021,401320575,2021,SEA,LVA,home,-1.5,-115,167.5,-110,80,96,16,176,1022100011,31,45,0,0,0,0,0,0,0,80,96,16,76,14,away,home,31,14
5/18/2022,401391677,2022,CHI,SEA,away,1,-110,162,-110,71,74,3,145,1022200028,46,34,0,0,0,0,0,0,0,74,71,-3,80,-12,home,away,34,12
5/18/2022,401391677,2022,SEA,CHI,home,-1,-110,162,-110,74,71,-3,145,1022200028,46,34,1,1,1,1,1,1,1,74,71,-3,80,-12,home,home,46,-12
5/19/2018,401018782,2018,CHI,IND,away,2,-110,153,-110,82,64,-18,146,1021800002,34,36,0,0,1,1,1,1,1,64,82,18,70,2,away,away,36,-2
5/19/2018,401018782,2018,IND,CHI,home,-2,-110,153,-110,64,82,18,146,1021800002,34,36,1,1,0,0,0,0,0,64,82,18,70,2,away,home,34,2
5/19/2021,401320576,2021,CHI,ATL,away,-3.5,-110,163,-110,85,77,-8,162,1022100012,26,46,1,1,1,1,1,1,1,77,85,8,72,20,away,away,46,-20
5/19/2021,401320576,2021,ATL,CHI,home,3.5,-110,163,-110,77,85,8,162,1022100012,26,46,0,0,0,0,0,0,0,77,85,8,72,20,away,home,26,20
5/19/2021,401320577,2021,IND,CON,away,7,-105,161,-110,67,88,21,155,1022100013,50,33,1,1,0,0,0,0,0,88,67,-21,83,-17,home,away,33,17
5/19/2021,401320577,2021,CON,IND,home,-7,-115,161,-110,88,67,-21,155,1022100013,50,33,0,0,1,1,1,1,1,88,67,-21,83,-17,home,home,50,-17
5/19/2022,401391678,2022,MIN,LVA,away,10,-110,168.5,-115,87,93,6,180,1022200029,54,43,0,0,0,0,0,0,0,93,87,-6,97,-11,home,away,43,11
5/19/2022,401391678,2022,LVA,MIN,home,-10,-110,168.5,-105,93,87,-6,180,1022200029,54,43,1,1,1,1,1,1,1,93,87,-6,97,-11,home,home,54,-11
5/19/2022,401391679,2022,DAL,PHO,away,2,-115,159,-110,94,84,-10,178,1022200030,41,44,1,0,1,1,1,1,1,84,94,10,85,3,away,away,44,-3
5/19/2022,401391679,2022,PHO,DAL,home,-2,-105,159,-110,84,94,10,178,1022200030,41,44,0,1,0,0,0,0,0,84,94,10,85,3,away,home,41,3
5/19/2023,401507131,2023,NYL,WAS,away,-2,-116,163.5,-110,64,80,16,144,1022300002,39,26,1,0,0,0,0,0,0,80,64,-16,65,-13,home,away,26,13
5/19/2023,401507131,2023,WAS,NYL,home,2,-104,163.5,-110,80,64,-16,144,1022300002,39,26,0,1,1,1,1,1,1,80,64,-16,65,-13,home,home,39,-13
5/19/2023,401507130,2023,CON,IND,away,-7.5,-110,162,-110,70,61,-9,131,1022300001,28,35,1,1,1,1,1,1,1,61,70,9,63,7,away,away,35,-7
5/19/2023,401507130,2023,IND,CON,home,7.5,-110,162,-110,61,70,9,131,1022300001,28,35,0,0,0,0,0,0,0,61,70,9,63,7,away,home,28,7
5/19/2023,401507132,2023,CHI,MIN,away,5,-110,162.5,-110,77,66,-11,143,1022300003,27,44,0,0,0,1,1,1,1,66,77,11,71,17,away,away,44,-17
5/19/2023,401507132,2023,MIN,CHI,home,-5,-110,162.5,-110,66,77,11,143,1022300003,27,44,1,1,1,0,0,0,0,66,77,11,71,17,away,home,27,17
5/19/2023,401507133,2023,PHO,LAS,away,2.5,-110,156.5,-110,71,94,23,165,1022300004,54,41,1,1,1,1,0,0,0,94,71,-23,95,-13,home,away,41,13
5/19/2023,401507133,2023,LAS,PHO,home,-2.5,-110,156.5,-110,94,71,-23,165,1022300004,54,41,0,0,0,0,1,1,1,94,71,-23,95,-13,home,home,54,-13
5/20/2018,401018783,2018,LVA,CON,away,19,-110,154,-110,65,101,36,166,1021800003,49,37,1,1,1,0,0,0,0,101,65,-36,86,-12,home,away,37,12
5/20/2018,401018783,2018,CON,LVA,home,-19,-110,154,-110,101,65,-36,166,1021800003,49,37,0,0,0,1,1,1,1,101,65,-36,86,-12,home,home,49,-12
5/20/2018,401018784,2018,IND,WAS,away,12.5,-110,153,-110,75,82,7,157,1021800004,38,30,1,0,0,0,0,0,0,82,75,-7,68,-8,home,away,30,8
5/20/2018,401018784,2018,WAS,IND,home,-12.5,-110,153,-110,82,75,-7,157,1021800004,38,30,0,1,1,1,1,1,1,82,75,-7,68,-8,home,home,38,-8
5/20/2018,401018785,2018,ATL,DAL,away,3.5,-110,162,-110,78,101,23,179,1021800005,59,37,1,1,1,0,0,0,0,101,78,-23,96,-22,home,away,37,22
5/20/2018,401018785,2018,DAL,ATL,home,-3.5,-110,162,-110,101,78,-23,179,1021800005,59,37,0,0,0,1,1,1,1,101,78,-23,96,-22,home,home,59,-22
5/20/2018,401018786,2018,LAS,MIN,away,7.5,-110,155,-110,77,76,-1,153,1021800006,38,32,0,0,0,1,1,0,0,76,77,1,70,-6,home,away,32,6
5/20/2018,401018786,2018,MIN,LAS,home,-7.5,-110,155,-110,76,77,1,153,1021800006,38,32,1,1,1,0,0,1,1,76,77,1,70,-6,home,home,38,-6
5/20/2018,401018787,2018,NYL,CHI,away,-6.5,-115,153.5,-110,76,80,4,156,1021800007,38,40,0,0,0,1,1,1,1,80,76,-4,78,2,away,away,40,-2
5/20/2018,401018787,2018,CHI,NYL,home,6.5,-105,153.5,-110,80,76,-4,156,1021800007,38,40,1,1,1,0,0,0,0,80,76,-4,78,2,away,home,38,2
5/20/2018,401018788,2018,PHO,SEA,away,2,-110,156,-110,87,82,-5,169,1021800008,36,46,1,1,1,1,1,1,1,82,87,5,82,10,away,away,46,-10
5/20/2018,401018788,2018,SEA,PHO,home,-2,-110,156,-110,82,87,5,169,1021800008,36,46,0,0,0,0,0,0,0,82,87,5,82,10,away,home,36,10
5/20/2021,401320578,2021,SEA,MIN,away,-4,-110,163.5,-120,90,78,-12,168,1022100014,48,33,0,0,0,0,0,0,0,78,90,12,81,-15,home,away,33,15
5/20/2021,401320578,2021,MIN,SEA,home,4,-110,163.5,100,78,90,12,168,1022100014,48,33,1,1,1,1,1,1,1,78,90,12,81,-15,home,home,48,-15
5/20/2022,401391680,2022,IND,CON,away,16,-110,155.5,-110,85,94,9,179,1022200031,37,35,1,0,1,0,0,1,0,94,85,-9,72,-2,home,away,35,2
5/20/2022,401391680,2022,CON,IND,home,-16,-110,155.5,-110,94,85,-9,179,1022200031,37,35,0,1,0,1,1,0,1,94,85,-9,72,-2,home,home,37,-2
5/20/2022,401391681,2022,WAS,ATL,away,-1.5,-110,158,-110,78,73,-5,151,1022200032,44,44,1,1,0,0,0,0,1,73,78,5,88,0,tie,away,44,-0
5/20/2022,401391681,2022,ATL,WAS,home,1.5,-110,158,-110,73,78,5,151,1022200032,44,44,0,0,1,1,1,1,0,73,78,5,88,0,tie,home,44,0
5/20/2022,401391682,2022,LAS,SEA,away,7,-105,161,-105,80,83,3,163,1022200033,51,41,0,0,0,0,0,0,0,83,80,-3,92,-10,home,away,41,10
5/20/2022,401391682,2022,SEA,LAS,home,-7,-115,161,-115,83,80,-3,163,1022200033,51,41,1,1,1,1,1,1,1,83,80,-3,92,-10,home,home,51,-10
5/20/2023,401507135,2023,ATL,DAL,away,2,-110,161.5,-110,78,85,7,163,1022300006,47,30,0,1,0,0,0,0,0,85,78,-7,77,-17,home,away,30,17
5/20/2023,401507135,2023,DAL,ATL,home,-1.5,-110,161.5,-110,85,78,-7,163,1022300006,47,30,1,0,1,1,1,1,1,85,78,-7,77,-17,home,home,47,-17
5/20/2023,401507134,2023,LVA,SEA,away,-13.5,-110,167.5,-120,105,64,-41,169,1022300005,28,43,1,1,1,1,1,1,1,64,105,41,71,15,away,away,43,-15
5/20/2023,401507134,2023,SEA,LVA,home,13.5,-110,167.5,100,64,105,41,169,1022300005,28,43,0,0,0,0,0,0,0,64,105,41,71,15,away,home,28,15
5/21/2021,401320579,2021,ATL,IND,away,2,-110,162.5,-115,83,79,-4,162,1022100015,34,41,1,1,0,0,0,1,1,79,83,4,75,7,away,away,41,-7
5/21/2021,401320579,2021,IND,ATL,home,-2,-110,162.5,-105,79,83,4,162,1022100015,34,41,0,0,1,1,1,0,0,79,83,4,75,7,away,home,34,7
5/21/2021,401320580,2021,NYL,WAS,away,3,-105,159,-110,72,101,29,173,1022100016,52,46,0,0,0,0,0,0,0,101,72,-29,98,-6,home,away,46,6
5/21/2021,401320580,2021,WAS,NYL,home,-3,-115,159,-110,101,72,-29,173,1022100016,52,46,1,1,1,1,1,1,1,101,72,-29,98,-6,home,home,52,-6
5/21/2021,401320581,2021,CON,PHO,away,2.5,-105,162,-110,84,67,-17,151,1022100017,30,48,1,1,1,1,1,1,1,67,84,17,78,18,away,away,48,-18
5/21/2021,401320581,2021,PHO,CON,home,-2.5,-115,162,-110,67,84,17,151,1022100017,30,48,0,0,0,0,0,0,0,67,84,17,78,18,away,home,30,18
5/21/2021,401320582,2021,LAS,LVA,away,9.5,-110,168.5,-110,69,97,28,166,1022100018,56,36,1,1,0,0,0,0,0,97,69,-28,92,-20,home,away,36,20
5/21/2021,401320582,2021,LVA,LAS,home,-9.5,-110,168.5,-110,97,69,-28,166,1022100018,56,36,0,0,1,1,1,1,1,97,69,-28,92,-20,home,home,56,-20
5/21/2022,401391683,2022,PHO,LVA,away,10.5,-110,169,-110,80,100,20,180,1022200034,44,42,1,1,1,1,1,1,1,100,80,-20,86,-2,home,away,42,2
5/21/2022,401391683,2022,LVA,PHO,home,-10.5,-110,169,-110,100,80,-20,180,1022200034,44,42,0,0,0,0,0,0,0,100,80,-20,86,-2,home,home,44,-2
5/21/2022,401391684,2022,MIN,DAL,away,2,-110,164,-110,78,94,16,172,1022200035,43,45,0,1,1,1,1,1,1,94,78,-16,88,2,away,away,45,-2
5/21/2022,401391684,2022,DAL,MIN,home,-2,-110,164,-110,94,78,-16,172,1022200035,43,45,1,0,0,0,0,0,0,94,78,-16,88,2,away,home,43,2
5/21/2023,401507136,2023,WAS,CON,away,-0.5,-125,159,-110,74,80,6,154,1022300007,34,38,1,1,1,1,1,1,1,80,74,-6,72,4,away,away,38,-4
5/21/2023,401507136,2023,CON,WAS,home,-0.5,105,159,-110,80,74,-6,154,1022300007,34,38,0,0,0,0,0,0,0,80,74,-6,72,4,away,home,34,4
5/21/2023,401507137,2023,IND,NYL,away,16.5,-110,159.5,-110,73,90,17,163,1022300008,62,35,0,0,0,0,0,0,0,90,73,-17,97,-27,home,away,35,27
5/21/2023,401507137,2023,NYL,IND,home,-16.5,-110,159.5,-110,90,73,-17,163,1022300008,62,35,1,1,1,1,1,1,1,90,73,-17,97,-27,home,home,62,-27
5/21/2023,401507138,2023,CHI,PHO,away,4,-110,160,-110,75,69,-6,144,1022300009,35,41,1,1,1,1,1,1,1,69,75,6,76,6,away,away,41,-6
5/21/2023,401507138,2023,PHO,CHI,home,-4,-110,160,-110,69,75,6,144,1022300009,35,41,0,0,0,0,0,0,0,69,75,6,76,6,away,home,35,6
5/22/2018,401018790,2018,LVA,WAS,away,18.5,-110,155,-110,70,75,5,145,1021800010,23,31,1,1,1,1,1,1,1,75,70,-5,54,8,away,away,31,-8
5/22/2018,401018790,2018,WAS,LVA,home,-18.5,-110,155,-110,75,70,-5,145,1021800010,23,31,0,0,0,0,0,0,0,75,70,-5,54,8,away,home,23,8
5/22/2018,401018789,2018,LAS,IND,away,-8.5,-105,150,-120,87,70,-17,157,1021800009,36,50,1,1,1,1,1,1,1,70,87,17,86,14,away,away,50,-14
5/22/2018,401018789,2018,IND,LAS,home,8.5,-115,150,100,70,87,17,157,1021800009,36,50,0,0,0,0,0,0,0,70,87,17,86,14,away,home,36,14
5/22/2021,401320583,2021,SEA,DAL,away,-7.5,-110,170,-110,100,97,-3,197,1022100019,45,44,1,1,1,1,1,1,1,97,100,3,89,-1,home,away,44,1
5/22/2021,401320583,2021,DAL,SEA,home,7.5,-110,170,-110,97,100,3,197,1022100019,45,44,0,0,0,0,0,0,0,97,100,3,89,-1,home,home,45,-1
5/22/2022,401391685,2022,CON,IND,away,-13,-110,161.5,-110,92,70,-22,162,1022200036,41,54,1,1,1,1,1,1,1,70,92,22,95,13,away,away,54,-13
5/22/2022,401391685,2022,IND,CON,home,13,-110,161.5,-110,70,92,22,162,1022200036,41,54,0,0,0,0,0,0,0,70,92,22,95,13,away,home,41,13
5/22/2022,401391686,2022,CHI,WAS,away,1.5,-110,162,-110,82,73,-9,155,1022200037,42,38,0,0,1,1,1,0,0,73,82,9,80,-4,home,away,38,4
5/22/2022,401391686,2022,WAS,CHI,home,-1.5,-110,162,-110,73,82,9,155,1022200037,42,38,1,1,0,0,0,1,1,73,82,9,80,-4,home,home,42,-4
5/23/2018,401018791,2018,ATL,CHI,away,-1.5,-115,162.5,-128,81,63,-18,144,1021800011,27,39,1,1,1,1,1,1,1,63,81,18,66,12,away,away,39,-12
5/23/2018,401018791,2018,CHI,ATL,home,1.5,-105,162.5,108,63,81,18,144,1021800011,27,39,0,0,0,0,0,0,0,63,81,18,66,12,away,home,27,12
5/23/2018,401018792,2018,DAL,MIN,away,13,-115,164,-110,68,76,8,144,1021800012,46,21,0,0,0,0,0,0,0,76,68,-8,67,-25,home,away,21,25
5/23/2018,401018792,2018,MIN,DAL,home,-13,-105,164,-110,76,68,-8,144,1021800012,46,21,1,1,1,1,1,1,1,76,68,-8,67,-25,home,home,46,-25
5/23/2018,401018793,2018,SEA,PHO,away,5.5,-105,157,-110,87,71,-16,158,1021800013,33,46,0,0,0,0,1,1,1,71,87,16,79,13,away,away,46,-13
5/23/2018,401018793,2018,PHO,SEA,home,-5.5,-115,157,-110,71,87,16,158,1021800013,33,46,1,1,1,1,0,0,0,71,87,16,79,13,away,home,33,13
5/23/2021,401320585,2021,WAS,IND,away,-2.5,-110,161,-110,77,89,12,166,1022100021,42,39,0,0,0,0,0,0,0,89,77,-12,81,-3,home,away,39,3
5/23/2021,401320585,2021,IND,WAS,home,2.5,-110,161,-110,89,77,-12,166,1022100021,42,39,1,1,1,1,1,1,1,89,77,-12,81,-3,home,home,42,-3
5/23/2021,401320584,2021,NYL,CHI,away,5.5,-110,165,-110,93,85,-8,178,1022100020,52,52,0,0,0,1,0,0,0,85,93,8,104,0,tie,away,52,-0
5/23/2021,401320584,2021,CHI,NYL,home,-5.5,-110,165,-110,85,93,8,178,1022100020,52,52,1,1,1,0,1,1,1,85,93,8,104,0,tie,home,52,0
5/23/2021,401320586,2021,CON,LVA,away,6,-115,162,-110,72,65,-7,137,1022100022,33,27,1,1,1,0,0,0,1,65,72,7,60,-6,home,away,27,6
5/23/2021,401320586,2021,LVA,CON,home,-6,-106,162,-110,65,72,7,137,1022100022,33,27,0,0,0,1,1,1,0,65,72,7,60,-6,home,home,33,-6
5/23/2022,401391687,2022,LAS,LVA,away,10.5,-110,171,-110,76,104,28,180,1022200038,57,36,0,0,0,0,0,0,0,104,76,-28,93,-21,home,away,36,21
5/23/2022,401391687,2022,LVA,LAS,home,-10.5,-110,171,-110,104,76,-28,180,1022200038,57,36,1,1,1,1,1,1,1,104,76,-28,93,-21,home,home,57,-21
5/23/2023,401507139,2023,CON,WAS,away,5,-110,158.5,-110,88,81,-7,169,1022300010,42,43,0,0,1,1,1,1,1,81,88,7,85,1,away,away,43,-1
5/23/2023,401507139,2023,WAS,CON,home,-5,-110,158.5,-110,81,88,7,169,1022300010,42,43,1,1,0,0,0,0,0,81,88,7,85,1,away,home,42,1
5/23/2023,401507140,2023,ATL,MIN,away,1.5,-110,162,-110,83,77,-6,160,1022300011,47,40,0,0,0,0,0,0,0,77,83,6,87,-7,home,away,40,7
5/23/2023,401507140,2023,MIN,ATL,home,-1.5,-110,162,-110,77,83,6,160,1022300011,47,40,1,1,1,1,1,1,1,77,83,6,87,-7,home,home,47,-7
5/24/2018,401018795,2018,WAS,IND,away,-5,-115,154.5,-110,93,84,-9,177,1021800015,44,51,0,0,0,0,0,1,1,84,93,9,95,7,away,away,51,-7
5/24/2018,401018795,2018,IND,WAS,home,5,-105,154.5,-110,84,93,9,177,1021800015,44,51,1,1,1,1,1,0,0,84,93,9,95,7,away,home,44,7
5/24/2018,401018794,2018,LAS,CON,away,4.5,-110,162.5,-110,94,102,8,196,1021800014,46,47,1,0,0,1,1,1,1,102,94,-8,93,1,away,away,47,-1
5/24/2018,401018794,2018,CON,LAS,home,-4.5,-110,162.5,-110,102,94,-8,196,1021800014,46,47,0,1,1,0,0,0,0,102,94,-8,93,1,away,home,46,1
5/24/2019,401104913,2019,DAL,ATL,away,10.5,-105,156,-110,72,76,4,148,1021900001,34,39,0,0,0,1,1,1,1,76,72,-4,73,5,away,away,39,-5
5/24/2019,401104913,2019,ATL,DAL,home,-10.5,-115,156,-110,76,72,-4,148,1021900001,34,39,1,1,1,0,0,0,0,76,72,-4,73,5,away,home,34,5
5/24/2019,401104914,2019,IND,NYL,away,3.5,-110,158.5,-110,81,80,-1,161,1021900002,33,39,0,0,0,0,1,1,1,80,81,1,72,6,away,away,39,-6
5/24/2019,401104914,2019,NYL,IND,home,-3.5,-110,158.5,-110,80,81,1,161,1021900002,33,39,1,1,1,1,0,0,0,80,81,1,72,6,away,home,33,6
5/24/2021,401320588,2021,DAL,NYL,away,1,-115,170,-110,81,88,7,169,1022100024,39,39,0,1,1,1,1,1,0,88,81,-7,78,0,tie,away,39,-0
5/24/2021,401320588,2021,NYL,DAL,home,-1,-105,170,-110,88,81,-7,169,1022100024,39,39,1,0,0,0,0,0,1,88,81,-7,78,0,tie,home,39,0
5/24/2022,401391689,2022,ATL,WAS,away,8.5,-110,157.5,-110,50,70,20,120,1022200040,34,25,0,0,0,0,0,0,0,70,50,-20,59,-9,home,away,25,9
5/24/2022,401391689,2022,WAS,ATL,home,-8.5,-110,157.5,-110,70,50,-20,120,1022200040,34,25,1,1,1,1,1,1,1,70,50,-20,59,-9,home,home,34,-9
5/24/2022,401391688,2022,DAL,CON,away,8,-110,160,-110,85,77,-8,162,1022200039,39,27,0,0,0,0,0,0,0,77,85,8,66,-12,home,away,27,12
5/24/2022,401391688,2022,CON,DAL,home,-8,-110,160,-110,77,85,8,162,1022200039,39,27,1,1,1,1,1,1,1,77,85,8,66,-12,home,home,39,-12
5/24/2022,401391690,2022,IND,CHI,away,13,-105,162.5,-110,90,95,5,185,1022200041,42,49,0,0,0,0,0,0,0,95,90,-5,91,7,away,away,49,-7
5/24/2022,401391690,2022,CHI,IND,home,-13,-115,162.5,-110,95,90,-5,185,1022200041,42,49,1,1,1,1,1,1,1,95,90,-5,91,7,away,home,42,7
5/24/2022,401391691,2022,NYL,MIN,away,5,-110,160.5,-110,78,84,6,162,1022200042,45,42,0,0,0,0,0,0,0,84,78,-6,87,-3,home,away,42,3
5/24/2022,401391691,2022,MIN,NYL,home,-5,-110,160.5,-110,84,78,-6,162,1022200042,45,42,1,1,1,1,1,1,1,84,78,-6,87,-3,home,home,45,-3
5/25/2018,401018796,2018,MIN,NYL,away,-7.5,-110,153,-110,78,72,-6,150,1021800016,36,41,0,0,1,1,0,1,1,72,78,6,77,5,away,away,41,-5
5/25/2018,401018796,2018,NYL,MIN,home,7.5,-110,153,-110,72,78,6,150,1021800016,36,41,1,1,0,0,1,0,0,72,78,6,77,5,away,home,36,5
5/25/2018,401018797,2018,CHI,SEA,away,10,-110,158.5,-115,91,95,4,186,1021800017,41,44,0,1,1,1,1,1,1,95,91,-4,85,3,away,away,44,-3
5/25/2018,401018797,2018,SEA,CHI,home,-10,-110,158.5,-105,95,91,-4,186,1021800017,41,44,1,0,0,0,0,0,0,95,91,-4,85,3,away,home,41,3
5/25/2019,401104915,2019,PHO,SEA,away,-3.5,-115,158,-110,68,77,9,145,1021900003,32,32,0,1,1,1,1,0,0,77,68,-9,64,0,tie,away,32,-0
5/25/2019,401104915,2019,SEA,PHO,home,3.5,-105,158,-110,77,68,-9,145,1021900003,32,32,1,0,0,0,0,1,1,77,68,-9,64,0,tie,home,32,0
5/25/2019,401104916,2019,WAS,CON,away,5.5,-110,166.5,-110,69,84,15,153,1021900004,44,41,1,0,0,0,0,1,0,84,69,-15,85,-3,home,away,41,3
5/25/2019,401104916,2019,CON,WAS,home,-5.5,-110,166.5,-110,84,69,-15,153,1021900004,44,41,0,1,1,1,1,0,1,84,69,-15,85,-3,home,home,44,-3
5/25/2019,401104917,2019,CHI,MIN,away,4,-110,162,-110,71,89,18,160,1021900005,46,40,0,0,1,1,0,0,0,89,71,-18,86,-6,home,away,40,6
5/25/2019,401104917,2019,MIN,CHI,home,-4,-110,161.5,102,89,71,-18,160,1021900005,46,40,1,1,0,0,1,1,1,89,71,-18,86,-6,home,home,46,-6
5/25/2021,401320587,2021,WAS,IND,away,-2.5,-110,161,-110,85,69,-16,154,1022100023,35,49,1,1,1,1,1,1,1,69,85,16,84,14,away,away,49,-14
5/25/2021,401320587,2021,IND,WAS,home,2.5,-110,161,-110,69,85,16,154,1022100023,35,49,0,0,0,0,0,0,0,69,85,16,84,14,away,home,35,14
5/25/2021,401320589,2021,ATL,CHI,away,6,-105,169.5,-112,90,83,-7,173,1022100025,33,43,1,1,1,1,1,1,1,83,90,7,76,10,away,away,43,-10
5/25/2021,401320589,2021,CHI,ATL,home,-6,-115,169,-110,83,90,7,173,1022100025,33,43,0,0,0,0,0,0,0,83,90,7,76,10,away,home,33,10
5/25/2021,401320590,2021,CON,SEA,away,3.5,-110,161.5,-110,87,90,3,177,1022100026,46,40,0,0,0,0,0,0,1,90,87,-3,86,-6,home,away,40,6
5/25/2021,401320590,2021,SEA,CON,home,-3.5,-110,161.5,-110,90,87,-3,177,1022100026,46,40,1,1,1,1,1,1,0,90,87,-3,86,-6,home,home,46,-6
5/25/2022,401391692,2022,PHO,LAS,away,2.5,-110,164,-115,94,99,5,193,1022200043,56,45,1,1,1,0,0,0,0,99,94,-5,101,-11,home,away,45,11
5/25/2022,401391692,2022,LAS,PHO,home,-2.5,-110,164,-105,99,94,-5,193,1022200043,56,45,0,0,0,1,1,1,1,99,94,-5,101,-11,home,home,56,-11
5/25/2023,401507142,2023,MIN,PHO,away,5,-110,160,-110,81,90,9,171,1022300013,57,40,0,0,0,0,0,0,0,90,81,-9,97,-17,home,away,40,17
5/25/2023,401507142,2023,PHO,MIN,home,-5,-110,160,-110,90,81,-9,171,1022300013,57,40,1,1,1,1,1,1,1,90,81,-9,97,-17,home,home,57,-17
5/25/2023,401507141,2023,LVA,LAS,away,-15.5,-110,169.5,-110,94,85,-9,179,1022300012,46,36,0,0,0,0,0,0,0,85,94,9,82,-10,home,away,36,10
5/25/2023,401507141,2023,LAS,LVA,home,15.5,-110,169.5,-110,85,94,9,179,1022300012,46,36,1,1,1,1,1,1,1,85,94,9,82,-10,home,home,46,-10
5/26/2018,401018798,2018,DAL,ATL,away,4,-110,167,-110,78,70,-8,148,1021800018,31,39,0,1,1,1,1,1,1,70,78,8,70,8,away,away,39,-8
5/26/2018,401018798,2018,ATL,DAL,home,-4,-110,167,-110,70,78,8,148,1021800018,31,39,1,0,0,0,0,0,0,70,78,8,70,8,away,home,31,8
5/26/2018,401018799,2018,IND,CON,away,17,-110,163.5,-110,77,86,9,163,1021800019,47,38,0,0,0,0,0,0,0,86,77,-9,85,-9,home,away,38,9
5/26/2018,401018799,2018,CON,IND,home,-17,-110,163.5,-110,86,77,-9,163,1021800019,47,38,1,1,1,1,1,1,1,86,77,-9,85,-9,home,home,47,-9
5/26/2019,401104918,2019,LAS,LVA,away,2.5,-110,162,-110,70,83,13,153,1021900006,45,31,1,1,0,0,0,0,0,83,70,-13,76,-14,home,away,31,14
5/26/2019,401104918,2019,LVA,LAS,home,-2.5,-110,162,-110,83,70,-13,153,1021900006,45,31,0,0,1,1,1,1,1,83,70,-13,76,-14,home,home,45,-14
5/26/2021,401320591,2021,LVA,PHO,away,-6,-110,167,-110,85,79,-6,164,1022100027,44,45,1,1,1,1,1,1,1,79,85,6,89,1,away,away,45,-1
5/26/2021,401320591,2021,PHO,LVA,home,6,-110,167,-110,79,85,6,164,1022100027,44,45,0,0,0,0,0,0,0,79,85,6,89,1,away,home,44,1
5/26/2022,401391693,2022,DAL,CON,away,8.5,-110,160.5,-110,68,99,31,167,1022200044,47,35,0,0,0,0,0,0,0,99,68,-31,82,-12,home,away,35,12
5/26/2022,401391693,2022,CON,DAL,home,-8.5,-110,160.5,-110,99,68,-31,167,1022200044,47,35,1,1,1,1,1,1,1,99,68,-31,82,-12,home,home,47,-12
5/26/2023,401507143,2023,WAS,CHI,away,-5,-110,157,-110,71,69,-2,140,1022300014,34,40,0,1,0,1,1,1,1,69,71,2,74,6,away,away,40,-6
5/26/2023,401507143,2023,CHI,WAS,home,5,-110,157,-110,69,71,2,140,1022300014,34,40,1,0,1,0,0,0,0,69,71,2,74,6,away,home,34,6
5/26/2023,401507144,2023,DAL,SEA,away,-4.5,-110,161,-110,95,91,-4,186,1022300015,41,52,0,0,1,1,1,1,1,91,95,4,93,11,away,away,52,-11
5/26/2023,401507144,2023,SEA,DAL,home,4,-110,161,-110,91,95,4,186,1022300015,41,52,1,1,0,0,0,0,0,91,95,4,93,11,away,home,41,11
5/27/2018,401018800,2018,MIN,WAS,away,-5,-110,158.5,-110,78,90,12,168,1021800020,46,39,1,1,1,1,1,0,0,90,78,-12,85,-7,home,away,39,7
5/27/2018,401018800,2018,WAS,MIN,home,5,-110,158.5,-110,90,78,-12,168,1021800020,46,39,0,0,0,0,0,1,1,90,78,-12,85,-7,home,home,46,-7
5/27/2018,401018801,2018,PHO,LAS,away,7.5,-110,159,-110,72,80,8,152,1021800021,48,40,1,1,0,0,0,0,0,80,72,-8,88,-8,home,away,40,8
5/27/2018,401018801,2018,LAS,PHO,home,-7.5,-110,159,-110,80,72,-8,152,1021800021,48,40,0,0,1,1,1,1,1,80,72,-8,88,-8,home,home,48,-8
5/27/2018,401018802,2018,SEA,LVA,away,-6.5,-110,164.5,-110,105,98,-7,203,1021800022,35,53,0,1,1,1,1,1,1,98,105,7,88,18,away,away,53,-18
5/27/2018,401018802,2018,LVA,SEA,home,6.5,-110,164.5,-110,98,105,7,203,1021800022,35,53,1,0,0,0,0,0,0,98,105,7,88,18,away,home,35,18
5/27/2021,401320592,2021,DAL,ATL,away,-1,-110,167.5,-110,95,101,6,196,1022100028,53,47,0,0,1,1,0,0,0,101,95,-6,100,-6,home,away,47,6
5/27/2021,401320592,2021,ATL,DAL,home,1,-110,167.5,-110,101,95,-6,196,1022100028,53,47,1,1,0,0,1,1,1,101,95,-6,100,-6,home,home,53,-6
5/27/2022,401391694,2022,LAS,IND,away,-6,-115,168,-110,96,101,5,197,1022200045,55,47,0,1,0,0,0,0,0,101,96,-5,102,-8,home,away,47,8
5/27/2022,401391694,2022,IND,LAS,home,6,-105,168,-110,101,96,-5,197,1022200045,55,47,1,0,1,1,1,1,1,101,96,-5,102,-8,home,home,55,-8
5/27/2022,401391695,2022,NYL,SEA,away,8.5,-110,156,-110,71,79,8,150,1022200046,34,24,1,0,0,0,0,0,0,79,71,-8,58,-10,home,away,24,10
5/27/2022,401391695,2022,SEA,NYL,home,-8.5,-110,156,-110,79,71,-8,150,1022200046,34,24,0,1,1,1,1,1,1,79,71,-8,58,-10,home,home,34,-10
5/27/2023,401507145,2023,CON,NYL,away,6.5,-110,165,-110,65,81,16,146,1022300016,32,38,1,1,1,1,1,1,1,81,65,-16,70,6,away,away,38,-6
5/27/2023,401507145,2023,NYL,CON,home,-6.5,-110,165,-110,81,65,-16,146,1022300016,32,38,0,0,0,0,0,0,0,81,65,-16,70,6,away,home,32,6
5/27/2023,401507146,2023,LAS,LVA,away,15.5,-110,171,-110,65,93,28,158,1022300017,59,28,0,0,0,0,0,0,0,93,65,-28,87,-31,home,away,28,31
5/27/2023,401507146,2023,LVA,LAS,home,-15.5,-110,171,-110,93,65,-28,158,1022300017,59,28,1,1,1,1,1,1,1,93,65,-28,87,-31,home,home,59,-31
5/28/2019,401104919,2019,IND,CON,away,9.5,-110,163.5,-115,77,88,11,165,1021900007,40,37,0,0,0,0,0,0,0,88,77,-11,77,-3,home,away,37,3
5/28/2019,401104919,2019,CON,IND,home,-9.5,-110,162.5,-105,88,77,-11,165,1021900007,40,37,1,1,1,1,1,1,1,88,77,-11,77,-3,home,home,40,-3
5/28/2021,401320593,2021,WAS,CON,away,7.5,-105,156,-110,81,86,5,167,1022100029,44,47,1,1,1,1,1,1,0,86,81,-5,91,3,away,away,47,-3
5/28/2021,401320593,2021,CON,WAS,home,-7.5,-115,156,-110,86,81,-5,167,1022100029,44,47,0,0,0,0,0,0,1,86,81,-5,91,3,away,home,44,3
5/28/2021,401320594,2021,LAS,CHI,away,4,-110,170.5,-110,76,61,-15,137,1022100030,33,38,0,0,1,1,1,1,1,61,76,15,71,5,away,away,38,-5
5/28/2021,401320594,2021,CHI,LAS,home,-4,-110,170.5,-110,61,76,15,137,1022100030,33,38,1,1,0,0,0,0,0,61,76,15,71,5,away,home,33,5
5/28/2021,401320595,2021,MIN,SEA,away,6,-115,166,-110,72,82,10,154,1022100031,58,36,0,0,0,0,0,0,0,82,72,-10,94,-22,home,away,36,22
5/28/2021,401320595,2021,SEA,MIN,home,-6,-105,166,-110,82,72,-10,154,1022100031,58,36,1,1,1,1,1,1,1,82,72,-10,94,-22,home,home,58,-22
5/28/2021,401320596,2021,IND,LVA,away,11.5,-110,165.5,-110,77,113,36,190,1022100032,59,47,0,0,0,0,0,0,0,113,77,-36,106,-12,home,away,47,12
5/28/2021,401320596,2021,LVA,IND,home,-11.5,-110,165.5,-110,113,77,-36,190,1022100032,59,47,1,1,1,1,1,1,1,113,77,-36,106,-12,home,home,59,-12
5/28/2022,401391696,2022,LVA,CHI,away,-1,-110,172.5,-110,83,76,-7,159,1022200047,38,51,1,1,1,1,1,1,1,76,83,7,89,13,away,away,51,-13
5/28/2022,401391696,2022,CHI,LVA,home,1,-110,172.5,-110,76,83,7,159,1022200047,38,51,0,0,0,0,0,0,0,76,83,7,89,13,away,home,38,13
5/28/2022,401391697,2022,WAS,CON,away,10,-115,154,-115,71,79,8,150,1022200048,41,37,1,0,1,0,0,0,0,79,71,-8,78,-4,home,away,37,4
5/28/2022,401391697,2022,CON,WAS,home,-10,-105,154,-105,79,71,-8,150,1022200048,41,37,0,1,0,1,1,1,1,79,71,-8,78,-4,home,home,41,-4
5/28/2023,401507147,2023,IND,ATL,away,6.5,109,159.5,-110,90,87,-3,177,1022300018,47,41,0,0,0,0,0,0,0,87,90,3,88,-6,home,away,41,6
5/28/2023,401507147,2023,ATL,IND,home,-6.5,-129,159.5,-110,87,90,3,177,1022300018,47,41,1,1,1,1,1,1,1,87,90,3,88,-6,home,home,47,-6
5/28/2023,401507148,2023,DAL,CHI,away,3,-110,161.5,-110,88,94,6,182,1022300019,49,45,0,0,0,1,0,0,0,94,88,-6,94,-4,home,away,45,4
5/28/2023,401507148,2023,CHI,DAL,home,-3,-110,161.5,-110,94,88,-6,182,1022300019,49,45,1,1,1,0,1,1,1,94,88,-6,94,-4,home,home,49,-4
5/28/2023,401507149,2023,MIN,LVA,away,14.5,105,170.5,-110,73,94,21,167,1022300020,50,38,1,0,0,0,0,0,0,94,73,-21,88,-12,home,away,38,12
5/28/2023,401507149,2023,LVA,MIN,home,-14.5,-125,170,-115,94,73,-21,167,1022300020,50,38,0,1,1,1,1,1,1,94,73,-21,88,-12,home,home,50,-12
5/29/2018,401018804,2018,DAL,NYL,away,2.5,-115,161,-110,89,94,5,183,1021800024,37,46,1,1,1,1,1,1,1,94,89,-5,83,9,away,away,46,-9
5/29/2018,401018804,2018,NYL,DAL,home,-2.5,-105,161,-110,94,89,-5,183,1021800024,37,46,0,0,0,0,0,0,0,94,89,-5,83,9,away,home,37,9
5/29/2018,401018803,2018,MIN,ATL,away,-6,-110,156.5,-135,74,76,2,150,1021800023,31,34,1,1,1,1,1,1,1,76,74,-2,65,3,away,away,34,-3
5/29/2018,401018803,2018,ATL,MIN,home,6,-110,156.5,115,76,74,-2,150,1021800023,31,34,0,0,0,0,0,0,0,76,74,-2,65,3,away,home,31,3
5/29/2018,401018805,2018,WAS,SEA,away,7,-110,163,-110,77,81,4,158,1021800025,41,39,0,0,0,0,0,0,0,81,77,-4,80,-2,home,away,39,2
5/29/2018,401018805,2018,SEA,WAS,home,-7,-110,163,-110,81,77,-4,158,1021800025,41,39,1,1,1,1,1,1,1,81,77,-4,80,-2,home,home,41,-2
5/29/2019,401104920,2019,SEA,MIN,away,4.5,-110,152.5,-110,61,72,11,133,1021900008,39,24,0,0,0,0,0,0,0,72,61,-11,63,-15,home,away,24,15
5/29/2019,401104920,2019,MIN,SEA,home,-4.5,-110,151.5,-110,72,61,-11,133,1021900008,39,24,1,1,1,1,1,1,1,72,61,-11,63,-15,home,home,39,-15
5/29/2021,401320597,2021,ATL,NYL,away,2,-110,169,-110,90,87,-3,177,1022100033,45,49,0,1,1,1,1,1,1,87,90,3,94,4,away,away,49,-4
5/29/2021,401320597,2021,NYL,ATL,home,-2,-110,169,-110,87,90,3,177,1022100033,45,49,1,0,0,0,0,0,0,87,90,3,94,4,away,home,45,4
5/29/2021,401320598,2021,PHO,DAL,away,-1,-110,168.5,-110,89,85,-4,174,1022100034,37,44,1,1,1,1,1,1,1,85,89,4,81,7,away,away,44,-7
5/29/2021,401320598,2021,DAL,PHO,home,1,-110,168.5,-110,85,89,4,174,1022100034,37,44,0,0,0,0,0,0,0,85,89,4,81,7,away,home,37,7
5/29/2022,401391698,2022,PHO,ATL,away,-1.5,-110,162.5,-105,54,81,27,135,1022200049,50,23,1,0,0,0,0,0,0,81,54,-27,73,-27,home,away,23,27
5/29/2022,401391698,2022,ATL,PHO,home,1.5,-110,162.5,-115,81,54,-27,135,1022200049,50,23,0,1,1,1,1,1,1,81,54,-27,73,-27,home,home,50,-27
5/29/2022,401391699,2022,NYL,SEA,away,7.5,-110,152,-110,61,92,31,153,1022200050,49,23,0,0,0,0,0,0,0,92,61,-31,72,-26,home,away,23,26
5/29/2022,401391699,2022,SEA,NYL,home,-7.5,-110,152,-110,92,61,-31,153,1022200050,49,23,1,1,1,1,1,1,1,92,61,-31,72,-26,home,home,49,-26
5/29/2022,401391700,2022,LAS,MIN,away,2,-110,169,-105,85,83,-2,168,1022200051,34,45,1,1,1,1,1,1,1,83,85,2,79,11,away,away,45,-11
5/29/2022,401391700,2022,MIN,LAS,home,-2,-110,169,-115,83,85,2,168,1022200051,34,45,0,0,0,0,0,0,0,83,85,2,79,11,away,home,34,11
5/30/2018,401018806,2018,WAS,PHO,away,8.5,-110,160,-110,103,95,-8,198,1021800026,43,49,0,1,1,0,0,1,1,95,103,8,92,6,away,away,49,-6
5/30/2018,401018806,2018,PHO,WAS,home,-8.5,-110,160,-110,95,103,8,198,1021800026,43,49,1,0,0,1,1,0,0,95,103,8,92,6,away,home,43,6
5/30/2021,401320599,2021,LAS,CHI,away,3,-110,165,-110,82,79,-3,161,1022100035,37,37,0,0,0,0,0,1,0,79,82,3,74,0,tie,away,37,-0
5/30/2021,401320599,2021,CHI,LAS,home,-3,-110,165,-110,79,82,3,161,1022100035,37,37,1,1,1,1,1,0,1,79,82,3,74,0,tie,home,37,0
5/30/2021,401320600,2021,IND,LVA,away,13.5,-110,168.5,-110,78,101,23,179,1022100036,48,29,0,0,0,0,0,0,0,101,78,-23,77,-19,home,away,29,19
5/30/2021,401320600,2021,LVA,IND,home,-13.5,-110,168.5,-110,101,78,-23,179,1022100036,48,29,1,1,1,1,1,1,1,101,78,-23,77,-19,home,home,48,-19
5/30/2021,401320601,2021,CON,MIN,away,-2.5,-110,156.5,-110,74,79,5,153,1022100037,33,37,1,1,1,1,1,1,1,79,74,-5,70,4,away,away,37,-4
5/30/2021,401320601,2021,MIN,CON,home,2.5,-110,156.5,-110,79,74,-5,153,1022100037,33,37,0,0,0,0,0,0,0,79,74,-5,70,4,away,home,33,4
5/30/2023,401507150,2023,CHI,ATL,away,3.5,-110,162.5,-110,65,83,18,148,1022300021,40,25,0,0,0,0,0,0,0,83,65,-18,65,-15,home,away,25,15
5/30/2023,401507150,2023,ATL,CHI,home,-3.5,-110,162.5,-110,83,65,-18,148,1022300021,40,25,1,1,1,1,1,1,1,83,65,-18,65,-15,home,home,40,-15
5/30/2023,401507151,2023,IND,CON,away,12,-102,158,-120,78,81,3,159,1022300022,38,34,0,0,0,1,1,0,0,81,78,-3,72,-4,home,away,34,4
5/30/2023,401507151,2023,CON,IND,home,-12,-118,158,100,81,78,-3,159,1022300022,38,34,1,1,1,0,0,1,1,81,78,-3,72,-4,home,home,38,-4
5/30/2023,401507153,2023,NYL,SEA,away,-14.5,-110,163,-110,86,78,-8,164,1022300024,39,46,1,1,1,1,1,0,1,78,86,8,85,7,away,away,46,-7
5/30/2023,401507153,2023,SEA,NYL,home,14.5,-110,163,-110,78,86,8,164,1022300024,39,46,0,0,0,0,0,1,0,78,86,8,85,7,away,home,39,7
5/30/2023,401507152,2023,MIN,DAL,away,6,-105,169,-116,89,94,5,183,1022300023,52,46,1,1,1,1,1,1,0,94,89,-5,98,-6,home,away,46,6
5/30/2023,401507152,2023,DAL,MIN,home,-6,-115,169,-104,94,89,-5,183,1022300023,52,46,0,0,0,0,0,0,1,94,89,-5,98,-6,home,home,52,-6
5/31/2018,401018807,2018,LVA,SEA,away,11,-110,171,-110,74,101,27,175,1021800027,60,32,0,0,0,0,0,0,0,101,74,-27,92,-28,home,away,32,28
5/31/2018,401018807,2018,SEA,LVA,home,-11,-110,171,-110,101,74,-27,175,1021800027,60,32,1,1,1,1,1,1,1,101,74,-27,92,-28,home,home,60,-28
5/31/2019,401104921,2019,SEA,ATL,away,6.5,-110,148.5,-110,82,66,-16,148,1021900009,27,45,1,1,1,1,1,1,1,66,82,16,72,18,away,away,45,-18
5/31/2019,401104921,2019,ATL,SEA,home,-6.5,-110,148.5,-110,66,82,16,148,1021900009,27,45,0,0,0,0,0,0,0,66,82,16,72,18,away,home,27,18
5/31/2019,401104922,2019,LVA,PHO,away,-2.5,-110,165,-110,84,86,2,170,1021900010,42,43,0,0,0,1,1,1,1,86,84,-2,85,1,away,away,43,-1
5/31/2019,401104922,2019,PHO,LVA,home,2.5,-110,165,-110,86,84,-2,170,1021900010,42,43,1,1,1,0,0,0,0,86,84,-2,85,1,away,home,42,1
5/31/2019,401104923,2019,CON,LAS,away,-2.5,-115,164,-110,70,77,7,147,1021900011,38,31,0,0,0,0,0,0,0,77,70,-7,69,-7,home,away,31,7
5/31/2019,401104923,2019,LAS,CON,home,2.5,-105,164.5,-110,77,70,-7,147,1021900011,38,31,1,1,1,1,1,1,1,77,70,-7,69,-7,home,home,38,-7
5/31/2022,401391701,2022,WAS,IND,away,-7.5,-105,165,-110,87,75,-12,162,1022200052,46,38,0,0,0,1,0,0,0,75,87,12,84,-8,home,away,38,8
5/31/2022,401391701,2022,IND,WAS,home,7.5,-115,165,-110,75,87,12,162,1022200052,46,38,1,1,1,0,1,1,1,75,87,12,84,-8,home,home,46,-8
5/31/2022,401391702,2022,PHO,CHI,away,8.5,-110,166.5,-110,70,73,3,143,1022200053,35,28,0,0,0,0,0,0,0,73,70,-3,63,-7,home,away,28,7
5/31/2022,401391702,2022,CHI,PHO,home,-8.5,-110,166.5,-110,73,70,-3,143,1022200053,35,28,1,1,1,1,1,1,1,73,70,-3,63,-7,home,home,35,-7
5/31/2022,401391703,2022,CON,LVA,away,3.5,-110,167.5,-110,81,89,8,170,1022200054,50,42,0,1,0,0,0,0,0,89,81,-8,92,-8,home,away,42,8
5/31/2022,401391703,2022,LVA,CON,home,-3.5,-110,167.5,-110,89,81,-8,170,1022200054,50,42,1,0,1,1,1,1,1,89,81,-8,92,-8,home,home,50,-8
5/31/2022,401391704,2022,DAL,LAS,away,-1.5,-110,169.5,-110,91,93,2,184,1022200055,52,40,0,0,0,0,0,0,0,93,91,-2,92,-12,home,away,40,12
5/31/2022,401391704,2022,LAS,DAL,home,1.5,-110,169.5,-110,93,91,-2,184,1022200055,52,40,1,1,1,1,1,1,1,93,91,-2,92,-12,home,home,52,-12
5/6/2022,401391650,2022,IND,WAS,away,9,-110,162,-110,70,84,14,154,1022200001,50,31,1,0,0,0,0,0,0,84,70,-14,81,-19,home,away,31,19
5/6/2022,401391650,2022,WAS,IND,home,-9,-110,162,-110,84,70,-14,154,1022200001,50,31,0,1,1,1,1,1,1,84,70,-14,81,-19,home,home,50,-19
5/6/2022,401391651,2022,LAS,CHI,away,3.5,-110,155,-110,98,91,-7,189,1022200002,39,42,0,0,1,0,1,1,1,91,98,7,81,3,away,away,42,-3
5/6/2022,401391651,2022,CHI,LAS,home,-3.5,-110,155,-110,91,98,7,189,1022200002,39,42,1,1,0,1,0,0,0,91,98,7,81,3,away,home,39,3
5/6/2022,401391653,2022,MIN,SEA,away,9,-110,161,-110,74,97,23,171,1022200004,41,41,1,1,1,0,0,1,1,97,74,-23,82,0,tie,away,41,-0
5/6/2022,401391653,2022,SEA,MIN,home,-9,-110,161,-110,97,74,-23,171,1022200004,41,41,0,0,0,1,1,0,0,97,74,-23,82,0,tie,home,41,0
5/6/2022,401391652,2022,LVA,PHO,away,-4.5,-110,173,-110,106,88,-18,194,1022200003,32,54,1,1,1,1,1,1,1,88,106,18,86,22,away,away,54,-22
5/6/2022,401391652,2022,PHO,LVA,home,4.5,-110,173,-110,88,106,18,194,1022200003,32,54,0,0,0,0,0,0,0,88,106,18,86,22,away,home,32,22
5/7/2022,401391654,2022,CON,NYL,away,-6,-105,162,-110,79,81,2,160,1022200005,38,30,1,1,1,1,1,0,0,81,79,-2,68,-8,home,away,30,8
5/7/2022,401391654,2022,NYL,CON,home,6,-115,162,-110,81,79,-2,160,1022200005,38,30,0,0,0,0,0,1,1,81,79,-2,68,-8,home,home,38,-8
5/7/2022,401391655,2022,ATL,DAL,away,8,-110,162.5,-115,66,59,-7,125,1022200006,35,39,1,1,1,1,1,1,1,59,66,7,74,4,away,away,39,-4
5/7/2022,401391655,2022,DAL,ATL,home,-8,-110,162.5,-105,59,66,7,125,1022200006,35,39,0,0,0,0,0,0,0,59,66,7,74,4,away,home,35,4
5/8/2022,401391656,2022,LAS,IND,away,-7,-110,160.5,-110,87,77,-10,164,1022200007,36,43,0,1,1,0,0,1,1,77,87,10,79,7,away,away,43,-7
5/8/2022,401391656,2022,IND,LAS,home,7,-110,160.5,-110,77,87,10,164,1022200007,36,43,1,0,0,1,1,0,0,77,87,10,79,7,away,home,36,7
5/8/2022,401391658,2022,WAS,MIN,away,2.5,-105,159,-110,78,66,-12,144,1022200009,23,47,1,1,1,1,1,1,1,66,78,12,70,24,away,away,47,-24
5/8/2022,401391658,2022,MIN,WAS,home,-2.5,-115,159,-110,66,78,12,144,1022200009,23,47,0,0,0,0,0,0,0,66,78,12,70,24,away,home,23,24
5/8/2022,401391657,2022,SEA,LVA,away,4.5,-110,177,-105,74,85,11,159,1022200008,39,33,0,0,0,0,0,0,0,85,74,-11,72,-6,home,away,33,6
5/8/2022,401391657,2022,LVA,SEA,home,-4.5,-110,177,-115,85,74,-11,159,1022200008,39,33,1,1,1,1,1,1,1,85,74,-11,72,-6,home,home,39,-6
6/1/2018,401018808,2018,PHO,MIN,away,8,-105,157,-110,95,85,-10,180,1021800028,50,52,1,1,0,0,0,0,1,85,95,10,102,2,away,away,52,-2
6/1/2018,401018808,2018,MIN,PHO,home,-8,-115,157,-110,85,95,10,180,1021800028,50,52,0,0,1,1,1,1,0,85,95,10,102,2,away,home,50,2
6/1/2018,401018809,2018,CON,CHI,away,-9,-115,170.5,-110,110,72,-38,182,1021800029,35,48,0,0,1,1,1,1,1,72,110,38,83,13,away,away,48,-13
6/1/2018,401018809,2018,CHI,CON,home,9,-105,170.5,-110,72,110,38,182,1021800029,35,48,1,1,0,0,0,0,0,72,110,38,83,13,away,home,35,13
6/1/2018,401018810,2018,WAS,LVA,away,-7,-115,168.5,-115,73,85,12,158,1021800030,46,37,0,0,0,0,0,0,0,85,73,-12,83,-9,home,away,37,9
6/1/2018,401018810,2018,LVA,WAS,home,7,-105,168.5,-105,85,73,-12,158,1021800030,46,37,1,1,1,1,1,1,1,85,73,-12,83,-9,home,home,46,-9
6/1/2019,401104924,2019,NYL,IND,away,3,-110,158.5,-110,77,92,15,169,1021900012,45,29,0,0,0,0,0,0,0,92,77,-15,74,-16,home,away,29,16
6/1/2019,401104924,2019,IND,NYL,home,-3,-110,158.5,-110,92,77,-15,169,1021900012,45,29,1,1,1,1,1,1,1,92,77,-15,74,-16,home,home,45,-16
6/1/2019,401104925,2019,ATL,WAS,away,8.5,-110,158.5,-110,75,96,21,171,1021900013,52,35,0,0,0,0,0,0,0,96,75,-21,87,-17,home,away,35,17
6/1/2019,401104925,2019,WAS,ATL,home,-8.5,-110,158.5,-110,96,75,-21,171,1021900013,52,35,1,1,1,1,1,1,1,96,75,-21,87,-17,home,home,52,-17
6/1/2019,401104926,2019,SEA,CHI,away,2.5,-110,162,-112,79,83,4,162,1021900014,48,46,1,0,0,0,0,0,0,83,79,-4,94,-2,home,away,46,2
6/1/2019,401104926,2019,CHI,SEA,home,-2.5,-110,162,-110,83,79,-4,162,1021900014,48,46,0,1,1,1,1,1,1,83,79,-4,94,-2,home,home,48,-2
6/1/2019,401104927,2019,MIN,DAL,away,-3.5,-110,153.5,-110,70,67,-3,137,1021900015,27,41,0,1,1,1,1,1,1,67,70,3,68,14,away,away,41,-14
6/1/2019,401104927,2019,DAL,MIN,home,3.5,-110,153.5,-110,67,70,3,137,1021900015,27,41,1,0,0,0,0,0,0,67,70,3,68,14,away,home,27,14
6/1/2021,401320602,2021,LVA,CON,away,-1.5,-110,160,-110,67,74,7,141,1022100038,33,30,0,0,0,0,0,0,0,74,67,-7,63,-3,home,away,30,3
6/1/2021,401320602,2021,CON,LVA,home,1.5,-110,160,-110,74,67,-7,141,1022100038,33,30,1,1,1,1,1,1,1,74,67,-7,63,-3,home,home,33,-3
6/1/2021,401320603,2021,PHO,CHI,away,1.5,-113,163,-110,84,83,-1,167,1022100039,36,47,1,1,1,1,0,1,1,83,84,1,83,11,away,away,47,-11
6/1/2021,401320603,2021,CHI,PHO,home,-1,-110,163,-110,83,84,1,167,1022100039,36,47,0,0,0,0,1,0,0,83,84,1,83,11,away,home,36,11
6/1/2021,401320604,2021,LAS,DAL,away,-1.5,-110,165.5,-110,69,79,10,148,1022100040,38,28,1,1,1,1,0,0,0,79,69,-10,66,-10,home,away,28,10
6/1/2021,401320604,2021,DAL,LAS,home,1.5,-110,165.5,-110,79,69,-10,148,1022100040,38,28,0,0,0,0,1,1,1,79,69,-10,66,-10,home,home,38,-10
6/1/2021,401320605,2021,IND,SEA,away,15.5,-110,170,-110,73,88,15,161,1022100041,43,38,1,0,0,0,0,0,0,88,73,-15,81,-5,home,away,38,5
6/1/2021,401320605,2021,SEA,IND,home,-15.5,-110,170,-110,88,73,-15,161,1022100041,43,38,0,1,1,1,1,1,1,88,73,-15,81,-5,home,home,43,-5
6/1/2022,401391706,2022,IND,NYL,away,4.5,-110,163,-110,74,87,13,161,1022200057,40,47,0,0,0,0,0,0,1,87,74,-13,87,7,away,away,47,-7
6/1/2022,401391706,2022,NYL,IND,home,-4.5,-110,163,-110,87,74,-13,161,1022200057,40,47,1,1,1,1,1,1,0,87,74,-13,87,7,away,home,40,7
6/1/2022,401391705,2022,MIN,ATL,away,4.5,-110,157,-110,76,84,8,160,1022200056,43,37,0,0,0,0,0,0,0,84,76,-8,80,-6,home,away,37,6
6/1/2022,401391705,2022,ATL,MIN,home,-4.5,-110,157,-110,84,76,-8,160,1022200056,43,37,1,1,1,1,1,1,1,84,76,-8,80,-6,home,home,43,-6
6/1/2023,401507154,2023,CON,MIN,away,-6,-115,159.5,-110,89,84,-5,173,1022300025,47,47,1,1,1,1,0,1,1,84,89,5,94,0,tie,away,47,-0
6/1/2023,401507154,2023,MIN,CON,home,6,-105,159.5,-110,84,89,5,173,1022300025,47,47,0,0,0,0,1,0,0,84,89,5,94,0,tie,home,47,0
6/10/2018,401018826,2018,IND,NYL,away,10,-105,157,-110,75,78,3,153,1021800046,38,36,0,1,0,0,0,0,0,78,75,-3,74,-2,home,away,36,2
6/10/2018,401018826,2018,NYL,IND,home,-10,-115,157,-110,78,75,-3,153,1021800046,38,36,1,0,1,1,1,1,1,78,75,-3,74,-2,home,home,38,-2
6/10/2018,401018827,2018,CHI,LAS,away,14,-110,166.5,-115,59,77,18,136,1021800047,38,31,0,0,0,0,0,0,0,77,59,-18,69,-7,home,away,31,7
6/10/2018,401018827,2018,LAS,CHI,home,-14,-110,166.5,-105,77,59,-18,136,1021800047,38,31,1,1,1,1,1,1,1,77,59,-18,69,-7,home,home,38,-7
6/10/2018,401018828,2018,LVA,PHO,away,12,-110,167.5,-110,66,72,6,138,1021800048,50,37,0,0,0,0,0,0,0,72,66,-6,87,-13,home,away,37,13
6/10/2018,401018828,2018,PHO,LVA,home,-12,-110,167.5,-110,72,66,-6,138,1021800048,50,37,1,1,1,1,1,1,1,72,66,-6,87,-13,home,home,50,-13
6/10/2018,401018829,2018,ATL,SEA,away,7.5,-110,166.5,-115,67,64,-3,131,1021800049,31,39,1,1,1,1,1,1,1,64,67,3,70,8,away,away,39,-8
6/10/2018,401018829,2018,SEA,ATL,home,-7.5,-110,166.5,-110,64,67,3,131,1021800049,31,39,0,0,0,0,0,0,0,64,67,3,70,8,away,home,31,8
6/10/2021,401320620,2021,LAS,WAS,away,7,-108,158,-110,71,89,18,160,1022100056,45,35,0,0,0,0,0,0,0,89,71,-18,80,-10,home,away,35,10
6/10/2021,401320620,2021,WAS,LAS,home,-7,-112,158,-110,89,71,-18,160,1022100056,45,35,1,1,1,1,1,1,1,89,71,-18,80,-10,home,home,45,-10
6/10/2022,401391723,2022,NYL,IND,away,-1.5,-110,160.5,-105,97,83,-14,180,1022200074,43,38,0,0,0,0,0,0,0,83,97,14,81,-5,home,away,38,5
6/10/2022,401391723,2022,IND,NYL,home,1.5,-110,160.5,-115,83,97,14,180,1022200074,43,38,1,1,1,1,1,1,1,83,97,14,81,-5,home,home,43,-5
6/10/2022,401391722,2022,CHI,CON,away,6,-110,163,-110,83,79,-4,162,1022200073,44,45,1,1,1,0,1,0,1,79,83,4,89,1,away,away,45,-1
6/10/2022,401391722,2022,CON,CHI,home,-6,-110,163,-110,79,83,4,162,1022200073,44,45,0,0,0,1,0,1,0,79,83,4,89,1,away,home,44,1
6/10/2022,401391725,2022,WAS,MIN,away,-8,-110,158,-110,76,59,-17,135,1022200076,28,39,1,1,1,1,1,1,1,59,76,17,67,11,away,away,39,-11
6/10/2022,401391725,2022,MIN,WAS,home,8,-110,158,-110,59,76,17,135,1022200076,28,39,0,0,0,0,0,0,0,59,76,17,67,11,away,home,28,11
6/10/2022,401391724,2022,SEA,DAL,away,-5.5,-110,153.5,-110,89,88,-1,177,1022200075,41,42,1,1,1,1,1,1,1,88,89,1,83,1,away,away,42,-1
6/10/2022,401391724,2022,DAL,SEA,home,5.5,-110,153.5,-110,88,89,1,177,1022200075,41,42,0,0,0,0,0,0,0,88,89,1,83,1,away,home,41,1
6/10/2022,401391726,2022,ATL,PHO,away,4,-115,154,-115,88,90,2,178,1022200077,38,36,0,0,0,0,0,0,0,90,88,-2,74,-2,home,away,36,2
6/10/2022,401391726,2022,PHO,ATL,home,-4,-105,154,-105,90,88,-2,178,1022200077,38,36,1,1,1,1,1,1,1,90,88,-2,74,-2,home,home,38,-2
6/11/2019,401104944,2019,SEA,IND,away,1.5,-110,156.5,-115,84,82,-2,166,1021900032,39,46,1,1,1,1,1,1,1,82,84,2,85,7,away,away,46,-7
6/11/2019,401104944,2019,IND,SEA,home,-1.5,-110,156.5,-110,82,84,2,166,1021900032,39,46,0,0,0,0,0,0,0,82,84,2,85,7,away,home,39,7
6/11/2019,401104943,2019,WAS,CON,away,3,-115,166.5,-110,75,83,8,158,1021900031,33,37,1,1,1,1,1,1,1,83,75,-8,70,4,away,away,37,-4
6/11/2019,401104943,2019,CON,WAS,home,-2.5,-115,166.5,-110,83,75,-8,158,1021900031,33,37,0,0,0,0,0,0,0,83,75,-8,70,4,away,home,33,4
6/11/2019,401104945,2019,PHO,CHI,away,-3.5,-115,165.5,-110,75,82,7,157,1021900033,43,41,0,0,1,1,1,1,0,82,75,-7,84,-2,home,away,41,2
6/11/2019,401104945,2019,CHI,PHO,home,4,-113,165.5,-110,82,75,-7,157,1021900033,43,41,1,1,0,0,0,0,1,82,75,-7,84,-2,home,home,43,-2
6/11/2021,401320621,2021,SEA,ATL,away,-9.5,-105,171,-110,86,75,-11,161,1022100057,35,45,1,1,1,0,1,1,1,75,86,11,80,10,away,away,45,-10
6/11/2021,401320621,2021,ATL,SEA,home,9.5,-115,171,-110,75,86,11,161,1022100057,35,45,0,0,0,1,0,0,0,75,86,11,80,10,away,home,35,10
6/11/2021,401320622,2021,DAL,PHO,away,2.5,-110,167,-110,77,59,-18,136,1022100058,33,40,1,1,1,1,1,1,1,59,77,18,73,7,away,away,40,-7
6/11/2021,401320622,2021,PHO,DAL,home,-2.5,-110,167,-110,59,77,18,136,1022100058,33,40,0,0,0,0,0,0,0,59,77,18,73,7,away,home,33,7
6/11/2022,401391727,2022,LVA,LAS,away,-6.5,-110,177,-110,89,72,-17,161,1022200078,35,52,1,0,1,1,1,1,1,72,89,17,87,17,away,away,52,-17
6/11/2022,401391727,2022,LAS,LVA,home,6.5,-110,177,-110,72,89,17,161,1022200078,35,52,0,1,0,0,0,0,0,72,89,17,87,17,away,home,35,17
6/11/2023,401507175,2023,DAL,NYL,away,8.5,-110,170,-110,93,102,9,195,1022300046,45,51,0,1,0,1,0,1,1,102,93,-9,96,6,away,away,51,-6
6/11/2023,401507175,2023,NYL,DAL,home,-8.5,-110,170,-110,102,93,-9,195,1022300046,45,51,1,0,1,0,1,0,0,102,93,-9,96,6,away,home,45,6
6/11/2023,401507176,2023,CHI,LVA,away,13,-105,168,-105,80,93,13,173,1022300047,56,39,0,0,0,0,0,0,0,93,80,-13,95,-17,home,away,39,17
6/11/2023,401507176,2023,LVA,CHI,home,-13,-115,168,-115,93,80,-13,173,1022300047,56,39,1,1,1,1,1,1,1,93,80,-13,95,-17,home,home,56,-17
6/11/2023,401507179,2023,WAS,SEA,away,-4,-110,155,-110,71,65,-6,136,1022300050,21,46,1,1,1,1,1,1,1,65,71,6,67,25,away,away,46,-25
6/11/2023,401507179,2023,SEA,WAS,home,4,-110,155,-110,65,71,6,136,1022300050,21,46,0,0,0,0,0,0,0,65,71,6,67,25,away,home,21,25
6/11/2023,401507177,2023,CON,ATL,away,-3.5,-110,163,-112,89,77,-12,166,1022300048,44,48,0,0,0,1,1,1,1,77,89,12,92,4,away,away,48,-4
6/11/2023,401507177,2023,ATL,CON,home,3.5,-110,163,-108,77,89,12,166,1022300048,44,48,1,1,1,0,0,0,0,77,89,12,92,4,away,home,44,4
6/11/2023,401507178,2023,PHO,IND,away,3,-108,160.5,-125,85,82,-3,167,1022300049,42,43,1,1,1,1,1,1,1,82,85,3,85,1,away,away,43,-1
6/11/2023,401507178,2023,IND,PHO,home,-3,-112,160.5,105,82,85,3,167,1022300049,42,43,0,0,0,0,0,0,0,82,85,3,85,1,away,home,42,1
6/11/2023,401507180,2023,LAS,MIN,away,-1,-115,160,-108,86,91,5,177,1022300051,43,43,0,0,0,0,0,0,0,91,86,-5,86,0,tie,away,43,-0
6/11/2023,401507180,2023,MIN,LAS,home,1,-105,160,-112,91,86,-5,177,1022300051,43,43,1,1,1,1,1,1,1,91,86,-5,86,0,tie,home,43,0
6/12/2018,401018830,2018,LVA,IND,away,3.5,-110,161.5,-110,101,92,-9,193,1021800050,37,46,1,0,1,1,1,1,1,92,101,9,83,9,away,away,46,-9
6/12/2018,401018830,2018,IND,LVA,home,-3.5,-110,161.5,-110,92,101,9,193,1021800050,37,46,0,1,0,0,0,0,0,92,101,9,83,9,away,home,37,9
6/12/2018,401018831,2018,PHO,DAL,away,1.5,-115,169.5,-110,75,72,-3,147,1021800051,40,37,0,0,0,0,0,0,0,72,75,3,77,-3,home,away,37,3
6/12/2018,401018831,2018,DAL,PHO,home,-1.5,-105,169.5,-110,72,75,3,147,1021800051,40,37,1,1,1,1,1,1,1,72,75,3,77,-3,home,home,40,-3
6/12/2018,401018832,2018,CHI,SEA,away,10.5,-110,169.5,-110,85,96,11,181,1021800052,50,46,1,1,1,0,0,0,0,96,85,-11,96,-4,home,away,46,4
6/12/2018,401018832,2018,SEA,CHI,home,-10.5,-110,169.5,-110,96,85,-11,181,1021800052,50,46,0,0,0,1,1,1,1,96,85,-11,96,-4,home,home,50,-4
6/12/2018,401018833,2018,ATL,LAS,away,8,-110,151.5,-110,64,72,8,136,1021800053,43,32,0,1,1,0,0,0,0,72,64,-8,75,-11,home,away,32,11
6/12/2018,401018833,2018,LAS,ATL,home,-8,-110,151.5,-110,72,64,-8,136,1021800053,43,32,1,0,0,1,1,1,1,72,64,-8,75,-11,home,home,43,-11
6/12/2019,401104946,2019,MIN,NYL,away,-3,-110,156,-110,69,75,6,144,1021900034,38,28,0,0,0,0,0,0,0,75,69,-6,66,-10,home,away,28,10
6/12/2019,401104946,2019,NYL,MIN,home,3,-110,156,-110,75,69,-6,144,1021900034,38,28,1,1,1,1,1,1,1,75,69,-6,66,-10,home,home,38,-10
6/12/2021,401320623,2021,CHI,IND,away,-11,-110,161,-112,83,79,-4,162,1022100059,49,56,1,1,1,1,1,1,1,79,83,4,105,7,away,away,56,-7
6/12/2021,401320623,2021,IND,CHI,home,11,-110,161,-108,79,83,4,162,1022100059,49,56,0,0,0,0,0,0,0,79,83,4,105,7,away,home,49,7
6/12/2021,401320624,2021,LAS,MIN,away,10,-110,157,-110,64,80,16,144,1022100060,49,35,0,0,0,0,0,0,0,80,64,-16,84,-14,home,away,35,14
6/12/2021,401320624,2021,MIN,LAS,home,-10,-110,157,-110,80,64,-16,144,1022100060,49,35,1,1,1,1,1,1,1,80,64,-16,84,-14,home,home,49,-14
6/12/2022,401391728,2022,CHI,NYL,away,-7,-110,159,-110,88,86,-2,174,1022200079,45,44,0,0,0,0,0,0,0,86,88,2,89,-1,home,away,44,1
6/12/2022,401391728,2022,NYL,CHI,home,7,-110,159,-110,86,88,2,174,1022200079,45,44,1,1,1,1,1,1,1,86,88,2,89,-1,home,home,45,-1
6/12/2022,401391729,2022,SEA,DAL,away,-3.5,-110,157,-110,84,79,-5,163,1022200080,38,39,0,0,0,0,0,0,1,79,84,5,77,1,away,away,39,-1
6/12/2022,401391729,2022,DAL,SEA,home,3.5,-110,157,-110,79,84,5,163,1022200080,38,39,1,1,1,1,1,1,0,79,84,5,77,1,away,home,38,1
6/12/2022,401391730,2022,PHO,WAS,away,6,-110,160.5,-110,99,90,-9,189,1022200081,39,38,0,1,1,1,0,1,0,90,99,9,77,-1,home,away,38,1
6/12/2022,401391730,2022,WAS,PHO,home,-6,-110,160.5,-110,90,99,9,189,1022200081,39,38,1,0,0,0,1,0,1,90,99,9,77,-1,home,home,39,-1
6/12/2022,401391731,2022,IND,MIN,away,2,-110,166,-110,84,80,-4,164,1022200082,36,43,1,0,1,0,1,1,1,80,84,4,79,7,away,away,43,-7
6/12/2022,401391731,2022,MIN,IND,home,-2,-110,166,-110,80,84,4,164,1022200082,36,43,0,1,0,1,0,0,0,80,84,4,79,7,away,home,36,7
6/13/2018,401018834,2018,WAS,CON,away,9,-110,173,-110,95,91,-4,186,1021800054,37,65,1,1,1,1,1,1,1,91,95,4,102,28,away,away,65,-28
6/13/2018,401018834,2018,CON,WAS,home,-9,-110,173,-110,91,95,4,186,1021800054,37,65,0,0,0,0,0,0,0,91,95,4,102,28,away,home,37,28
6/13/2018,401018835,2018,LVA,NYL,away,10,-115,163.5,-110,78,63,-15,141,1021800055,33,37,1,0,1,1,1,1,1,63,78,15,70,4,away,away,37,-4
6/13/2018,401018835,2018,NYL,LVA,home,-10,-110,163.5,-110,63,78,15,141,1021800055,33,37,0,1,0,0,0,0,0,63,78,15,70,4,away,home,33,4
6/13/2019,401104947,2019,IND,DAL,away,-3,-102,150.5,-110,76,72,-4,148,1021900035,31,34,0,0,1,1,1,1,1,72,76,4,65,3,away,away,34,-3
6/13/2019,401104947,2019,DAL,IND,home,3,-118,150.5,-110,72,76,4,148,1021900035,31,34,1,1,0,0,0,0,0,72,76,4,65,3,away,home,31,3
6/13/2021,401320625,2021,SEA,CON,away,-5,-110,157,-110,89,66,-23,155,1022100061,29,43,1,1,1,1,1,1,1,66,89,23,72,14,away,away,43,-14
6/13/2021,401320625,2021,CON,SEA,home,5,-110,157,-110,66,89,23,155,1022100061,29,43,0,0,0,0,0,0,0,66,89,23,72,14,away,home,29,14
6/13/2021,401320626,2021,WAS,ATL,away,-4,-110,167.5,-110,78,101,23,179,1022100062,51,49,1,1,1,1,1,1,1,101,78,-23,100,-2,home,away,49,2
6/13/2021,401320626,2021,ATL,WAS,home,4,-115,167.5,-110,101,78,-23,179,1022100062,51,49,0,0,0,0,0,0,0,101,78,-23,100,-2,home,home,51,-2
6/13/2021,401320628,2021,NYL,PHO,away,7,-110,159.5,-105,85,83,-2,168,1022100064,36,48,1,1,1,1,1,1,1,83,85,2,84,12,away,away,48,-12
6/13/2021,401320628,2021,PHO,NYL,home,-7,-110,159.5,-115,83,85,2,168,1022100064,36,48,0,0,0,0,0,0,0,83,85,2,84,12,away,home,36,12
6/13/2021,401320627,2021,DAL,LVA,away,8.5,-105,172,-110,78,85,7,163,1022100063,43,41,0,0,0,0,0,1,1,85,78,-7,84,-2,home,away,41,2
6/13/2021,401320627,2021,LVA,DAL,home,-8.5,-115,172,-110,85,78,-7,163,1022100063,43,41,1,1,1,1,1,0,0,85,78,-7,84,-2,home,home,43,-2
6/13/2023,401507181,2023,WAS,IND,away,-4.5,-115,157.5,-107,66,87,21,153,1022300052,41,38,1,0,1,0,0,0,0,87,66,-21,79,-3,home,away,38,3
6/13/2023,401507181,2023,IND,WAS,home,4.5,-105,157.5,-113,87,66,-21,153,1022300052,41,38,0,1,0,1,1,1,1,87,66,-21,79,-3,home,home,41,-3
6/13/2023,401507182,2023,ATL,NYL,away,10,-112,171.5,-110,86,79,-7,165,1022300053,46,41,1,0,0,1,1,1,0,79,86,7,87,-5,home,away,41,5
6/13/2023,401507182,2023,NYL,ATL,home,-10,-108,171.5,-110,79,86,7,165,1022300053,46,41,0,1,1,0,0,0,1,79,86,7,87,-5,home,home,46,-5
6/13/2023,401507183,2023,SEA,PHO,away,5.5,122,162,-107,83,69,-14,152,1022300054,36,50,1,1,1,1,1,1,1,69,83,14,86,14,away,away,50,-14
6/13/2023,401507183,2023,PHO,SEA,home,-5.5,-142,162,-113,69,83,14,152,1022300054,36,50,0,0,0,0,0,0,0,69,83,14,86,14,away,home,36,14
6/14/2018,401018836,2018,IND,ATL,away,8.5,-110,153,-110,67,72,5,139,1021800056,41,40,0,1,0,0,1,1,1,72,67,-5,81,-1,home,away,40,1
6/14/2018,401018836,2018,ATL,IND,home,-8.5,-110,153,-110,72,67,-5,139,1021800056,41,40,1,0,1,1,0,0,0,72,67,-5,81,-1,home,home,41,-1
6/14/2019,401104948,2019,SEA,WAS,away,9.5,-110,159,-110,74,71,-3,145,1021900036,46,38,1,1,0,0,1,0,0,71,74,3,84,-8,home,away,38,8
6/14/2019,401104948,2019,WAS,SEA,home,-9.5,-110,159,-110,71,74,3,145,1021900036,46,38,0,0,1,1,0,1,1,71,74,3,84,-8,home,home,46,-8
6/14/2019,401104949,2019,CON,MIN,away,-6,-110,151,-110,85,81,-4,166,1021900037,43,44,1,1,0,1,1,1,1,81,85,4,87,1,away,away,44,-1
6/14/2019,401104949,2019,MIN,CON,home,6,-110,151,-102,81,85,4,166,1021900037,43,44,0,0,1,0,0,0,0,81,85,4,87,1,away,home,43,1
6/14/2019,401104950,2019,LAS,PHO,away,3.5,-110,154,-105,85,68,-17,153,1021900038,36,38,1,1,1,0,1,1,1,68,85,17,74,2,away,away,38,-2
6/14/2019,401104950,2019,PHO,LAS,home,-3.5,-110,154,-115,68,85,17,153,1021900038,36,38,0,0,0,1,0,0,0,68,85,17,74,2,away,home,36,2
6/14/2019,401104951,2019,NYL,LVA,away,13,-110,165,-115,65,100,35,165,1021900039,66,31,0,0,0,0,0,0,0,100,65,-35,97,-35,home,away,31,35
6/14/2019,401104951,2019,LVA,NYL,home,-13,-110,165.5,-110,100,65,-35,165,1021900039,66,31,1,1,1,1,1,1,1,100,65,-35,97,-35,home,home,66,-35
6/14/2022,401391732,2022,PHO,WAS,away,8.5,-110,161,-110,65,83,18,148,1022200083,44,34,0,1,0,0,0,0,0,83,65,-18,78,-10,home,away,34,10
6/14/2022,401391732,2022,WAS,PHO,home,-8.5,-110,161,-110,83,65,-18,148,1022200083,44,34,1,0,1,1,1,1,1,83,65,-18,78,-10,home,home,44,-10
6/14/2022,401391733,2022,SEA,MIN,away,-8,-110,156.5,-115,81,79,-2,160,1022200084,46,39,1,0,0,0,0,0,0,79,81,2,85,-7,home,away,39,7
6/14/2022,401391733,2022,MIN,SEA,home,8,-110,156.5,-105,79,81,2,160,1022200084,46,39,0,1,1,1,1,1,1,79,81,2,85,-7,home,home,46,-7
6/14/2023,401507184,2023,LAS,DAL,away,5.5,-110,169,-110,79,61,-18,140,1022300055,32,38,1,1,1,1,1,1,1,61,79,18,70,6,away,away,38,-6
6/14/2023,401507184,2023,DAL,LAS,home,-5.5,-110,169,-111,61,79,18,140,1022300055,32,38,0,0,0,0,0,0,0,61,79,18,70,6,away,home,32,6
6/15/2018,401018837,2018,LAS,WAS,away,-4,-110,159.5,-110,97,86,-11,183,1021800057,34,52,1,1,1,1,1,1,1,86,97,11,86,18,away,away,52,-18
6/15/2018,401018837,2018,WAS,LAS,home,4,-110,159.5,-110,86,97,11,183,1021800057,34,52,0,0,0,0,0,0,0,86,97,11,86,18,away,home,34,18
6/15/2018,401018838,2018,LVA,DAL,away,8,-120,171.5,-110,67,77,10,144,1021800058,45,39,1,1,0,0,0,0,0,77,67,-10,84,-6,home,away,39,6
6/15/2018,401018838,2018,DAL,LVA,home,-8,100,171.5,-110,77,67,-10,144,1021800058,45,39,0,0,1,1,1,1,1,77,67,-10,84,-6,home,home,45,-6
6/15/2018,401018839,2018,CON,SEA,away,1.5,-110,176,-110,92,103,11,195,1021800059,52,45,0,0,0,0,0,0,0,103,92,-11,97,-7,home,away,45,7
6/15/2018,401018839,2018,SEA,CON,home,-1.5,-110,176,-110,103,92,-11,195,1021800059,52,45,1,1,1,1,1,1,1,103,92,-11,97,-7,home,home,52,-7
6/15/2019,401104952,2019,CHI,IND,away,3.5,-110,165.5,-110,70,64,-6,134,1021900040,29,30,0,0,0,1,1,0,1,64,70,6,59,1,away,away,30,-1
6/15/2019,401104952,2019,IND,CHI,home,-3.5,-110,165.5,-105,64,70,6,134,1021900040,29,30,1,1,1,0,0,1,0,64,70,6,59,1,away,home,29,1
6/15/2019,401104953,2019,ATL,DAL,away,-3.5,-115,146,-110,61,71,10,132,1021900041,28,32,1,1,1,1,1,1,1,71,61,-10,60,4,away,away,32,-4
6/15/2019,401104953,2019,DAL,ATL,home,3.5,-105,146,-110,71,61,-10,132,1021900041,28,32,0,0,0,0,0,0,0,71,61,-10,60,4,away,home,28,4
6/15/2019,401104954,2019,NYL,LAS,away,11,-110,156.5,-110,98,92,-6,190,1021900042,50,48,0,0,0,0,0,0,0,92,98,6,98,-2,home,away,48,2
6/15/2019,401104954,2019,LAS,NYL,home,-11,-110,156.5,-110,92,98,6,190,1021900042,50,48,1,1,1,1,1,1,1,92,98,6,98,-2,home,home,50,-2
6/15/2021,401320629,2021,SEA,IND,away,-15,-110,166.5,-110,87,70,-17,157,1022100065,33,41,0,1,1,1,1,1,1,70,87,17,74,8,away,away,41,-8
6/15/2021,401320629,2021,IND,SEA,home,15,-110,166.5,-110,70,87,17,157,1022100065,33,41,1,0,0,0,0,0,0,70,87,17,74,8,away,home,33,8
6/15/2021,401320630,2021,CHI,MIN,away,4,-110,160,-115,105,89,-16,194,1022100066,49,58,1,1,1,1,1,1,1,89,105,16,107,9,away,away,58,-9
6/15/2021,401320630,2021,MIN,CHI,home,-4,-110,159,-110,89,105,16,194,1022100066,49,58,0,0,0,0,0,0,0,89,105,16,107,9,away,home,49,9
6/15/2021,401320631,2021,NYL,LVA,away,14,-105,172.5,-110,78,100,22,178,1022100067,48,45,0,1,1,1,1,1,1,100,78,-22,93,-3,home,away,45,3
6/15/2021,401320631,2021,LVA,NYL,home,-14,-115,172.5,-110,100,78,-22,178,1022100067,48,45,1,0,0,0,0,0,0,100,78,-22,93,-3,home,home,48,-3
6/15/2022,401391734,2022,LVA,DAL,away,-9,-110,174.5,-110,92,84,-8,176,1022200085,44,35,0,0,0,0,0,0,0,84,92,8,79,-9,home,away,35,9
6/15/2022,401391734,2022,DAL,LVA,home,9,-110,174.5,-110,84,92,8,176,1022200085,44,35,1,1,1,1,1,1,1,84,92,8,79,-9,home,home,44,-9
6/15/2022,401391736,2022,PHO,IND,away,1,-110,169.5,-110,93,80,-13,173,1022200087,36,53,1,1,1,1,1,1,1,80,93,13,89,17,away,away,53,-17
6/15/2022,401391736,2022,IND,PHO,home,-1,-110,169.5,-110,80,93,13,173,1022200087,36,53,0,0,0,0,0,0,0,80,93,13,89,17,away,home,36,17
6/15/2022,401391735,2022,ATL,CON,away,10,-105,157.5,-110,92,105,13,197,1022200086,58,41,1,0,0,0,0,0,0,105,92,-13,99,-17,home,away,41,17
6/15/2022,401391735,2022,CON,ATL,home,-10,-115,157.5,-110,105,92,-13,197,1022200086,58,41,0,1,1,1,1,1,1,105,92,-13,99,-17,home,home,58,-17
6/15/2023,401507185,2023,ATL,CON,away,9,-110,164,-110,92,88,-4,180,1022300056,50,40,1,1,0,0,0,0,0,88,92,4,90,-10,home,away,40,10
6/15/2023,401507185,2023,CON,ATL,home,-9,-110,164,-110,88,92,4,180,1022300056,50,40,0,0,1,1,1,1,1,88,92,4,90,-10,home,home,50,-10
6/15/2023,401507186,2023,IND,CHI,away,-1.5,-112,157,-110,92,90,-2,182,1022300057,37,38,0,0,0,0,0,0,0,90,92,2,75,1,away,away,38,-1
6/15/2023,401507186,2023,CHI,IND,home,1.5,-108,157,-110,90,92,2,182,1022300057,37,38,1,1,1,1,1,1,1,90,92,2,75,1,away,home,37,1
6/15/2023,401507187,2023,SEA,LVA,away,18.5,-115,168,-105,63,96,33,159,1022300058,47,37,1,0,0,0,0,1,0,96,63,-33,84,-10,home,away,37,10
6/15/2023,401507187,2023,LVA,SEA,home,-18.5,-105,168,-110,96,63,-33,159,1022300058,47,37,0,1,1,1,1,0,1,96,63,-33,84,-10,home,home,47,-10
6/16/2018,401018840,2018,ATL,IND,away,-3.5,-110,152,-115,64,96,32,160,1021800060,35,38,1,1,0,1,1,1,0,96,64,-32,73,3,away,away,38,-3
6/16/2018,401018840,2018,IND,ATL,home,3.5,-110,152,-110,96,64,-32,160,1021800060,35,38,0,0,1,0,0,0,1,96,64,-32,73,3,away,home,35,3
6/16/2018,401018841,2018,NYL,MIN,away,7,-110,154,-110,71,85,14,156,1021800061,54,38,0,0,0,0,0,0,0,85,71,-14,92,-16,home,away,38,16
6/16/2018,401018841,2018,MIN,NYL,home,-7,-110,154,-110,85,71,-14,156,1021800061,54,38,1,1,1,1,1,1,1,85,71,-14,92,-16,home,home,54,-16
6/16/2018,401018842,2018,CON,PHO,away,5.5,-110,172.5,-110,72,89,17,161,1021800062,43,21,0,0,0,0,0,0,0,89,72,-17,64,-22,home,away,21,22
6/16/2018,401018842,2018,PHO,CON,home,-5.5,-110,172.5,-110,89,72,-17,161,1021800062,43,21,1,1,1,1,1,1,1,89,72,-17,64,-22,home,home,43,-22
6/16/2019,401104955,2019,SEA,CON,away,9,-110,155,-110,67,81,14,148,1021900043,44,33,0,0,0,0,0,0,0,81,67,-14,77,-11,home,away,33,11
6/16/2019,401104955,2019,CON,SEA,home,-9,-110,155,-110,81,67,-14,148,1021900043,44,33,1,1,1,1,1,1,1,81,67,-14,77,-11,home,home,44,-11
6/16/2019,401104956,2019,LVA,MIN,away,-6,-110,160.5,-110,80,75,-5,155,1021900044,39,35,0,0,0,0,0,0,0,75,80,5,74,-4,home,away,35,4
6/16/2019,401104956,2019,MIN,LVA,home,6,-110,160.5,-110,75,80,5,155,1021900044,39,35,1,1,1,1,1,1,1,75,80,5,74,-4,home,home,39,-4
6/16/2021,401320632,2021,PHO,LAS,away,-5,-110,153.5,-110,80,85,5,165,1022100068,53,43,0,0,0,0,0,0,0,85,80,-5,96,-10,home,away,43,10
6/16/2021,401320632,2021,LAS,PHO,home,5,-110,153.5,-110,85,80,-5,165,1022100068,53,43,1,1,1,1,1,1,1,85,80,-5,96,-10,home,home,53,-10
6/16/2022,401391737,2022,WAS,NYL,away,-4,-110,157.5,-110,65,77,12,142,1022200088,40,35,0,0,1,1,1,1,0,77,65,-12,75,-5,home,away,35,5
6/16/2022,401391737,2022,NYL,WAS,home,4,-110,157.5,-110,77,65,-12,142,1022200088,40,35,1,1,0,0,0,0,1,77,65,-12,75,-5,home,home,40,-5
6/16/2023,401507188,2023,PHO,WAS,away,12,-110,156,-105,69,88,19,157,1022300059,54,38,0,0,0,0,0,0,0,88,69,-19,92,-16,home,away,38,16
6/16/2023,401507188,2023,WAS,PHO,home,-12,105,156,-115,88,69,-19,157,1022300059,54,38,1,1,1,1,1,1,1,88,69,-19,92,-16,home,home,54,-16
6/16/2023,401507189,2023,MIN,LAS,away,5.5,103,160,-115,77,72,-5,149,1022300060,43,34,0,0,1,0,0,0,0,72,77,5,77,-9,home,away,34,9
6/16/2023,401507189,2023,LAS,MIN,home,-5.5,-123,160.5,-110,72,77,5,149,1022300060,43,34,1,1,0,1,1,1,1,72,77,5,77,-9,home,home,43,-9
6/17/2018,401018843,2018,LAS,CHI,away,-8.5,-110,163,-110,81,72,-9,153,1021800063,33,39,0,0,0,0,1,1,1,72,81,9,72,6,away,away,39,-6
6/17/2018,401018843,2018,CHI,LAS,home,8.5,-110,163,-110,72,81,9,153,1021800063,33,39,1,1,1,1,0,0,0,72,81,9,72,6,away,home,33,6
6/17/2018,401018844,2018,PHO,LVA,away,-6.5,-110,163.5,-110,92,80,-12,172,1021800064,42,46,1,1,1,1,1,1,1,80,92,12,88,4,away,away,46,-4
6/17/2018,401018844,2018,LVA,PHO,home,6.5,-110,163.5,-110,80,92,12,172,1021800064,42,46,0,0,0,0,0,0,0,80,92,12,88,4,away,home,42,4
6/17/2021,401320634,2021,ATL,WAS,away,-1,-110,165,-110,93,96,3,189,1022100070,38,46,1,1,1,1,1,1,1,96,93,-3,84,8,away,away,46,-8
6/17/2021,401320634,2021,WAS,ATL,home,1,-110,165,-110,96,93,-3,189,1022100070,38,46,0,0,0,0,0,0,0,96,93,-3,84,8,away,home,38,8
6/17/2021,401320633,2021,SEA,IND,away,-16.5,-105,164,-110,79,69,-10,148,1022100069,36,40,1,1,1,0,0,1,1,69,79,10,76,4,away,away,40,-4
6/17/2021,401320633,2021,IND,SEA,home,16.5,-115,164,-110,69,79,10,148,1022100069,36,40,0,0,0,1,1,0,0,69,79,10,76,4,away,home,36,4
6/17/2021,401320636,2021,MIN,DAL,away,4,-110,167.5,-110,85,73,-12,158,1022100072,33,43,1,1,1,1,1,1,1,73,85,12,76,10,away,away,43,-10
6/17/2021,401320636,2021,DAL,MIN,home,-4,-110,167.5,-110,73,85,12,158,1022100072,33,43,0,0,0,0,0,0,0,73,85,12,76,10,away,home,33,10
6/17/2021,401320635,2021,CON,CHI,away,5,-110,155.5,-110,75,81,6,156,1022100071,31,36,0,1,1,1,1,1,1,81,75,-6,67,5,away,away,36,-5
6/17/2021,401320635,2021,CHI,CON,home,-5,-110,155.5,-110,81,75,-6,156,1022100071,31,36,1,0,0,0,0,0,0,81,75,-6,67,5,away,home,31,5
6/17/2021,401320637,2021,NYL,LVA,away,16,-115,173,-110,76,103,27,179,1022100073,55,34,0,1,0,0,0,0,0,103,76,-27,89,-21,home,away,34,21
6/17/2021,401320637,2021,LVA,NYL,home,-16,-105,173,-110,103,76,-27,179,1022100073,55,34,1,0,1,1,1,1,1,103,76,-27,89,-21,home,home,55,-21
6/17/2022,401391738,2022,SEA,CON,away,7.5,-110,162.5,-115,71,82,11,153,1022200089,42,32,1,1,0,0,0,0,0,82,71,-11,74,-10,home,away,32,10
6/17/2022,401391738,2022,CON,SEA,home,-7.5,-110,162.5,-105,82,71,-11,153,1022200089,42,32,0,0,1,1,1,1,1,82,71,-11,74,-10,home,home,42,-10
6/17/2022,401391740,2022,ATL,CHI,away,7,-110,158.5,-115,100,106,6,206,1022200091,56,42,1,1,0,1,0,0,0,106,100,-6,98,-14,home,away,42,14
6/17/2022,401391740,2022,CHI,ATL,home,-7,-110,158.5,-105,106,100,-6,206,1022200091,56,42,0,0,1,0,1,1,1,106,100,-6,98,-14,home,home,56,-14
6/17/2022,401391739,2022,PHO,DAL,away,5,-110,169.5,-110,88,93,5,181,1022200090,53,39,0,0,0,0,0,0,0,93,88,-5,92,-14,home,away,39,14
6/17/2022,401391739,2022,DAL,PHO,home,-5,-110,169.5,-110,93,88,-5,181,1022200090,53,39,1,1,1,1,1,1,1,93,88,-5,92,-14,home,home,53,-14
6/17/2023,401507190,2023,SEA,DAL,away,8.5,-105,165,-110,109,103,-6,212,1022300061,47,55,1,1,1,1,1,1,1,103,109,6,102,8,away,away,55,-8
6/17/2023,401507190,2023,DAL,SEA,home,-8.5,-115,165,-110,103,109,6,212,1022300061,47,55,0,0,0,0,0,0,0,103,109,6,102,8,away,home,47,8
6/18/2019,401104957,2019,WAS,LAS,away,1.5,-110,165.5,-116,81,52,-29,133,1021900045,27,48,1,1,1,1,1,1,1,52,81,29,75,21,away,away,48,-21
6/18/2019,401104957,2019,LAS,WAS,home,-1.5,-110,165.5,-104,52,81,29,133,1021900045,27,48,0,0,0,0,0,0,0,52,81,29,75,21,away,home,27,21
6/18/2021,401320638,2021,PHO,LAS,away,-3.5,-110,155,-110,80,66,-14,146,1022100074,36,44,1,1,1,1,1,1,1,66,80,14,80,8,away,away,44,-8
6/18/2021,401320638,2021,LAS,PHO,home,3.5,-110,155,-110,66,80,14,146,1022100074,36,44,0,0,0,0,0,0,0,66,80,14,80,8,away,home,36,8
6/18/2023,401507191,2023,PHO,NYL,away,14.5,-110,162,-111,71,89,18,160,1022300062,53,34,0,0,0,0,0,0,0,89,71,-18,87,-19,home,away,34,19
6/18/2023,401507191,2023,NYL,PHO,home,-14.5,-110,162,-110,89,71,-18,160,1022300062,53,34,1,1,1,1,1,1,1,89,71,-18,87,-19,home,home,53,-19
6/18/2023,401507192,2023,CHI,WAS,away,4,-118,155.5,-110,69,77,8,146,1022300063,42,38,0,0,0,0,0,0,0,77,69,-8,80,-4,home,away,38,4
6/18/2023,401507192,2023,WAS,CHI,home,-4,-102,155.5,-110,77,69,-8,146,1022300063,42,38,1,1,1,1,1,1,1,77,69,-8,80,-4,home,home,42,-4
6/18/2023,401507193,2023,ATL,IND,away,-1,-110,165.5,-110,100,94,-6,194,1022300064,41,48,1,1,1,1,1,1,1,94,100,6,89,7,away,away,48,-7
6/18/2023,401507193,2023,IND,ATL,home,1,-110,165.5,-110,94,100,6,194,1022300064,41,48,0,0,0,0,0,0,0,94,100,6,89,7,away,home,41,7
6/18/2023,401507194,2023,CON,LAS,away,-4,-115,157,-115,83,74,-9,157,1022300065,44,39,0,0,0,1,1,0,0,74,83,9,83,-5,home,away,39,5
6/18/2023,401507194,2023,LAS,CON,home,4,-105,157,-105,74,83,9,157,1022300065,44,39,1,1,1,0,0,1,1,74,83,9,83,-5,home,home,44,-5
6/18/2023,401507195,2023,MIN,LVA,away,17,-110,170,-114,62,93,31,155,1022300066,54,41,1,0,0,0,0,0,0,93,62,-31,95,-13,home,away,41,13
6/18/2023,401507195,2023,LVA,MIN,home,-17,-110,170,-106,93,62,-31,155,1022300066,54,41,0,1,1,1,1,1,1,93,62,-31,95,-13,home,home,54,-13
6/19/2018,401018846,2018,CHI,WAS,away,9.5,-110,168.5,-110,60,88,28,148,1021800066,46,32,0,1,0,0,0,0,0,88,60,-28,78,-14,home,away,32,14
6/19/2018,401018846,2018,WAS,CHI,home,-9.5,-110,168.5,-110,88,60,-28,148,1021800066,46,32,1,0,1,1,1,1,1,88,60,-28,78,-14,home,home,46,-14
6/19/2018,401018845,2018,ATL,NYL,away,6,-110,150.5,-110,72,79,7,151,1021800065,34,24,0,0,0,0,0,0,0,79,72,-7,58,-10,home,away,24,10
6/19/2018,401018845,2018,NYL,ATL,home,-6,-110,150.5,-110,79,72,-7,151,1021800065,34,24,1,1,1,1,1,1,1,79,72,-7,58,-10,home,home,34,-10
6/19/2018,401018847,2018,DAL,MIN,away,8.5,-110,165.5,-110,83,91,8,174,1021800067,51,36,0,0,0,0,0,0,0,91,83,-8,87,-15,home,away,36,15
6/19/2018,401018847,2018,MIN,DAL,home,-8.5,-110,165.5,-110,91,83,-8,174,1021800067,51,36,1,1,1,1,1,1,1,91,83,-8,87,-15,home,home,51,-15
6/19/2018,401018848,2018,LVA,SEA,away,10.5,-110,168,-110,89,77,-12,166,1021800068,39,38,1,1,1,1,1,1,1,77,89,12,77,-1,home,away,38,1
6/19/2018,401018848,2018,SEA,LVA,home,-10.5,-110,168,-110,77,89,12,166,1021800068,39,38,0,0,0,0,0,0,0,77,89,12,77,-1,home,home,39,-1
6/19/2018,401018849,2018,IND,LAS,away,12.5,-110,153.5,-110,55,74,19,129,1021800069,35,33,1,1,1,0,0,0,0,74,55,-19,68,-2,home,away,33,2
6/19/2018,401018849,2018,LAS,IND,home,-12.5,-110,153.5,-110,74,55,-19,129,1021800069,35,33,0,0,0,1,1,1,1,74,55,-19,68,-2,home,home,35,-2
6/19/2019,401104958,2019,IND,ATL,away,-1,-110,150,-110,78,88,10,166,1021900046,45,44,1,1,0,1,0,0,1,88,78,-10,89,-1,home,away,44,1
6/19/2019,401104958,2019,ATL,IND,home,-1.5,-125,150,-110,88,78,-10,166,1021900046,45,44,0,0,1,0,1,1,0,88,78,-10,89,-1,home,home,45,-1
6/19/2019,401104959,2019,CHI,NYL,away,2,-110,164,-110,91,83,-8,174,1021900047,34,41,1,1,1,1,1,1,1,83,91,8,75,7,away,away,41,-7
6/19/2019,401104959,2019,NYL,CHI,home,-2,-110,164,-110,83,91,8,174,1021900047,34,41,0,0,0,0,0,0,0,83,91,8,75,7,away,home,34,7
6/19/2021,401320639,2021,CON,CHI,away,6.5,-110,156.5,-110,81,91,10,172,1022100075,40,34,1,1,1,1,0,0,0,91,81,-10,74,-6,home,away,34,6
6/19/2021,401320639,2021,CHI,CON,home,-6.5,-110,156.5,-110,91,81,-10,172,1022100075,40,34,0,0,0,0,1,1,1,91,81,-10,74,-6,home,home,40,-6
6/19/2021,401320640,2021,IND,WAS,away,9.5,-110,165,-110,77,82,5,159,1022100076,46,39,1,1,1,1,1,0,0,82,77,-5,85,-7,home,away,39,7
6/19/2021,401320640,2021,WAS,IND,home,-9.5,-110,165,-110,82,77,-5,159,1022100076,46,39,0,0,0,0,0,1,1,82,77,-5,85,-7,home,home,46,-7
6/19/2021,401320641,2021,MIN,DAL,away,3,-113,165,-110,77,95,18,172,1022100077,55,35,0,0,0,0,0,0,0,95,77,-18,90,-20,home,away,35,20
6/19/2021,401320641,2021,DAL,MIN,home,-3,-110,165,-110,95,77,-18,172,1022100077,55,35,1,1,1,1,1,1,1,95,77,-18,90,-20,home,home,55,-20
6/19/2022,401391741,2022,SEA,NYL,away,-3,-110,158.5,-110,81,72,-9,153,1022200092,37,39,1,1,1,1,1,0,1,72,81,9,76,2,away,away,39,-2
6/19/2022,401391741,2022,NYL,SEA,home,3,-110,158.5,-110,72,81,9,153,1022200092,37,39,0,0,0,0,0,1,0,72,81,9,76,2,away,home,37,2
6/19/2022,401391743,2022,CON,WAS,away,-3.5,-110,159.5,-110,63,71,8,134,1022200094,43,27,0,0,0,0,0,0,0,71,63,-8,70,-16,home,away,27,16
6/19/2022,401391743,2022,WAS,CON,home,3.5,-110,159.5,-110,71,63,-8,134,1022200094,43,27,1,1,1,1,1,1,1,71,63,-8,70,-16,home,home,43,-16
6/19/2022,401391742,2022,CHI,IND,away,-8,-110,171.5,-110,87,89,2,176,1022200093,37,50,1,0,1,1,0,1,1,89,87,-2,87,13,away,away,50,-13
6/19/2022,401391742,2022,IND,CHI,home,8,-110,171.5,-110,89,87,-2,176,1022200093,37,50,0,1,0,0,1,0,0,89,87,-2,87,13,away,home,37,13
6/19/2022,401391744,2022,LAS,DAL,away,4,-110,169,-110,82,92,10,174,1022200095,50,45,0,0,0,0,1,1,1,92,82,-10,95,-5,home,away,45,5
6/19/2022,401391744,2022,DAL,LAS,home,-4,-110,169,-110,92,82,-10,174,1022200095,50,45,1,1,1,1,0,0,0,92,82,-10,95,-5,home,home,50,-5
6/19/2022,401391745,2022,MIN,LVA,away,15,-110,172,-110,95,96,1,191,1022200096,39,50,1,1,1,1,1,1,1,96,95,-1,89,11,away,away,50,-11
6/19/2022,401391745,2022,LVA,MIN,home,-15,-110,172,-110,96,95,-1,191,1022200096,39,50,0,0,0,0,0,0,0,96,95,-1,89,11,away,home,39,11
6/2/2018,401018811,2018,NYL,IND,away,-5.5,-110,156,-110,87,81,-6,168,1021800031,29,46,0,0,1,1,1,1,1,81,87,6,75,17,away,away,46,-17
6/2/2018,401018811,2018,IND,NYL,home,5.5,-110,156,-110,81,87,6,168,1021800031,29,46,1,1,0,0,0,0,0,81,87,6,75,17,away,home,29,17
6/2/2018,401018812,2018,SEA,DAL,away,3,-115,172,-110,90,94,4,184,1021800032,53,36,0,0,0,0,0,0,0,94,90,-4,89,-17,home,away,36,17
6/2/2018,401018812,2018,DAL,SEA,home,-3,-110,172,-110,94,90,-4,184,1021800032,53,36,1,1,1,1,1,1,1,94,90,-4,89,-17,home,home,53,-17
6/2/2019,401104928,2019,CON,LVA,away,5,-115,168,-110,80,74,-6,154,1021900016,43,40,1,1,0,0,0,0,0,74,80,6,83,-3,home,away,40,3
6/2/2019,401104928,2019,LVA,CON,home,-4.5,-113,168,-105,74,80,6,154,1021900016,43,40,0,0,1,1,1,1,1,74,80,6,83,-3,home,home,43,-3
6/2/2022,401391707,2022,CON,LVA,away,5,-110,169,-110,97,90,-7,187,1022200058,50,53,1,1,1,1,1,1,1,90,97,7,103,3,away,away,53,-3
6/2/2022,401391707,2022,LVA,CON,home,-5,-110,169,-110,90,97,7,187,1022200058,50,53,0,0,0,0,0,0,0,90,97,7,103,3,away,home,50,3
6/2/2023,401507157,2023,NYL,CHI,away,-10,-110,159,-105,77,76,-1,153,1022300028,43,35,0,0,0,0,0,0,0,76,77,1,78,-8,home,away,35,8
6/2/2023,401507157,2023,CHI,NYL,home,10,-110,159,-115,76,77,1,153,1022300028,43,35,1,1,1,1,1,1,1,76,77,1,78,-8,home,home,43,-8
6/2/2023,401507155,2023,DAL,WAS,away,7,105,168,-110,74,75,1,149,1022300026,36,30,0,1,1,0,0,0,0,75,74,-1,66,-6,home,away,30,6
6/2/2023,401507155,2023,WAS,DAL,home,-7,-125,168,-110,75,74,-1,149,1022300026,36,30,1,0,0,1,1,1,1,75,74,-1,66,-6,home,home,36,-6
6/2/2023,401507156,2023,LVA,ATL,away,-11.5,-110,173,-116,92,87,-5,179,1022300027,30,45,1,1,1,1,1,1,1,87,92,5,75,15,away,away,45,-15
6/2/2023,401507156,2023,ATL,LVA,home,11.5,-110,173,-104,87,92,5,179,1022300027,30,45,0,0,0,0,0,0,0,87,92,5,75,15,away,home,30,15
6/2/2023,401507158,2023,LAS,PHO,away,3.5,-110,164,-110,99,93,-6,192,1022300029,44,44,1,1,1,1,1,1,1,93,99,6,88,0,tie,away,44,-0
6/2/2023,401507158,2023,PHO,LAS,home,-3.5,-110,164,-110,93,99,6,192,1022300029,44,44,0,0,0,0,0,0,0,93,99,6,88,0,tie,home,44,0
6/20/2019,401104960,2019,PHO,DAL,away,-6,-110,145.5,-105,54,69,15,123,1021900048,33,27,0,0,0,0,0,0,0,69,54,-15,60,-6,home,away,27,6
6/20/2019,401104960,2019,DAL,PHO,home,6,-110,145,-110,69,54,-15,123,1021900048,33,27,1,1,1,1,1,1,1,69,54,-15,60,-6,home,home,33,-6
6/20/2019,401104961,2019,WAS,LVA,away,3.5,-110,166.5,-110,95,72,-23,167,1021900049,39,51,1,1,1,1,1,1,1,72,95,23,90,12,away,away,51,-12
6/20/2019,401104961,2019,LVA,WAS,home,-3.5,-110,166.5,-110,72,95,23,167,1021900049,39,51,0,0,0,0,0,0,0,72,95,23,90,12,away,home,39,12
6/20/2021,401320642,2021,NYL,LAS,away,2.5,-110,160.5,-110,76,73,-3,149,1022100078,36,44,1,0,1,1,1,1,1,73,76,3,80,8,away,away,44,-8
6/20/2021,401320642,2021,LAS,NYL,home,-2.5,-110,160.5,-110,73,76,3,149,1022100078,36,44,0,1,0,0,0,0,0,73,76,3,80,8,away,home,36,8
6/20/2023,401507196,2023,ATL,DAL,away,4,-110,173.5,-110,73,85,12,158,1022300067,43,32,0,0,0,0,0,0,0,85,73,-12,75,-11,home,away,32,11
6/20/2023,401507196,2023,DAL,ATL,home,-4,-110,173.5,-110,85,73,-12,158,1022300067,43,32,1,1,1,1,1,1,1,85,73,-12,75,-11,home,home,43,-11
6/20/2023,401507198,2023,CON,SEA,away,-8,-110,160.5,-110,85,79,-6,164,1022300069,48,45,1,1,1,0,1,1,0,79,85,6,93,-3,home,away,45,3
6/20/2023,401507198,2023,SEA,CON,home,8,-110,160.5,-110,79,85,6,164,1022300069,48,45,0,0,0,1,0,0,1,79,85,6,93,-3,home,home,48,-3
6/20/2023,401507197,2023,MIN,LAS,away,6.5,-110,157.5,-110,67,61,-6,128,1022300068,33,32,0,0,0,1,0,1,1,61,67,6,65,-1,home,away,32,1
6/20/2023,401507197,2023,LAS,MIN,home,-6.5,-110,157.5,-103,61,67,6,128,1022300068,33,32,1,1,1,0,1,0,0,61,67,6,65,-1,home,home,33,-1
6/21/2019,401104962,2019,ATL,CON,away,12.5,-110,152.5,-110,76,86,10,162,1021900050,39,25,0,0,0,0,0,0,0,86,76,-10,64,-14,home,away,25,14
6/21/2019,401104962,2019,CON,ATL,home,-12.5,-110,152.5,-110,86,76,-10,162,1021900050,39,25,1,1,1,1,1,1,1,86,76,-10,64,-14,home,home,39,-14
6/21/2019,401104963,2019,IND,CHI,away,4.5,-110,162.5,-110,76,69,-7,145,1021900051,31,40,1,1,1,1,1,1,1,69,76,7,71,9,away,away,40,-9
6/21/2019,401104963,2019,CHI,IND,home,-4.5,-110,162.5,-110,69,76,7,145,1021900051,31,40,0,0,0,0,0,0,0,69,76,7,71,9,away,home,31,9
6/21/2019,401104964,2019,LAS,SEA,away,-1.5,-110,154,-110,62,84,22,146,1021900052,46,34,1,0,0,0,0,0,0,84,62,-22,80,-12,home,away,34,12
6/21/2019,401104964,2019,SEA,LAS,home,1.5,-110,154,-110,84,62,-22,146,1021900052,46,34,0,1,1,1,1,1,1,84,62,-22,80,-12,home,home,46,-12
6/21/2022,401391746,2022,DAL,ATL,away,-4,-105,163.5,-110,75,80,5,155,1022200097,51,40,0,0,0,0,0,0,0,80,75,-5,91,-11,home,away,40,11
6/21/2022,401391746,2022,ATL,DAL,home,4,-115,163.5,-110,80,75,-5,155,1022200097,51,40,1,1,1,1,1,1,1,80,75,-5,91,-11,home,home,51,-11
6/21/2022,401391748,2022,MIN,PHO,away,6,-115,169,-110,84,71,-13,155,1022200099,40,36,0,0,0,0,0,0,0,71,84,13,76,-4,home,away,36,4
6/21/2022,401391748,2022,PHO,MIN,home,-6,-105,169,-110,71,84,13,155,1022200099,40,36,1,1,1,1,1,1,1,71,84,13,76,-4,home,home,40,-4
6/21/2022,401391747,2022,CHI,LVA,away,8,-110,176.5,-110,104,95,-9,199,1022200098,62,51,0,0,0,0,0,0,0,95,104,9,113,-11,home,away,51,11
6/21/2022,401391747,2022,LVA,CHI,home,-8,-110,176.5,-110,95,104,9,199,1022200098,62,51,1,1,1,1,1,1,1,95,104,9,113,-11,home,home,62,-11
6/21/2022,401391749,2022,WAS,LAS,away,-2.5,-110,161,-110,82,84,2,166,1022200100,35,31,1,0,0,0,0,0,0,84,82,-2,66,-4,home,away,31,4
6/21/2022,401391749,2022,LAS,WAS,home,2.5,-110,161,-110,84,82,-2,166,1022200100,35,31,0,1,1,1,1,1,1,84,82,-2,66,-4,home,home,35,-4
6/21/2023,401507199,2023,LVA,PHO,away,-19.5,-110,164,-110,99,79,-20,178,1022300070,40,57,1,1,1,1,1,1,1,79,99,20,97,17,away,away,57,-17
6/21/2023,401507199,2023,PHO,LVA,home,19.5,-110,164,-110,79,99,20,178,1022300070,40,57,0,0,0,0,0,0,0,79,99,20,97,17,away,home,40,17
6/22/2018,401018850,2018,CON,ATL,away,-6,-105,164.5,-110,70,75,5,145,1021800070,29,37,1,1,1,1,1,1,1,75,70,-5,66,8,away,away,37,-8
6/22/2018,401018850,2018,ATL,CON,home,6,-110,164.5,-110,75,70,-5,145,1021800070,29,37,0,0,0,0,0,0,0,75,70,-5,66,8,away,home,29,8
6/22/2018,401018851,2018,LAS,DAL,away,-4.5,-110,163,-110,72,101,29,173,1021800071,47,33,1,0,0,0,0,0,0,101,72,-29,80,-14,home,away,33,14
6/22/2018,401018851,2018,DAL,LAS,home,4.5,-110,163,-110,101,72,-29,173,1021800071,47,33,0,1,1,1,1,1,1,101,72,-29,80,-14,home,home,47,-14
6/22/2018,401018852,2018,WAS,CHI,away,-6,-105,168,-110,93,77,-16,170,1021800072,39,64,1,1,1,1,1,1,1,77,93,16,103,25,away,away,64,-25
6/22/2018,401018852,2018,CHI,WAS,home,6,-115,168,-110,77,93,16,170,1021800072,39,64,0,0,0,0,0,0,0,77,93,16,103,25,away,home,39,25
6/22/2018,401018854,2018,MIN,PHO,away,2.5,-110,162,-110,83,72,-11,155,1021800074,30,46,1,1,1,1,1,1,1,72,83,11,76,16,away,away,46,-16
6/22/2018,401018854,2018,PHO,MIN,home,-2.5,-110,162,-110,72,83,11,155,1021800074,30,46,0,0,0,0,0,0,0,72,83,11,76,16,away,home,30,16
6/22/2018,401018855,2018,IND,SEA,away,11.5,-110,166.5,-110,63,72,9,135,1021800075,37,30,0,0,0,0,0,0,0,72,63,-9,67,-7,home,away,30,7
6/22/2018,401018855,2018,SEA,IND,home,-11.5,-110,166.5,-110,72,63,-9,135,1021800075,37,30,1,1,1,1,1,1,1,72,63,-9,67,-7,home,home,37,-7
6/22/2018,401018853,2018,NYL,LVA,away,-1,-110,159.5,-110,78,88,10,166,1021800073,34,26,0,0,0,0,0,0,0,88,78,-10,60,-8,home,away,26,8
6/22/2018,401018853,2018,LVA,NYL,home,1,-110,159.5,-110,88,78,-10,166,1021800073,34,26,1,1,1,1,1,1,1,88,78,-10,60,-8,home,home,34,-8
6/22/2019,401104965,2019,NYL,MIN,away,8.5,-110,156.5,-108,83,92,9,175,1021900053,42,43,1,1,0,1,0,0,0,92,83,-9,85,1,away,away,43,-1
6/22/2019,401104965,2019,MIN,NYL,home,-8.5,-115,156.5,-112,92,83,-9,175,1021900053,42,43,0,0,1,0,1,1,1,92,83,-9,85,1,away,home,42,1
6/22/2019,401104966,2019,DAL,LVA,away,14.5,-115,153,-105,68,86,18,154,1021900054,49,34,0,0,1,0,0,0,0,86,68,-18,83,-15,home,away,34,15
6/22/2019,401104966,2019,LVA,DAL,home,-14.5,-105,152.5,-110,86,68,-18,154,1021900054,49,34,1,1,0,1,1,1,1,86,68,-18,83,-15,home,home,49,-15
6/22/2021,401320643,2021,DAL,CON,away,-0.5,-110,155.5,-110,70,80,10,150,1022100079,30,38,0,0,0,1,1,1,1,80,70,-10,68,8,away,away,38,-8
6/22/2021,401320643,2021,CON,DAL,home,-0.5,-110,155.5,-110,80,70,-10,150,1022100079,30,38,1,1,1,0,0,0,0,80,70,-10,68,8,away,home,30,8
6/22/2021,401320644,2021,CHI,NYL,away,-6.5,-110,171,-107,92,72,-20,164,1022100080,32,48,1,1,1,1,1,1,1,72,92,20,80,16,away,away,48,-16
6/22/2021,401320644,2021,NYL,CHI,home,6.5,-110,171,-113,72,92,20,164,1022100080,32,48,0,0,0,0,0,0,0,72,92,20,80,16,away,home,32,16
6/22/2021,401320645,2021,WAS,SEA,away,13.5,-110,167.5,-110,87,83,-4,170,1022100081,36,43,1,1,1,1,1,1,1,83,87,4,79,7,away,away,43,-7
6/22/2021,401320645,2021,SEA,WAS,home,-13.5,-110,167.5,-110,83,87,4,170,1022100081,36,43,0,0,0,0,0,0,0,83,87,4,79,7,away,home,36,7
6/22/2022,401391750,2022,NYL,CON,away,10.5,-110,163.5,-110,81,77,-4,158,1022200101,42,51,1,1,1,1,1,1,1,77,81,4,93,9,away,away,51,-9
6/22/2022,401391750,2022,CON,NYL,home,-10.5,-110,163.5,-110,77,81,4,158,1022200101,42,51,0,0,0,0,0,0,0,77,81,4,93,9,away,home,42,9
6/22/2023,401507201,2023,CON,MIN,away,-4,-110,158.5,110,89,68,-21,157,1022300072,28,41,1,1,1,1,1,1,1,68,89,21,69,13,away,away,41,-13
6/22/2023,401507201,2023,MIN,CON,home,4,-110,158.5,-130,68,89,21,157,1022300072,28,41,0,0,0,0,0,0,0,68,89,21,69,13,away,home,28,13
6/22/2023,401507200,2023,WAS,CHI,away,-2,-110,155,-110,80,59,-21,139,1022300071,30,43,1,1,1,1,1,1,1,59,80,21,73,13,away,away,43,-13
6/22/2023,401507200,2023,CHI,WAS,home,2,-110,155,-110,59,80,21,139,1022300071,30,43,0,0,0,0,0,0,0,59,80,21,73,13,away,home,30,13
6/22/2023,401507202,2023,IND,SEA,away,3,-110,164.5,-110,80,68,-12,148,1022300073,44,48,0,1,1,0,1,1,1,68,80,12,92,4,away,away,48,-4
6/22/2023,401507202,2023,SEA,IND,home,-3,-110,164.5,-110,68,80,12,148,1022300073,44,48,1,0,0,1,0,0,0,68,80,12,92,4,away,home,44,4
6/23/2019,401104967,2019,WAS,ATL,away,-9.5,-110,156,-110,89,73,-16,162,1021900055,45,42,1,1,1,0,1,1,0,73,89,16,87,-3,home,away,42,3
6/23/2019,401104967,2019,ATL,WAS,home,9.5,-110,156,-110,73,89,16,162,1021900055,45,42,0,0,0,1,0,0,1,73,89,16,87,-3,home,home,45,-3
6/23/2019,401104969,2019,LAS,PHO,away,-1.5,-105,152.5,-110,72,82,10,154,1021900057,44,42,1,1,0,0,1,1,0,82,72,-10,86,-2,home,away,42,2
6/23/2019,401104969,2019,PHO,LAS,home,1.5,-115,152.5,-110,82,72,-10,154,1021900057,44,42,0,0,1,1,0,0,1,82,72,-10,86,-2,home,home,44,-2
6/23/2019,401104968,2019,CON,CHI,away,-5,-110,164,-110,75,93,18,168,1021900056,56,35,0,0,0,0,0,0,0,93,75,-18,91,-21,home,away,35,21
6/23/2019,401104968,2019,CHI,CON,home,5,-110,164,-110,93,75,-18,168,1021900056,56,35,1,1,1,1,1,1,1,93,75,-18,91,-21,home,home,56,-21
6/23/2019,401104970,2019,IND,SEA,away,6,-110,153,-110,61,65,4,126,1021900058,32,35,0,0,0,0,0,1,0,65,61,-4,67,3,away,away,35,-3
6/23/2019,401104970,2019,SEA,IND,home,-6,-110,153,-110,65,61,-4,126,1021900058,32,35,1,1,1,1,1,0,1,65,61,-4,67,3,away,home,32,3
6/23/2021,401320646,2021,MIN,ATL,away,-4,-110,167.5,-110,87,85,-2,172,1022100082,46,40,1,0,0,0,0,0,0,85,87,2,86,-6,home,away,40,6
6/23/2021,401320646,2021,ATL,MIN,home,4,-110,167,-110,85,87,2,172,1022100082,46,40,0,1,1,1,1,1,1,85,87,2,86,-6,home,home,46,-6
6/23/2022,401391751,2022,IND,DAL,away,9,-110,170.5,-110,68,94,26,162,1022200102,55,38,0,0,0,0,0,0,0,94,68,-26,93,-17,home,away,38,17
6/23/2022,401391751,2022,DAL,IND,home,-9,-110,170.5,-110,94,68,-26,162,1022200102,55,38,1,1,1,1,1,1,1,94,68,-26,93,-17,home,home,55,-17
6/23/2022,401391752,2022,PHO,MIN,away,2.5,-110,166.5,-110,88,100,12,188,1022200103,60,48,1,1,1,1,0,0,0,100,88,-12,108,-12,home,away,48,12
6/23/2022,401391752,2022,MIN,PHO,home,-2.5,-110,166.5,-110,100,88,-12,188,1022200103,60,48,0,0,0,0,1,1,1,100,88,-12,108,-12,home,home,60,-12
6/23/2022,401391753,2022,WAS,SEA,away,4.5,-110,154.5,-110,71,85,14,156,1022200104,46,37,0,1,0,0,0,0,0,85,71,-14,83,-9,home,away,37,9
6/23/2022,401391753,2022,SEA,WAS,home,-4.5,-110,154.5,-110,85,71,-14,156,1022200104,46,37,1,0,1,1,1,1,1,85,71,-14,83,-9,home,home,46,-9
6/23/2022,401391754,2022,CHI,LAS,away,-4.5,-110,173,-110,82,59,-23,141,1022200105,25,54,1,1,1,1,1,1,1,59,82,23,79,29,away,away,54,-29
6/23/2022,401391754,2022,LAS,CHI,home,4.5,-110,173,-110,59,82,23,141,1022200105,25,54,0,0,0,0,0,0,0,59,82,23,79,29,away,home,25,29
6/23/2023,401507203,2023,NYL,ATL,away,-7,-108,172,-115,110,80,-30,190,1022300074,40,59,1,1,1,1,1,1,1,80,110,30,99,19,away,away,59,-19
6/23/2023,401507203,2023,ATL,NYL,home,7,-112,172,-105,80,110,30,190,1022300074,40,59,0,0,0,0,0,0,0,80,110,30,99,19,away,home,40,19
6/23/2023,401507204,2023,DAL,LAS,away,-2.5,-117,163.5,-110,74,76,2,150,1022300075,33,42,1,1,1,1,1,1,1,76,74,-2,75,9,away,away,42,-9
6/23/2023,401507204,2023,LAS,DAL,home,2.5,-103,163.5,-110,76,74,-2,150,1022300075,33,42,0,0,0,0,0,0,0,76,74,-2,75,9,away,home,33,9
6/24/2018,401018856,2018,SEA,DAL,away,2.5,-110,170.5,-110,97,76,-21,173,1021800076,42,49,1,1,1,1,1,1,1,76,97,21,91,7,away,away,49,-7
6/24/2018,401018856,2018,DAL,SEA,home,-2.5,-110,170.5,-110,76,97,21,173,1021800076,42,49,0,0,0,0,0,0,0,76,97,21,91,7,away,home,42,7
6/24/2018,401018858,2018,CON,IND,away,-8.5,-110,165.5,-110,87,78,-9,165,1021800078,45,43,1,1,1,1,1,1,1,78,87,9,88,-2,home,away,43,2
6/24/2018,401018858,2018,IND,CON,home,8.5,-110,165.5,-110,78,87,9,165,1021800078,45,43,0,0,0,0,0,0,0,78,87,9,88,-2,home,home,45,-2
6/24/2018,401018857,2018,NYL,LAS,away,10.5,-110,151,-110,54,80,26,134,1021800077,43,27,0,0,0,0,0,0,0,80,54,-26,70,-16,home,away,27,16
6/24/2018,401018857,2018,LAS,NYL,home,-10.5,-110,151,-110,80,54,-26,134,1021800077,43,27,1,1,1,1,1,1,1,80,54,-26,70,-16,home,home,43,-16
6/24/2018,401018859,2018,MIN,LVA,away,-7,-110,163,-110,88,73,-15,161,1021800079,33,39,1,1,1,1,1,1,1,73,88,15,72,6,away,away,39,-6
6/24/2018,401018859,2018,LVA,MIN,home,7,-110,163,-110,73,88,15,161,1021800079,33,39,0,0,0,0,0,0,0,73,88,15,72,6,away,home,33,6
6/24/2018,401018860,2018,PHO,CHI,away,-6.5,-115,164.5,-110,88,97,9,185,1021800080,47,43,0,0,0,0,0,0,0,97,88,-9,90,-4,home,away,43,4
6/24/2018,401018860,2018,CHI,PHO,home,6.5,-105,164.5,-110,97,88,-9,185,1021800080,47,43,1,1,1,1,1,1,1,97,88,-9,90,-4,home,home,47,-4
6/24/2021,401320647,2021,DAL,IND,away,-8,-120,162.5,-110,89,64,-25,153,1022100083,24,43,1,1,1,1,1,1,1,64,89,25,67,19,away,away,43,-19
6/24/2021,401320647,2021,IND,DAL,home,8.5,-110,162.5,-110,64,89,25,153,1022100083,24,43,0,0,0,0,0,0,0,64,89,25,67,19,away,home,24,19
6/24/2021,401320648,2021,CHI,NYL,away,-6,-110,171,-110,91,68,-23,159,1022100084,27,55,1,1,1,1,1,1,1,68,91,23,82,28,away,away,55,-28
6/24/2021,401320648,2021,NYL,CHI,home,7,-110,171,-110,68,91,23,159,1022100084,27,55,0,0,0,0,0,0,0,68,91,23,82,28,away,home,27,28
6/24/2021,401320649,2021,WAS,LAS,away,-3.5,-110,156.5,-110,82,89,7,171,1022100085,49,44,1,1,1,1,1,0,1,89,82,-7,93,-5,home,away,44,5
6/24/2021,401320649,2021,LAS,WAS,home,3.5,-110,156.5,-110,89,82,-7,171,1022100085,49,44,0,0,0,0,0,1,0,89,82,-7,93,-5,home,home,49,-5
6/24/2022,401391755,2022,NYL,ATL,away,1,-110,159,-110,89,77,-12,166,1022200106,43,53,1,1,1,1,1,1,1,77,89,12,96,10,away,away,53,-10
6/24/2022,401391755,2022,ATL,NYL,home,-1,-110,159,-110,77,89,12,166,1022200106,43,53,0,0,0,0,0,0,0,77,89,12,96,10,away,home,43,10
6/24/2023,401507206,2023,PHO,SEA,away,1.5,-110,162.5,-112,74,97,23,171,1022300077,49,34,0,0,0,0,0,0,0,97,74,-23,83,-15,home,away,34,15
6/24/2023,401507206,2023,SEA,PHO,home,-1.5,-110,162.5,-108,97,74,-23,171,1022300077,49,34,1,1,1,1,1,1,1,97,74,-23,83,-15,home,home,49,-15
6/24/2023,401507205,2023,IND,LVA,away,15.5,-110,170,-115,88,101,13,189,1022300076,57,43,0,0,0,0,0,0,0,101,88,-13,100,-14,home,away,43,14
6/24/2023,401507205,2023,LVA,IND,home,-15.5,-110,170,-105,101,88,-13,189,1022300076,57,43,1,1,1,1,1,1,1,101,88,-13,100,-14,home,home,57,-14
6/25/2019,401104971,2019,MIN,IND,away,-2.5,-110,151,-110,78,74,-4,152,1021900059,23,43,1,1,1,1,1,1,1,74,78,4,66,20,away,away,43,-20
6/25/2019,401104971,2019,IND,MIN,home,2.5,-110,151,-110,74,78,4,152,1021900059,23,43,0,0,0,0,0,0,0,74,78,4,66,20,away,home,23,20
6/25/2019,401104972,2019,SEA,LVA,away,6.5,-110,158.5,-110,56,60,4,116,1021900060,36,32,0,0,0,0,0,0,0,60,56,-4,68,-4,home,away,32,4
6/25/2019,401104972,2019,LVA,SEA,home,-6.5,-110,158.5,-110,60,56,-4,116,1021900060,36,32,1,1,1,1,1,1,1,60,56,-4,68,-4,home,home,36,-4
6/25/2021,401320650,2021,LVA,MIN,away,-6,-110,172,-110,89,90,1,179,1022100086,44,48,0,0,0,0,1,0,1,90,89,-1,92,4,away,away,48,-4
6/25/2021,401320650,2021,MIN,LVA,home,6,-110,172,-110,90,89,-1,179,1022100086,44,48,1,1,1,1,0,1,0,90,89,-1,92,4,away,home,44,4
6/25/2022,401391756,2022,PHO,DAL,away,6.5,-105,168.5,-110,83,72,-11,155,1022200107,45,44,0,0,0,0,0,0,0,72,83,11,89,-1,home,away,44,1
6/25/2022,401391756,2022,DAL,PHO,home,-6.5,-115,168.5,-110,72,83,11,155,1022200107,45,44,1,1,1,1,1,1,1,72,83,11,89,-1,home,home,45,-1
6/25/2022,401391757,2022,LAS,SEA,away,7,-115,160,-110,85,77,-8,162,1022200108,43,49,0,0,0,0,1,1,1,77,85,8,92,6,away,away,49,-6
6/25/2022,401391757,2022,SEA,LAS,home,-7,-105,160,-110,77,85,8,162,1022200108,43,49,1,1,1,1,0,0,0,77,85,8,92,6,away,home,43,6
6/25/2022,401391758,2022,WAS,LVA,away,9,-110,167,-110,87,86,-1,173,1022200109,40,46,1,1,1,0,1,1,1,86,87,1,86,6,away,away,46,-6
6/25/2022,401391758,2022,LVA,WAS,home,-9,-110,167,-110,86,87,1,173,1022200109,40,46,0,0,0,1,0,0,0,86,87,1,86,6,away,home,40,6
6/25/2023,401507207,2023,CHI,CON,away,6,-112,157.5,-102,72,96,24,168,1022300078,54,42,1,1,1,0,0,0,0,96,72,-24,96,-12,home,away,42,12
6/25/2023,401507207,2023,CON,CHI,home,-6,-110,157.5,-118,96,72,-24,168,1022300078,54,42,0,0,0,1,1,1,1,96,72,-24,96,-12,home,home,54,-12
6/25/2023,401507208,2023,WAS,NYL,away,7,-110,162,-110,88,89,1,177,1022300079,39,45,1,1,1,1,1,1,1,89,88,-1,84,6,away,away,45,-6
6/25/2023,401507208,2023,NYL,WAS,home,-7,-110,162.5,-110,89,88,-1,177,1022300079,39,45,0,0,0,0,0,0,0,89,88,-1,84,6,away,home,39,6
6/25/2023,401507209,2023,DAL,LAS,away,-2.5,-110,162.5,-110,83,93,10,176,1022300080,44,44,1,1,0,0,0,0,0,93,83,-10,88,0,tie,away,44,-0
6/25/2023,401507209,2023,LAS,DAL,home,2.5,-110,162.5,-110,93,83,-10,176,1022300080,44,44,0,0,1,1,1,1,1,93,83,-10,88,0,tie,home,44,0
6/26/2018,401018861,2018,PHO,NYL,away,-3.5,-110,160.5,-110,83,69,-14,152,1021800081,37,44,1,1,1,1,1,1,1,69,83,14,81,7,away,away,44,-7
6/26/2018,401018861,2018,NYL,PHO,home,3.5,-110,160.5,-110,69,83,14,152,1021800081,37,44,0,0,0,0,0,0,0,69,83,14,81,7,away,home,37,7
6/26/2018,401018862,2018,CON,WAS,away,3.5,-110,171,-110,80,92,12,172,1021800082,43,46,1,1,1,1,1,1,1,92,80,-12,89,3,away,away,46,-3
6/26/2018,401018862,2018,WAS,CON,home,-3.5,-110,171,-110,92,80,-12,172,1021800082,43,46,0,0,0,0,0,0,0,92,80,-12,89,3,away,home,43,3
6/26/2018,401018863,2018,SEA,MIN,away,7.5,-110,164,-110,79,91,12,170,1021800083,43,34,0,0,0,0,0,0,0,91,79,-12,77,-9,home,away,34,9
6/26/2018,401018863,2018,MIN,SEA,home,-7.5,-110,164,-110,91,79,-12,170,1021800083,43,34,1,1,1,1,1,1,1,91,79,-12,77,-9,home,home,43,-9
6/26/2018,401018864,2018,DAL,LAS,away,8.5,-133,158.5,-110,83,87,4,170,1021800084,42,46,1,1,1,0,1,1,1,87,83,-4,88,4,away,away,46,-4
6/26/2018,401018864,2018,LAS,DAL,home,-8.5,113,158.5,-110,87,83,-4,170,1021800084,42,46,0,0,0,1,0,0,0,87,83,-4,88,4,away,home,42,4
6/26/2019,401104973,2019,WAS,CHI,away,-6.5,-105,164.5,-110,81,74,-7,155,1021900061,45,50,1,0,1,1,1,1,1,74,81,7,95,5,away,away,50,-5
6/26/2019,401104973,2019,CHI,WAS,home,6.5,-115,164.5,-105,74,81,7,155,1021900061,45,50,0,1,0,0,0,0,0,74,81,7,95,5,away,home,45,5
6/26/2019,401104974,2019,CON,DAL,away,-9,-110,148.5,-110,73,74,1,147,1021900062,37,34,1,0,0,0,0,0,0,74,73,-1,71,-3,home,away,34,3
6/26/2019,401104974,2019,DAL,CON,home,9,-110,148.5,-110,74,73,-1,147,1021900062,37,34,0,1,1,1,1,1,1,74,73,-1,71,-3,home,home,37,-3
6/26/2021,401320651,2021,WAS,DAL,away,6.5,-115,167.5,-110,74,85,11,159,1022100087,46,30,0,0,0,0,0,0,0,85,74,-11,76,-16,home,away,30,16
6/26/2021,401320651,2021,DAL,WAS,home,-6,-112,167.5,-110,85,74,-11,159,1022100087,46,30,1,1,1,1,1,1,1,85,74,-11,76,-16,home,home,46,-16
6/26/2021,401320652,2021,NYL,ATL,away,5,-110,170,-110,101,78,-23,179,1022100088,40,43,1,1,1,1,1,1,1,78,101,23,83,3,away,away,43,-3
6/26/2021,401320652,2021,ATL,NYL,home,-5,-110,170,-110,78,101,23,179,1022100088,40,43,0,0,0,0,0,0,0,78,101,23,83,3,away,home,40,3
6/26/2022,401391759,2022,CON,ATL,away,-8,-110,163.5,-110,72,61,-11,133,1022200110,22,39,1,0,1,1,1,1,1,61,72,11,61,17,away,away,39,-17
6/26/2022,401391759,2022,ATL,CON,home,8,-110,163.5,-110,61,72,11,133,1022200110,22,39,0,1,0,0,0,0,0,61,72,11,61,17,away,home,22,17
6/26/2022,401391760,2022,MIN,CHI,away,5.5,-110,170.5,-105,85,88,3,173,1022200111,46,44,0,0,1,1,1,1,1,88,85,-3,90,-2,home,away,44,2
6/26/2022,401391760,2022,CHI,MIN,home,-5.5,-110,170.5,-115,88,85,-3,173,1022200111,46,44,1,1,0,0,0,0,0,88,85,-3,90,-2,home,home,46,-2
6/26/2023,401507210,2023,IND,LVA,away,14.5,-105,168.5,-110,80,88,8,168,1022300081,48,49,1,0,1,0,0,0,1,88,80,-8,97,1,away,away,49,-1
6/26/2023,401507210,2023,LVA,IND,home,-14.5,-115,168.5,-110,88,80,-8,168,1022300081,48,49,0,1,0,1,1,1,0,88,80,-8,97,1,away,home,48,1
6/27/2018,401018865,2018,ATL,CHI,away,2,-105,157.5,-110,80,93,13,173,1021800085,30,38,1,1,1,1,1,1,1,93,80,-13,68,8,away,away,38,-8
6/27/2018,401018865,2018,CHI,ATL,home,-2,-115,157.5,-110,93,80,-13,173,1021800085,30,38,0,0,0,0,0,0,0,93,80,-13,68,8,away,home,30,8
6/27/2018,401018866,2018,IND,CON,away,11,-110,166,-110,89,101,12,190,1021800086,52,36,0,0,0,0,0,0,0,101,89,-12,88,-16,home,away,36,16
6/27/2018,401018866,2018,CON,IND,home,-11,-110,166,-110,101,89,-12,190,1021800086,52,36,1,1,1,1,1,1,1,101,89,-12,88,-16,home,home,52,-16
6/27/2018,401018867,2018,DAL,LVA,away,-2,103,167.5,-110,97,91,-6,188,1021800087,52,55,0,0,0,1,0,1,1,91,97,6,107,3,away,away,55,-3
6/27/2018,401018867,2018,LVA,DAL,home,2,-123,167.5,-110,91,97,6,188,1021800087,52,55,1,1,1,0,1,0,0,91,97,6,107,3,away,home,52,3
6/27/2019,401104975,2019,LVA,LAS,away,-2,-105,158,-110,74,86,12,160,1021900063,40,34,1,1,0,0,0,0,0,86,74,-12,74,-6,home,away,34,6
6/27/2019,401104975,2019,LAS,LVA,home,2,-115,158,-110,86,74,-12,160,1021900063,40,34,0,0,1,1,1,1,1,86,74,-12,74,-6,home,home,40,-6
6/27/2021,401320654,2021,CHI,CON,away,-5,-110,158,-110,58,74,16,132,1022100090,36,30,0,0,0,0,0,0,0,74,58,-16,66,-6,home,away,30,6
6/27/2021,401320654,2021,CON,CHI,home,5,-110,158,-110,74,58,-16,132,1022100090,36,30,1,1,1,1,1,1,1,74,58,-16,66,-6,home,home,36,-6
6/27/2021,401320655,2021,SEA,LVA,away,2.5,-115,170.5,-110,92,95,3,187,1022100091,37,42,0,1,1,1,1,1,1,95,92,-3,79,5,away,away,42,-5
6/27/2021,401320655,2021,LVA,SEA,home,-2.5,-105,170.5,-110,95,92,-3,187,1022100091,37,42,1,0,0,0,0,0,0,95,92,-3,79,5,away,home,37,5
6/27/2021,401320653,2021,LAS,PHO,away,7,-110,156,-110,79,88,9,167,1022100089,47,43,0,0,0,1,0,0,0,88,79,-9,90,-4,home,away,43,4
6/27/2021,401320653,2021,PHO,LAS,home,-7,-110,156.5,-110,88,79,-9,167,1022100089,47,43,1,1,1,0,1,1,1,88,79,-9,90,-4,home,home,47,-4
6/27/2022,401391761,2022,IND,PHO,away,7,-110,169.5,-110,71,83,12,154,1022200112,45,41,0,0,0,0,1,1,1,83,71,-12,86,-4,home,away,41,4
6/27/2022,401391761,2022,PHO,IND,home,-7,-110,169.5,-110,83,71,-12,154,1022200112,45,41,1,1,1,1,0,0,0,83,71,-12,86,-4,home,home,45,-4
6/27/2022,401391762,2022,LVA,LAS,away,-8.5,-105,176,-110,79,73,-6,152,1022200113,36,40,0,0,0,0,0,1,1,73,79,6,76,4,away,away,40,-4
6/27/2022,401391762,2022,LAS,LVA,home,8.5,-115,176,-110,73,79,6,152,1022200113,36,40,1,1,1,1,1,0,0,73,79,6,76,4,away,home,36,4
6/27/2023,401507211,2023,NYL,CON,away,-5,-108,168,-110,89,81,-8,170,1022300082,43,47,1,0,1,0,1,1,0,81,89,8,90,4,away,away,47,-4
6/27/2023,401507211,2023,CON,NYL,home,5,-112,168,-110,81,89,8,170,1022300082,43,47,0,1,0,1,0,0,1,81,89,8,90,4,away,home,43,4
6/27/2023,401507212,2023,SEA,MIN,away,3.5,-110,161,-110,93,104,11,197,1022300083,53,47,0,0,0,0,0,0,0,104,93,-11,100,-6,home,away,47,6
6/27/2023,401507212,2023,MIN,SEA,home,-3.5,-110,161,-110,104,93,-11,197,1022300083,53,47,1,1,1,1,1,1,1,104,93,-11,100,-6,home,home,53,-6
6/27/2023,401507213,2023,DAL,PHO,away,-4,-110,168,-110,77,62,-15,139,1022300084,32,36,1,1,1,1,1,1,1,62,77,15,68,4,away,away,36,-4
6/27/2023,401507213,2023,PHO,DAL,home,4,-110,168.5,-110,62,77,15,139,1022300084,32,36,0,0,0,0,0,0,0,62,77,15,68,4,away,home,32,4
6/28/2018,401018868,2018,NYL,WAS,away,9.5,-115,162.5,-110,77,80,3,157,1021800088,44,39,1,1,1,1,0,1,0,80,77,-3,83,-5,home,away,39,5
6/28/2018,401018868,2018,WAS,NYL,home,-9.5,-110,162.5,-110,80,77,-3,157,1021800088,44,39,0,0,0,0,1,0,1,80,77,-3,83,-5,home,home,44,-5
6/28/2018,401018869,2018,LAS,SEA,away,3,-110,160,-110,72,81,9,153,1021800089,41,35,0,0,0,0,0,0,0,81,72,-9,76,-6,home,away,35,6
6/28/2018,401018869,2018,SEA,LAS,home,-3,-110,160,-110,81,72,-9,153,1021800089,41,35,1,1,1,1,1,1,1,81,72,-9,76,-6,home,home,41,-6
6/28/2019,401104976,2019,DAL,NYL,away,4.5,-115,153.5,-115,68,69,1,137,1021900064,38,33,1,0,0,0,0,0,0,69,68,-1,71,-5,home,away,33,5
6/28/2019,401104976,2019,NYL,DAL,home,-4,-105,153.5,-110,69,68,-1,137,1021900064,38,33,0,1,1,1,1,1,1,69,68,-1,71,-5,home,home,38,-5
6/28/2019,401104978,2019,CHI,SEA,away,3,-110,152.5,-110,76,79,3,155,1021900066,51,43,0,0,0,0,0,0,0,79,76,-3,94,-8,home,away,43,8
6/28/2019,401104978,2019,SEA,CHI,home,-3,-110,152.5,-110,79,76,-3,155,1021900066,51,43,1,1,1,1,1,1,1,79,76,-3,94,-8,home,home,51,-8
6/28/2019,401104977,2019,IND,PHO,away,5,-110,151.5,-110,69,91,22,160,1021900065,50,38,1,1,1,0,0,0,0,91,69,-22,88,-12,home,away,38,12
6/28/2019,401104977,2019,PHO,IND,home,-5,-110,151.5,-110,91,69,-22,160,1021900065,50,38,0,0,0,1,1,1,1,91,69,-22,88,-12,home,home,50,-12
6/28/2022,401391764,2022,DAL,MIN,away,3,-110,165,-110,64,92,28,156,1022200115,50,24,0,0,0,0,0,0,0,92,64,-28,74,-26,home,away,24,26
6/28/2022,401391764,2022,MIN,DAL,home,-3,-110,165,-110,92,64,-28,156,1022200115,50,24,1,1,1,1,1,1,1,92,64,-28,74,-26,home,home,50,-26
6/28/2022,401391763,2022,ATL,WAS,away,7.5,-110,153.5,-113,74,92,18,166,1022200114,52,32,0,0,0,0,0,0,0,92,74,-18,84,-20,home,away,32,20
6/28/2022,401391763,2022,WAS,ATL,home,-7.5,-110,153.5,-107,92,74,-18,166,1022200114,52,32,1,1,1,1,1,1,1,92,74,-18,84,-20,home,home,52,-20
6/28/2023,401507214,2023,LAS,CHI,away,2.5,-110,155.5,-115,63,80,17,143,1022300085,46,37,1,1,1,0,0,0,0,80,63,-17,83,-9,home,away,37,9
6/28/2023,401507214,2023,CHI,LAS,home,-2.5,-110,156.5,-110,80,63,-17,143,1022300085,46,37,0,0,0,1,1,1,1,80,63,-17,83,-9,home,home,46,-9
6/28/2023,401507215,2023,ATL,WAS,away,5,-110,163,-108,86,109,23,195,1022300086,61,33,1,0,0,0,0,0,0,109,86,-23,94,-28,home,away,33,28
6/28/2023,401507215,2023,WAS,ATL,home,-5,-110,163,-112,109,86,-23,195,1022300086,61,33,0,1,1,1,1,1,1,109,86,-23,94,-28,home,home,61,-28
6/29/2018,401018870,2018,PHO,IND,away,-7.5,-110,162.5,-110,95,77,-18,172,1021800090,39,56,1,1,1,1,1,1,1,77,95,18,95,17,away,away,56,-17
6/29/2018,401018870,2018,IND,PHO,home,7,-110,162.5,-110,77,95,18,172,1021800090,39,56,0,0,0,0,0,0,0,77,95,18,95,17,away,home,39,17
6/29/2018,401018871,2018,CHI,NYL,away,3.5,-110,162,-110,103,99,-4,202,1021800091,55,52,0,0,0,0,1,0,0,99,103,4,107,-3,home,away,52,3
6/29/2018,401018871,2018,NYL,CHI,home,-3.5,-110,162,-110,99,103,4,202,1021800091,55,52,1,1,1,1,0,1,1,99,103,4,107,-3,home,home,55,-3
6/29/2018,401018872,2018,ATL,MIN,away,12,-115,155.5,105,74,85,11,159,1021800092,39,36,0,1,1,0,0,0,0,85,74,-11,75,-3,home,away,36,3
6/29/2018,401018872,2018,MIN,ATL,home,-12,-105,155.5,-125,85,74,-11,159,1021800092,39,36,1,0,0,1,1,1,1,85,74,-11,75,-3,home,home,39,-3
6/29/2018,401018873,2018,LAS,LVA,away,-7,-110,159,105,78,94,16,172,1021800093,44,37,1,1,0,0,0,0,0,94,78,-16,81,-7,home,away,37,7
6/29/2018,401018873,2018,LVA,LAS,home,7,-110,158,-105,94,78,-16,172,1021800093,44,37,0,0,1,1,1,1,1,94,78,-16,81,-7,home,home,44,-7
6/29/2019,401104979,2019,CON,WAS,away,7,-110,161.5,-110,59,102,43,161,1021900067,56,30,0,0,0,0,0,0,0,102,59,-43,86,-26,home,away,30,26
6/29/2019,401104979,2019,WAS,CON,home,-7,-110,161.5,-110,102,59,-43,161,1021900067,56,30,1,1,1,1,1,1,1,102,59,-43,86,-26,home,home,56,-26
6/29/2019,401104980,2019,IND,LVA,away,13,-110,159.5,-110,97,102,5,199,1021900068,45,45,1,1,1,1,1,1,1,102,97,-5,90,0,tie,away,45,-0
6/29/2019,401104980,2019,LVA,IND,home,-13,-110,159.5,-110,102,97,-5,199,1021900068,45,45,0,0,0,0,0,0,0,102,97,-5,90,0,tie,home,45,0
6/29/2021,401320656,2021,NYL,ATL,away,3.5,-110,170.5,-110,69,73,4,142,1022100092,40,34,1,1,1,1,0,0,0,73,69,-4,74,-6,home,away,34,6
6/29/2021,401320656,2021,ATL,NYL,home,-3.5,-110,170.5,-110,73,69,-4,142,1022100092,40,34,0,0,0,0,1,1,1,73,69,-4,74,-6,home,home,40,-6
6/29/2021,401320657,2021,CON,WAS,away,-6.5,-110,158,-110,90,71,-19,161,1022100093,33,49,1,1,1,1,1,1,1,71,90,19,82,16,away,away,49,-16
6/29/2021,401320657,2021,WAS,CON,home,6.5,-110,158,-110,71,90,19,161,1022100093,33,49,0,0,0,0,0,0,0,71,90,19,82,16,away,home,33,16
6/29/2022,401391765,2022,CON,CHI,away,2,-110,165,-110,83,91,8,174,1022200116,55,33,0,0,0,0,0,0,0,91,83,-8,88,-22,home,away,33,22
6/29/2022,401391765,2022,CHI,CON,home,-2,-110,165,-110,91,83,-8,174,1022200116,55,33,1,1,1,1,1,1,1,91,83,-8,88,-22,home,home,55,-22
6/29/2022,401391766,2022,IND,PHO,away,7,-110,166,-110,78,99,21,177,1022200117,49,43,0,0,0,1,1,1,1,99,78,-21,92,-6,home,away,43,6
6/29/2022,401391766,2022,PHO,IND,home,-7,-110,166,-110,99,78,-21,177,1022200117,49,43,1,1,1,0,0,0,0,99,78,-21,92,-6,home,home,49,-6
6/29/2022,401391767,2022,LVA,SEA,away,-1,-110,166,-110,78,88,10,166,1022200118,44,47,1,0,1,1,1,1,1,88,78,-10,91,3,away,away,47,-3
6/29/2022,401391767,2022,SEA,LVA,home,1,-110,166,-110,88,78,-10,166,1022200118,44,47,0,1,0,0,0,0,0,88,78,-10,91,3,away,home,44,3
6/29/2023,401507218,2023,MIN,SEA,away,2.5,-107,162,-105,99,97,-2,196,1022300089,46,48,1,1,1,1,1,1,1,97,99,2,94,2,away,away,48,-2
6/29/2023,401507218,2023,SEA,MIN,home,-3,-110,162,-115,97,99,2,196,1022300089,46,48,0,0,0,0,0,0,0,97,99,2,94,2,away,home,46,2
6/29/2023,401507217,2023,IND,PHO,away,-3,105,163,-110,63,85,22,148,1022300088,52,35,0,0,0,0,0,0,0,85,63,-22,87,-17,home,away,35,17
6/29/2023,401507217,2023,PHO,IND,home,3,-125,163,-110,85,63,-22,148,1022300088,52,35,1,1,1,1,1,1,1,85,63,-22,87,-17,home,home,52,-17
6/29/2023,401507216,2023,NYL,LVA,away,6.5,-110,175.5,-105,81,98,17,179,1022300087,49,42,0,0,0,0,0,0,0,98,81,-17,91,-7,home,away,42,7
6/29/2023,401507216,2023,LVA,NYL,home,-6.5,-110,175.5,-115,98,81,-17,179,1022300087,49,42,1,1,1,1,1,1,1,98,81,-17,91,-7,home,home,49,-7
6/3/2018,401018814,2018,CON,WAS,away,-6.5,-110,172,-110,88,64,-24,152,1021800034,35,49,1,1,1,1,1,1,1,64,88,24,84,14,away,away,49,-14
6/3/2018,401018814,2018,WAS,CON,home,6.5,-110,172,-110,64,88,24,152,1021800034,35,49,0,0,0,0,0,0,0,64,88,24,84,14,away,home,35,14
6/3/2018,401018813,2018,PHO,ATL,away,1.5,-105,162,-110,78,71,-7,149,1021800033,30,38,1,1,1,1,1,1,1,71,78,7,68,8,away,away,38,-8
6/3/2018,401018813,2018,ATL,PHO,home,-1.5,-115,162,-110,71,78,7,149,1021800033,30,38,0,0,0,0,0,0,0,71,78,7,68,8,away,home,30,8
6/3/2018,401018815,2018,MIN,LAS,away,6,-110,158,-115,69,77,8,146,1021800035,40,38,0,0,0,0,0,0,0,77,69,-8,78,-2,home,away,38,2
6/3/2018,401018815,2018,LAS,MIN,home,-6,-110,158,-110,77,69,-8,146,1021800035,40,38,1,1,1,1,1,1,1,77,69,-8,78,-2,home,home,40,-2
6/3/2018,401018816,2018,LVA,CHI,away,5,-110,165,-110,90,95,5,185,1021800036,45,52,1,1,1,1,1,1,1,95,90,-5,97,7,away,away,52,-7
6/3/2018,401018816,2018,CHI,LVA,home,-5,-115,165,-110,95,90,-5,185,1021800036,45,52,0,0,0,0,0,0,0,95,90,-5,97,7,away,home,45,7
6/3/2021,401320606,2021,LVA,NYL,away,-9,-115,170.5,-110,94,82,-12,176,1022100042,44,52,1,1,1,1,1,1,1,82,94,12,96,8,away,away,52,-8
6/3/2021,401320606,2021,NYL,LVA,home,9,-105,170.5,-110,82,94,12,176,1022100042,44,52,0,0,0,0,0,0,0,82,94,12,96,8,away,home,44,8
6/3/2021,401320607,2021,CHI,PHO,away,1,-120,164.5,-110,74,77,3,151,1022100043,34,26,0,0,0,0,0,0,1,77,74,-3,60,-8,home,away,26,8
6/3/2021,401320607,2021,PHO,CHI,home,-1,100,164.5,-110,77,74,-3,151,1022100043,34,26,1,1,1,1,1,1,0,77,74,-3,60,-8,home,home,34,-8
6/3/2021,401320608,2021,IND,LAS,away,5,-110,158,-110,63,98,35,161,1022100044,48,25,1,0,0,0,0,0,0,98,63,-35,73,-23,home,away,25,23
6/3/2021,401320608,2021,LAS,IND,home,-5,-110,158,-110,98,63,-35,161,1022100044,48,25,0,1,1,1,1,1,1,98,63,-35,73,-23,home,home,48,-23
6/3/2022,401391708,2022,NYL,WAS,away,12,-110,154,-110,74,70,-4,144,1022200059,28,30,1,1,1,0,1,1,1,70,74,4,58,2,away,away,30,-2
6/3/2022,401391708,2022,WAS,NYL,home,-12,-110,154,-110,70,74,4,144,1022200059,28,30,0,0,0,1,0,0,0,70,74,4,58,2,away,home,28,2
6/3/2022,401391709,2022,CHI,ATL,away,-4.5,-114,156,-110,73,65,-8,138,1022200060,31,39,1,1,1,1,1,1,1,65,73,8,70,8,away,away,39,-8
6/3/2022,401391709,2022,ATL,CHI,home,4.5,-106,156,-110,65,73,8,138,1022200060,31,39,0,0,0,0,0,0,0,65,73,8,70,8,away,home,31,8
6/3/2022,401391710,2022,CON,PHO,away,-7,-110,163.5,-110,92,88,-4,180,1022200061,45,42,1,1,1,0,0,0,0,88,92,4,87,-3,home,away,42,3
6/3/2022,401391710,2022,PHO,CON,home,7,-110,163.5,-110,88,92,4,180,1022200061,45,42,0,0,0,1,1,1,1,88,92,4,87,-3,home,home,45,-3
6/3/2022,401391711,2022,DAL,SEA,away,6,-110,159.5,-110,68,51,-17,119,1022200062,27,31,1,1,1,1,1,1,1,51,68,17,58,4,away,away,31,-4
6/3/2022,401391711,2022,SEA,DAL,home,-6,-110,159.5,-110,51,68,17,119,1022200062,27,31,0,0,0,0,0,0,0,51,68,17,58,4,away,home,27,4
6/3/2023,401507159,2023,MIN,WAS,away,8,-110,160.5,-110,80,78,-2,158,1022300030,32,39,0,0,0,1,1,1,1,78,80,2,71,7,away,away,39,-7
6/3/2023,401507159,2023,WAS,MIN,home,-8,-110,160.5,-110,78,80,2,158,1022300030,32,39,1,1,1,0,0,0,0,78,80,2,71,7,away,home,32,7
6/3/2023,401507160,2023,SEA,LAS,away,6.5,-106,162,-110,85,92,7,177,1022300031,39,39,1,1,1,1,1,0,0,92,85,-7,78,0,tie,away,39,-0
6/3/2023,401507160,2023,LAS,SEA,home,-6.5,-114,162,-110,92,85,-7,177,1022300031,39,39,0,0,0,0,0,1,1,92,85,-7,78,0,tie,home,39,0
6/30/2018,401018874,2018,PHO,WAS,away,3.5,-110,167.5,-110,84,74,-10,158,1021800094,35,39,0,1,1,1,1,0,1,74,84,10,74,4,away,away,39,-4
6/30/2018,401018874,2018,WAS,PHO,home,-3.5,-110,167.5,-110,74,84,10,158,1021800094,35,39,1,0,0,0,0,1,0,74,84,10,74,4,away,home,35,4
6/30/2019,401104981,2019,NYL,ATL,away,4,-110,159.5,-110,74,58,-16,132,1021900069,28,39,1,1,1,1,1,1,1,58,74,16,67,11,away,away,39,-11
6/30/2019,401104981,2019,ATL,NYL,home,-4,-110,159.5,-110,58,74,16,132,1021900069,28,39,0,0,0,0,0,0,0,58,74,16,67,11,away,home,28,11
6/30/2019,401104982,2019,MIN,DAL,away,-2.5,-110,145.5,-110,86,89,3,175,1021900070,41,53,0,1,1,1,1,1,1,89,86,-3,94,12,away,away,53,-12
6/30/2019,401104982,2019,DAL,MIN,home,2.5,-110,145.5,-110,89,86,-3,175,1021900070,41,53,1,0,0,0,0,0,0,89,86,-3,94,12,away,home,41,12
6/30/2019,401104983,2019,CHI,LAS,away,5.5,-110,159.5,-110,69,94,25,163,1021900071,48,36,0,0,0,0,0,0,0,94,69,-25,84,-12,home,away,36,12
6/30/2019,401104983,2019,LAS,CHI,home,-5.5,-110,159.5,-110,94,69,-25,163,1021900071,48,36,1,1,1,1,1,1,1,94,69,-25,84,-12,home,home,48,-12
6/30/2019,401104984,2019,PHO,SEA,away,1,-110,149,-110,69,67,-2,136,1021900072,33,34,1,1,1,1,1,0,1,67,69,2,67,1,away,away,34,-1
6/30/2019,401104984,2019,SEA,PHO,home,-1,-110,149,-110,67,69,2,136,1021900072,33,34,0,0,0,0,0,1,0,67,69,2,67,1,away,home,33,1
6/30/2021,401320658,2021,CHI,DAL,away,-2,-105,166,-110,91,81,-10,172,1022100094,29,51,1,1,1,1,1,1,1,81,91,10,80,22,away,away,51,-22
6/30/2021,401320658,2021,DAL,CHI,home,2,-115,166,-105,81,91,10,172,1022100094,29,51,0,0,0,0,0,0,0,81,91,10,80,22,away,home,29,22
6/30/2021,401320659,2021,MIN,PHO,away,2.5,-110,165.5,-110,82,76,-6,158,1022100095,44,45,1,0,0,0,0,1,1,76,82,6,89,1,away,away,45,-1
6/30/2021,401320659,2021,PHO,MIN,home,-2.5,-110,165.5,-110,76,82,6,158,1022100095,44,45,0,1,1,1,1,0,0,76,82,6,89,1,away,home,44,1
6/30/2021,401320660,2021,LVA,LAS,away,-12,-110,164.5,-110,99,75,-24,174,1022100096,37,56,0,0,1,1,1,1,1,75,99,24,93,19,away,away,56,-19
6/30/2021,401320660,2021,LAS,LVA,home,12,-110,164.5,-110,75,99,24,174,1022100096,37,56,1,1,0,0,0,0,0,75,99,24,93,19,away,home,37,19
6/30/2022,401391768,2022,ATL,NYL,away,5.5,-110,159.5,-107,92,81,-11,173,1022200119,36,41,0,0,0,1,1,1,1,81,92,11,77,5,away,away,41,-5
6/30/2022,401391768,2022,NYL,ATL,home,-5.5,-110,159.5,-113,81,92,11,173,1022200119,36,41,1,1,1,0,0,0,0,81,92,11,77,5,away,home,36,5
6/30/2023,401507219,2023,WAS,ATL,away,-1.5,-110,163.5,-110,89,94,5,183,1022300090,47,48,0,0,0,0,0,0,0,94,89,-5,95,1,away,away,48,-1
6/30/2023,401507219,2023,ATL,WAS,home,2.5,-125,163.5,-110,94,89,-5,183,1022300090,47,48,1,1,1,1,1,1,1,94,89,-5,95,1,away,home,47,1
6/30/2023,401507220,2023,LAS,CHI,away,2,-110,155.5,-110,78,86,8,164,1022300091,43,38,1,0,0,0,1,1,0,86,78,-8,81,-5,home,away,38,5
6/30/2023,401507220,2023,CHI,LAS,home,-2,-110,155.5,-110,86,78,-8,164,1022300091,43,38,0,1,1,1,0,0,1,86,78,-8,81,-5,home,home,43,-5
6/4/2019,401104929,2019,LAS,NYL,away,-5,-110,157.5,-110,78,73,-5,151,1021900017,34,36,1,0,0,1,1,1,1,73,78,5,70,2,away,away,36,-2
6/4/2019,401104929,2019,NYL,LAS,home,5,-115,157.5,-110,73,78,5,151,1021900017,34,36,0,1,1,0,0,0,0,73,78,5,70,2,away,home,34,2
6/4/2019,401104930,2019,MIN,SEA,away,1.5,-110,148.5,-110,77,84,7,161,1021900018,49,39,0,0,0,0,0,0,0,84,77,-7,88,-10,home,away,39,10
6/4/2019,401104930,2019,SEA,MIN,home,-1.5,-110,148.5,-110,84,77,-7,161,1021900018,49,39,1,1,1,1,1,1,1,84,77,-7,88,-10,home,home,49,-10
6/4/2021,401320609,2021,ATL,MIN,away,6.5,-110,161.5,-110,84,86,2,170,1022100045,41,42,0,0,0,1,1,1,0,86,84,-2,83,1,away,away,42,-1
6/4/2021,401320609,2021,MIN,ATL,home,-7.5,-102,161.5,-110,86,84,-2,170,1022100045,41,42,1,1,1,0,0,0,1,86,84,-2,83,1,away,home,41,1
6/4/2021,401320610,2021,DAL,SEA,away,9,-105,172.5,-110,102,105,3,207,1022100046,57,54,1,1,1,0,0,0,0,105,102,-3,111,-3,home,away,54,3
6/4/2021,401320610,2021,SEA,DAL,home,-9,-115,172.5,-110,105,102,-3,207,1022100046,57,54,0,0,0,1,1,1,1,105,102,-3,111,-3,home,home,57,-3
6/4/2023,401507161,2023,DAL,CON,away,6,-110,166,-110,74,80,6,154,1022300032,44,30,0,0,0,0,0,0,0,80,74,-6,74,-14,home,away,30,14
6/4/2023,401507161,2023,CON,DAL,home,-6,-110,166,-110,80,74,-6,154,1022300032,44,30,1,1,1,1,1,1,1,80,74,-6,74,-14,home,home,44,-14
6/4/2023,401507162,2023,CHI,NYL,away,12,-113,155.5,-110,86,82,-4,168,1022300033,47,30,0,0,0,0,0,0,0,82,86,4,77,-17,home,away,30,17
6/4/2023,401507162,2023,NYL,CHI,home,-12,-107,155.5,-110,82,86,4,168,1022300033,47,30,1,1,1,1,1,1,1,82,86,4,77,-17,home,home,47,-17
6/4/2023,401507163,2023,LVA,IND,away,-14.5,-111,171.5,-110,84,80,-4,164,1022300034,39,38,0,0,0,0,0,0,0,80,84,4,77,-1,home,away,38,1
6/4/2023,401507163,2023,IND,LVA,home,14.5,-109,171.5,-110,80,84,4,164,1022300034,39,38,1,1,1,1,1,1,1,80,84,4,77,-1,home,home,39,-1
6/5/2018,401018817,2018,PHO,NYL,away,2.5,-115,160,-110,80,74,-6,154,1021800037,38,43,1,1,0,0,0,1,1,74,80,6,81,5,away,away,43,-5
6/5/2018,401018817,2018,NYL,PHO,home,-2.5,-105,160,-110,74,80,6,154,1021800037,38,43,0,0,1,1,1,0,0,74,80,6,81,5,away,home,38,5
6/5/2018,401018818,2018,CON,ATL,away,-6.5,-110,165,-110,77,82,5,159,1021800038,46,40,1,1,1,1,1,1,0,82,77,-5,86,-6,home,away,40,6
6/5/2018,401018818,2018,ATL,CON,home,6.5,-110,165,-110,82,77,-5,159,1021800038,46,40,0,0,0,0,0,0,1,82,77,-5,86,-6,home,home,46,-6
6/5/2019,401104931,2019,CHI,WAS,away,12,-110,169,-110,85,103,18,188,1021900019,57,42,0,0,0,0,0,0,0,103,85,-18,99,-15,home,away,42,15
6/5/2019,401104931,2019,WAS,CHI,home,-12,-110,169.5,-105,103,85,-18,188,1021900019,57,42,1,1,1,1,1,1,1,103,85,-18,99,-15,home,home,57,-15
6/5/2021,401320611,2021,LVA,WAS,away,-7,-110,167,-110,96,93,-3,189,1022100047,57,56,1,0,0,0,0,0,0,93,96,3,113,-1,home,away,56,1
6/5/2021,401320611,2021,WAS,LVA,home,7,-110,167,-110,93,96,3,189,1022100047,57,56,0,1,1,1,1,1,1,93,96,3,113,-1,home,home,57,-1
6/5/2021,401320612,2021,CHI,LAS,away,-1,-130,157,-110,63,68,5,131,1022100048,40,31,0,0,0,0,0,0,0,68,63,-5,71,-9,home,away,31,9
6/5/2021,401320612,2021,LAS,CHI,home,1,110,157,-110,68,63,-5,131,1022100048,40,31,1,1,1,1,1,1,1,68,63,-5,71,-9,home,home,40,-9
6/5/2021,401320613,2021,NYL,CON,away,9.5,-110,158.5,-110,64,85,21,149,1022100049,43,37,1,0,0,0,1,1,0,85,64,-21,80,-6,home,away,37,6
6/5/2021,401320613,2021,CON,NYL,home,-9.5,-110,158.5,-110,85,64,-21,149,1022100049,43,37,0,1,1,1,0,0,1,85,64,-21,80,-6,home,home,43,-6
6/5/2022,401391712,2022,MIN,NYL,away,1.5,111,158,-110,84,77,-7,161,1022200063,37,46,0,1,1,1,1,1,1,77,84,7,83,9,away,away,46,-9
6/5/2022,401391712,2022,NYL,MIN,home,-1.5,-131,158,-110,77,84,7,161,1022200063,37,46,1,0,0,0,0,0,0,77,84,7,83,9,away,home,37,9
6/5/2022,401391713,2022,IND,ATL,away,7,-115,159,-110,66,75,9,141,1022200064,29,26,0,0,0,0,0,0,0,75,66,-9,55,-3,home,away,26,3
6/5/2022,401391713,2022,ATL,IND,home,-7,-105,159,-110,75,66,-9,141,1022200064,29,26,1,1,1,1,1,1,1,75,66,-9,55,-3,home,home,29,-3
6/5/2022,401391717,2022,CON,SEA,away,4,-107,154.5,-110,93,86,-7,179,1022200068,43,42,0,0,0,0,0,0,0,86,93,7,85,-1,home,away,42,1
6/5/2022,401391717,2022,SEA,CON,home,-4,-113,154.5,-110,86,93,7,179,1022200068,43,42,1,1,1,1,1,1,1,86,93,7,85,-1,home,home,43,-1
6/5/2022,401391715,2022,DAL,LVA,away,7.5,-110,172.5,-110,78,84,6,162,1022200066,40,38,1,1,0,0,0,0,0,84,78,-6,78,-2,home,away,38,2
6/5/2022,401391715,2022,LVA,DAL,home,-7.5,-110,172.5,-110,84,78,-6,162,1022200066,40,38,0,0,1,1,1,1,1,84,78,-6,78,-2,home,home,40,-2
6/5/2022,401391716,2022,LAS,PHO,away,-3,-110,171,-110,74,81,7,155,1022200067,43,40,0,0,0,0,0,0,0,81,74,-7,83,-3,home,away,40,3
6/5/2022,401391716,2022,PHO,LAS,home,3,-110,171,-110,81,74,-7,155,1022200067,43,40,1,1,1,1,1,1,1,81,74,-7,83,-3,home,home,43,-3
6/5/2022,401391714,2022,WAS,CHI,away,5.5,-109,154,-110,82,91,9,173,1022200065,36,34,0,0,0,0,0,0,0,91,82,-9,70,-2,home,away,34,2
6/5/2022,401391714,2022,CHI,WAS,home,-5.5,-111,154,-110,91,82,-9,173,1022200065,36,34,1,1,1,1,1,1,1,91,82,-9,70,-2,home,home,36,-2
6/6/2019,401104932,2019,LVA,ATL,away,-4.5,-115,161.5,-115,92,69,-23,161,1021900020,25,49,1,1,1,1,1,1,1,69,92,23,74,24,away,away,49,-24
6/6/2019,401104932,2019,ATL,LVA,home,4.5,-105,161.5,-105,69,92,23,161,1021900020,25,49,0,0,0,0,0,0,0,69,92,23,74,24,away,home,25,24
6/6/2019,401104933,2019,LAS,CON,away,7.5,-110,158,-110,77,89,12,166,1021900021,43,32,0,0,0,0,0,0,0,89,77,-12,75,-11,home,away,32,11
6/6/2019,401104933,2019,CON,LAS,home,-7.5,-110,158,-115,89,77,-12,166,1021900021,43,32,1,1,1,1,1,1,1,89,77,-12,75,-11,home,home,43,-11
6/6/2019,401104934,2019,PHO,MIN,away,2,-115,154,-115,56,58,2,114,1021900022,32,24,1,1,0,0,0,0,0,58,56,-2,56,-8,home,away,24,8
6/6/2019,401104934,2019,MIN,PHO,home,-2,-105,153.5,-110,58,56,-2,114,1021900022,32,24,0,0,1,1,1,1,1,58,56,-2,56,-8,home,home,32,-8
6/6/2021,401320614,2021,ATL,MIN,away,4.5,-110,163,-110,80,100,20,180,1022100050,52,38,0,0,0,0,0,0,0,100,80,-20,90,-14,home,away,38,14
6/6/2021,401320614,2021,MIN,ATL,home,-4.5,-110,163,-110,100,80,-20,180,1022100050,52,38,1,1,1,1,1,1,1,100,80,-20,90,-14,home,home,52,-14
6/6/2021,401320615,2021,DAL,SEA,away,9,-110,178.5,-110,68,67,-1,135,1022100051,33,28,0,1,0,0,0,0,0,67,68,1,61,-5,home,away,28,5
6/6/2021,401320615,2021,SEA,DAL,home,-9,-110,178.5,-110,67,68,1,135,1022100051,33,28,1,0,1,1,1,1,1,67,68,1,61,-5,home,home,33,-5
6/6/2023,401507164,2023,LVA,CON,away,-5.5,-104,168,-110,90,84,-6,174,1022300035,31,48,1,1,1,1,1,1,1,84,90,6,79,17,away,away,48,-17
6/6/2023,401507164,2023,CON,LVA,home,5.5,-116,168,-110,84,90,6,174,1022300035,31,48,0,0,0,0,0,0,0,84,90,6,79,17,away,home,31,17
6/6/2023,401507165,2023,IND,CHI,away,5,-112,157,-110,103,108,5,211,1022300036,44,50,0,1,0,0,0,1,1,108,103,-5,94,6,away,away,50,-6
6/6/2023,401507165,2023,CHI,IND,home,-5,-108,157,-110,108,103,-5,211,1022300036,44,50,1,0,1,1,1,0,0,108,103,-5,94,6,away,home,44,6
6/6/2023,401507166,2023,LAS,SEA,away,-3,-117,164,-110,63,66,3,129,1022300037,35,38,1,1,1,1,1,1,1,66,63,-3,73,3,away,away,38,-3
6/6/2023,401507166,2023,SEA,LAS,home,3,-103,164,-110,66,63,-3,129,1022300037,35,38,0,0,0,0,0,0,0,66,63,-3,73,3,away,home,35,3
6/7/2018,401018819,2018,CON,NYL,away,-5.5,-105,165.5,-115,88,86,-2,174,1021800039,54,41,0,0,0,0,0,0,0,86,88,2,95,-13,home,away,41,13
6/7/2018,401018819,2018,NYL,CON,home,5.5,-115,165.5,-105,86,88,2,174,1021800039,54,41,1,1,1,1,1,1,1,86,88,2,95,-13,home,home,54,-13
6/7/2018,401018820,2018,MIN,WAS,away,-4.5,-110,159,-110,88,80,-8,168,1021800040,42,48,0,0,0,0,1,1,0,80,88,8,90,6,away,away,48,-6
6/7/2018,401018820,2018,WAS,MIN,home,4.5,-110,159,-110,80,88,8,168,1021800040,42,48,1,1,1,1,0,0,1,80,88,8,90,6,away,home,42,6
6/7/2018,401018821,2018,SEA,LAS,away,8,-110,168,-105,88,63,-25,151,1021800041,33,42,1,1,1,1,1,1,1,63,88,25,75,9,away,away,42,-9
6/7/2018,401018821,2018,LAS,SEA,home,-8,-110,168,-115,63,88,25,151,1021800041,33,42,0,0,0,0,0,0,0,63,88,25,75,9,away,home,33,9
6/7/2019,401104935,2019,DAL,IND,away,5,-105,154,-110,64,79,15,143,1021900023,38,26,0,0,0,0,0,0,0,79,64,-15,64,-12,home,away,26,12
6/7/2019,401104935,2019,IND,DAL,home,-5,-115,154,-110,79,64,-15,143,1021900023,38,26,1,1,1,1,1,1,1,79,64,-15,64,-12,home,home,38,-12
6/7/2019,401104936,2019,WAS,NYL,away,-9.5,-110,165.5,-110,94,85,-9,179,1021900024,49,50,0,0,0,0,0,0,0,85,94,9,99,1,away,away,50,-1
6/7/2019,401104936,2019,NYL,WAS,home,9.5,-110,165.5,-110,85,94,9,179,1021900024,49,50,1,1,1,1,1,1,1,85,94,9,99,1,away,home,49,1
6/7/2022,401391718,2022,MIN,NYL,away,2.5,-110,158.5,-110,69,88,19,157,1022200069,45,37,0,1,0,0,0,0,0,88,69,-19,82,-8,home,away,37,8
6/7/2022,401391718,2022,NYL,MIN,home,-2.5,-110,158.5,-110,88,69,-19,157,1022200069,45,37,1,0,1,1,1,1,1,88,69,-19,82,-8,home,home,45,-8
6/7/2022,401391719,2022,ATL,SEA,away,8.5,-113,149.5,-110,60,72,12,132,1022200070,34,33,0,0,0,0,0,0,0,72,60,-12,67,-1,home,away,33,1
6/7/2022,401391719,2022,SEA,ATL,home,-8.5,-107,149.5,-110,72,60,-12,132,1022200070,34,33,1,1,1,1,1,1,1,72,60,-12,67,-1,home,home,34,-1
6/7/2023,401507168,2023,PHO,DAL,away,5,-107,167.5,-115,79,84,5,163,1022300039,44,48,1,1,1,1,0,0,0,84,79,-5,92,4,away,away,48,-4
6/7/2023,401507168,2023,DAL,PHO,home,-5,-113,167.5,-110,84,79,-5,163,1022300039,44,48,0,0,0,0,1,1,1,84,79,-5,92,4,away,home,44,4
6/8/2018,401018822,2018,DAL,IND,away,-7,-110,167,-110,89,83,-6,172,1021800042,48,44,1,1,0,1,0,0,0,83,89,6,92,-4,home,away,44,4
6/8/2018,401018822,2018,IND,DAL,home,7,-110,167.5,-110,83,89,6,172,1021800042,48,44,0,0,1,0,1,1,1,83,89,6,92,-4,home,home,48,-4
6/8/2018,401018823,2018,CHI,PHO,away,9,-110,168,-110,79,96,17,175,1021800043,49,35,0,0,0,0,0,0,0,96,79,-17,84,-14,home,away,35,14
6/8/2018,401018823,2018,PHO,CHI,home,-9.5,103,168.5,-119,96,79,-17,175,1021800043,49,35,1,1,1,1,1,1,1,96,79,-17,84,-14,home,home,49,-14
6/8/2018,401018824,2018,ATL,LVA,away,-4.5,-108,162.5,-110,87,83,-4,170,1021800044,32,38,1,0,1,1,1,1,1,83,87,4,70,6,away,away,38,-6
6/8/2018,401018824,2018,LVA,ATL,home,4.5,-112,162.5,-110,83,87,4,170,1021800044,32,38,0,1,0,0,0,0,0,83,87,4,70,6,away,home,32,6
6/8/2019,401104937,2019,LAS,MIN,away,4.5,-110,149,-110,89,85,-4,174,1021900025,39,44,1,1,1,1,1,1,1,85,89,4,83,5,away,away,44,-5
6/8/2019,401104937,2019,MIN,LAS,home,-4.5,-110,149,-110,85,89,4,174,1021900025,39,44,0,0,0,0,0,0,0,85,89,4,83,5,away,home,39,5
6/8/2021,401320616,2021,MIN,WAS,away,-2,-110,164.5,-110,81,85,4,166,1022100052,43,38,1,1,1,0,0,0,0,85,81,-4,81,-5,home,away,38,5
6/8/2021,401320616,2021,WAS,MIN,home,2,-110,164.5,-110,85,81,-4,166,1022100052,43,38,0,0,0,1,1,1,1,85,81,-4,81,-5,home,home,43,-5
6/8/2021,401320619,2021,DAL,PHO,away,2,-105,166,-110,85,81,-4,166,1022100055,35,42,0,1,1,1,1,1,1,81,85,4,77,7,away,away,42,-7
6/8/2021,401320619,2021,PHO,DAL,home,-2,-115,166,-110,81,85,4,166,1022100055,35,42,1,0,0,0,0,0,0,81,85,4,77,7,away,home,35,7
6/8/2022,401391720,2022,IND,CON,away,15.5,-115,167,-120,69,88,19,157,1022200071,48,37,0,0,0,0,0,0,0,88,69,-19,85,-11,home,away,37,11
6/8/2022,401391720,2022,CON,IND,home,-15.5,-105,167,100,88,69,-19,157,1022200071,48,37,1,1,1,1,1,1,1,88,69,-19,85,-11,home,home,48,-11
6/8/2022,401391721,2022,CHI,WAS,away,3.5,-110,156,-105,82,84,2,166,1022200072,45,40,0,0,0,0,1,1,0,84,82,-2,85,-5,home,away,40,5
6/8/2022,401391721,2022,WAS,CHI,home,-3.5,-110,156,-115,84,82,-2,166,1022200072,45,40,1,1,1,1,0,0,1,84,82,-2,85,-5,home,home,45,-5
6/8/2023,401507169,2023,LVA,CON,away,-5.5,-110,167,-115,77,94,17,171,1022300040,43,28,0,0,0,0,0,0,0,94,77,-17,71,-15,home,away,28,15
6/8/2023,401507169,2023,CON,LVA,home,5.5,-110,168,-110,94,77,-17,171,1022300040,43,28,1,1,1,1,1,1,1,94,77,-17,71,-15,home,home,43,-15
6/9/2018,401018825,2018,MIN,CON,away,5.5,-110,167.5,-110,75,89,14,164,1021800045,44,38,0,1,1,1,0,0,0,89,75,-14,82,-6,home,away,38,6
6/9/2018,401018825,2018,CON,MIN,home,-5.5,-115,167.5,-110,89,75,-14,164,1021800045,44,38,1,0,0,0,1,1,1,89,75,-14,82,-6,home,home,44,-6
6/9/2019,401104940,2019,DAL,WAS,away,14,-110,158,-110,62,86,24,148,1021900028,40,34,1,1,1,0,0,0,0,86,62,-24,74,-6,home,away,34,6
6/9/2019,401104940,2019,WAS,DAL,home,-14,-110,158,-110,86,62,-24,148,1021900028,40,34,0,0,0,1,1,1,1,86,62,-24,74,-6,home,home,40,-6
6/9/2019,401104938,2019,CON,ATL,away,-6.5,-110,160,-110,65,59,-6,124,1021900026,32,44,1,1,1,1,1,1,1,59,65,6,76,12,away,away,44,-12
6/9/2019,401104938,2019,ATL,CON,home,6.5,-110,160,-110,59,65,6,124,1021900026,32,44,0,0,0,0,0,0,0,59,65,6,76,12,away,home,32,12
6/9/2019,401104939,2019,LVA,NYL,away,-11,-115,169,-110,78,88,10,166,1021900027,45,37,1,1,1,0,0,0,0,88,78,-10,82,-8,home,away,37,8
6/9/2019,401104939,2019,NYL,LVA,home,11,-110,169,-110,88,78,-10,166,1021900027,45,37,0,0,0,1,1,1,1,88,78,-10,82,-8,home,home,45,-8
6/9/2019,401104941,2019,PHO,IND,away,-2.5,-119,152.5,-110,94,87,-7,181,1021900029,28,53,1,1,1,1,1,1,1,87,94,7,81,25,away,away,53,-25
6/9/2019,401104941,2019,IND,PHO,home,2.5,-101,152.5,-110,87,94,7,181,1021900029,28,53,0,0,0,0,0,0,0,87,94,7,81,25,away,home,28,25
6/9/2019,401104942,2019,SEA,CHI,away,-2,-110,164.5,-110,71,78,7,149,1021900030,44,34,0,0,0,0,0,0,0,78,71,-7,78,-10,home,away,34,10
6/9/2019,401104942,2019,CHI,SEA,home,2,-110,164.5,-110,78,71,-7,149,1021900030,44,34,1,1,1,1,1,1,1,78,71,-7,78,-10,home,home,44,-10
6/9/2021,401320617,2021,SEA,ATL,away,-8.5,-115,170.5,-110,95,71,-24,166,1022100053,43,45,1,1,1,1,1,1,1,71,95,24,88,2,away,away,45,-2
6/9/2021,401320617,2021,ATL,SEA,home,8.5,-105,170.5,-110,71,95,24,166,1022100053,43,45,0,0,0,0,0,0,0,71,95,24,88,2,away,home,43,2
6/9/2021,401320618,2021,IND,CHI,away,11,-115,159.5,-110,76,92,16,168,1022100054,51,39,0,0,0,0,0,0,0,92,76,-16,90,-12,home,away,39,12
6/9/2021,401320618,2021,CHI,IND,home,-11,-110,159.5,-110,92,76,-16,168,1022100054,51,39,1,1,1,1,1,1,1,92,76,-16,90,-12,home,home,51,-12
6/9/2023,401507170,2023,NYL,ATL,away,-5.5,-131,165,-115,106,83,-23,189,1022300041,39,61,0,0,1,1,1,1,1,83,106,23,100,22,away,away,61,-22
6/9/2023,401507170,2023,ATL,NYL,home,6.5,-110,165,-105,83,106,23,189,1022300041,39,61,1,1,0,0,0,0,0,83,106,23,100,22,away,home,39,22
6/9/2023,401507172,2023,IND,MIN,away,3,-115,160.5,-110,71,69,-2,140,1022300043,34,36,1,1,0,0,0,1,1,69,71,2,70,2,away,away,36,-2
6/9/2023,401507172,2023,MIN,IND,home,-3,-105,160.5,-110,69,71,2,140,1022300043,34,36,0,0,1,1,1,0,0,69,71,2,70,2,away,home,34,2
6/9/2023,401507171,2023,PHO,DAL,away,4.5,120,168,-115,77,90,13,167,1022300042,45,42,1,1,1,1,1,1,0,90,77,-13,87,-3,home,away,42,3
6/9/2023,401507171,2023,DAL,PHO,home,-5.5,-115,168,-105,90,77,-13,167,1022300042,45,42,0,0,0,0,0,0,1,90,77,-13,87,-3,home,home,45,-3
6/9/2023,401507174,2023,WAS,SEA,away,-12.5,-106,156,-110,73,66,-7,139,1022300045,32,46,1,1,1,1,1,1,1,66,73,7,78,14,away,away,46,-14
6/9/2023,401507174,2023,SEA,WAS,home,12.5,-114,156,-110,66,73,7,139,1022300045,32,46,0,0,0,0,0,0,0,66,73,7,78,14,away,home,32,14
6/9/2023,401507173,2023,CHI,LAS,away,3.5,-109,158.5,-110,62,77,15,139,1022300044,37,33,0,0,0,0,0,0,0,77,62,-15,70,-4,home,away,33,4
6/9/2023,401507173,2023,LAS,CHI,home,-3.5,-111,158.5,-110,77,62,-15,139,1022300044,37,33,1,1,1,1,1,1,1,77,62,-15,70,-4,home,home,37,-4
7/1/2021,401320661,2021,CON,IND,away,-15,-110,153.5,-110,86,80,-6,166,1022100097,37,55,0,1,1,1,1,1,1,80,86,6,92,18,away,away,55,-18
7/1/2021,401320661,2021,IND,CON,home,15,-110,153.5,-110,80,86,6,166,1022100097,37,55,1,0,0,0,0,0,0,80,86,6,92,18,away,home,37,18
7/1/2022,401391769,2022,LAS,DAL,away,5,-110,167,-110,97,89,-8,186,1022200120,49,46,1,1,0,0,0,0,0,89,97,8,95,-3,home,away,46,3
7/1/2022,401391769,2022,DAL,LAS,home,-5,-110,167,-110,89,97,8,186,1022200120,49,46,0,0,1,1,1,1,1,89,97,8,95,-3,home,home,49,-3
7/1/2022,401391770,2022,LVA,MIN,away,-4.5,-110,175.5,-110,91,85,-6,176,1022200121,33,46,1,1,1,1,1,1,1,85,91,6,79,13,away,away,46,-13
7/1/2022,401391770,2022,MIN,LVA,home,4.5,-110,175.5,-110,85,91,6,176,1022200121,33,46,0,0,0,0,0,0,0,85,91,6,79,13,away,home,33,13
7/1/2022,401391771,2022,IND,SEA,away,13,-110,162,-110,57,73,16,130,1022200122,46,27,0,0,0,0,0,0,0,73,57,-16,73,-19,home,away,27,19
7/1/2022,401391771,2022,SEA,IND,home,-13,-110,162,-110,73,57,-16,130,1022200122,46,27,1,1,1,1,1,1,1,73,57,-16,73,-19,home,home,46,-19
7/1/2023,401507221,2023,CON,LVA,away,11,-105,171,-110,84,102,18,186,1022300092,59,48,0,0,0,0,0,0,0,102,84,-18,107,-11,home,away,48,11
7/1/2023,401507221,2023,LVA,CON,home,-11,-115,169.5,-110,102,84,-18,186,1022300092,59,48,1,1,1,1,1,1,1,102,84,-18,107,-11,home,home,59,-11
7/1/2023,401507222,2023,MIN,PHO,away,1.5,-115,158,-135,86,76,-10,162,1022300093,37,46,0,0,0,1,1,1,1,76,86,10,83,9,away,away,46,-9
7/1/2023,401507222,2023,PHO,MIN,home,-1.5,-105,158,115,76,86,10,162,1022300093,37,46,1,1,1,0,0,0,0,76,86,10,83,9,away,home,37,9
7/10/2018,401018896,2018,LAS,SEA,away,3,-110,161,-110,77,75,-2,152,1021800116,34,36,0,1,1,1,1,1,1,75,77,2,70,2,away,away,36,-2
7/10/2018,401018896,2018,SEA,LAS,home,-3,-110,161,-110,75,77,2,152,1021800116,34,36,1,0,0,0,0,0,0,75,77,2,70,2,away,home,34,2
7/10/2018,401018897,2018,PHO,DAL,away,2.5,-110,171,-110,72,101,29,173,1021800117,59,39,0,0,0,0,0,0,0,101,72,-29,98,-20,home,away,39,20
7/10/2018,401018897,2018,DAL,PHO,home,-2.5,-110,171,-110,101,72,-29,173,1021800117,59,39,1,1,1,1,1,1,1,101,72,-29,98,-20,home,home,59,-20
7/10/2018,401018898,2018,LVA,CHI,away,4,-110,175.5,-110,98,74,-24,172,1021800118,36,49,0,0,0,0,1,1,1,74,98,24,85,13,away,away,49,-13
7/10/2018,401018898,2018,CHI,LVA,home,-4,-110,175.5,-110,74,98,24,172,1021800118,36,49,1,1,1,1,0,0,0,74,98,24,85,13,away,home,36,13
7/10/2019,401104998,2019,CON,ATL,away,-6,-110,151.5,-110,75,78,3,153,1021900086,43,41,0,0,0,0,0,1,0,78,75,-3,84,-2,home,away,41,2
7/10/2019,401104998,2019,ATL,CON,home,6,-110,151.5,-110,78,75,-3,153,1021900086,43,41,1,1,1,1,1,0,1,78,75,-3,84,-2,home,home,43,-2
7/10/2019,401104999,2019,PHO,WAS,away,8.5,-110,157.5,-110,91,68,-23,159,1021900087,44,49,0,0,0,0,0,0,1,68,91,23,93,5,away,away,49,-5
7/10/2019,401104999,2019,WAS,PHO,home,-8.5,-110,157.5,-110,68,91,23,159,1021900087,44,49,1,1,1,1,1,1,0,68,91,23,93,5,away,home,44,5
7/10/2019,401105000,2019,LVA,IND,away,-5.5,-117,161.5,-110,74,71,-3,145,1021900088,35,38,0,1,0,1,1,1,1,71,74,3,73,3,away,away,38,-3
7/10/2019,401105000,2019,IND,LVA,home,6,-110,161.5,-110,71,74,3,145,1021900088,35,38,1,0,1,0,0,0,0,71,74,3,73,3,away,home,35,3
7/10/2019,401105001,2019,MIN,CHI,away,1.5,-105,158.5,-110,73,72,-1,145,1021900089,32,40,1,1,1,1,1,1,1,72,73,1,72,8,away,away,40,-8
7/10/2019,401105001,2019,CHI,MIN,home,-1.5,-115,158.5,-110,72,73,1,145,1021900089,32,40,0,0,0,0,0,0,0,72,73,1,72,8,away,home,32,8
7/10/2021,401320678,2021,WAS,CHI,away,9,-110,170.5,-105,89,85,-4,174,1022100114,44,46,0,1,1,1,1,1,1,85,89,4,90,2,away,away,46,-2
7/10/2021,401320678,2021,CHI,WAS,home,-9,-111,170.5,-115,85,89,4,174,1022100114,44,46,1,0,0,0,0,0,0,85,89,4,90,2,away,home,44,2
7/11/2018,401018899,2018,NYL,CON,away,9,-110,164,-125,79,76,-3,155,1021800119,42,38,0,0,0,0,0,0,0,76,79,3,80,-4,home,away,38,4
7/11/2018,401018899,2018,CON,NYL,home,-9,-110,164,105,76,79,3,155,1021800119,42,38,1,1,1,1,1,1,1,76,79,3,80,-4,home,home,42,-4
7/11/2018,401018900,2018,ATL,WAS,away,7.5,-110,164.5,-110,106,89,-17,195,1021800120,50,59,0,0,0,0,0,1,1,89,106,17,109,9,away,away,59,-9
7/11/2018,401018900,2018,WAS,ATL,home,-7.5,-110,164.5,-110,89,106,17,195,1021800120,50,59,1,1,1,1,1,0,0,89,106,17,109,9,away,home,50,9
7/11/2018,401018901,2018,MIN,IND,away,-9.5,-110,155.5,-110,87,65,-22,152,1021800121,33,44,1,1,1,1,1,1,1,65,87,22,77,11,away,away,44,-11
7/11/2018,401018901,2018,IND,MIN,home,9.5,-110,155.5,-110,65,87,22,152,1021800121,33,44,0,0,0,0,0,0,0,65,87,22,77,11,away,home,33,11
7/11/2021,401320679,2021,LVA,DAL,away,-3.5,-110,173.5,-110,95,79,-16,174,1022100115,42,48,0,0,0,0,0,1,1,79,95,16,90,6,away,away,48,-6
7/11/2021,401320679,2021,DAL,LVA,home,3.5,-110,173.5,-110,79,95,16,174,1022100115,42,48,1,1,1,1,1,0,0,79,95,16,90,6,away,home,42,6
7/11/2021,401320680,2021,CON,NYL,away,-8.5,-112,157,-110,71,54,-17,125,1022100116,28,37,1,1,1,1,1,1,1,54,71,17,65,9,away,away,37,-9
7/11/2021,401320680,2021,NYL,CON,home,8.5,-108,157,-110,54,71,17,125,1022100116,28,37,0,0,0,0,0,0,0,54,71,17,65,9,away,home,28,9
7/11/2021,401320681,2021,IND,ATL,away,5.5,-113,166.5,-110,79,68,-11,147,1022100117,40,42,0,0,0,0,1,1,1,68,79,11,82,2,away,away,42,-2
7/11/2021,401320681,2021,ATL,IND,home,-5.5,-107,166.5,-110,68,79,11,147,1022100117,40,42,1,1,1,1,0,0,0,68,79,11,82,2,away,home,40,2
7/11/2021,401320682,2021,PHO,SEA,away,9,-115,162,-110,75,82,7,157,1022100118,44,39,1,1,1,0,0,0,0,82,75,-7,83,-5,home,away,39,5
7/11/2021,401320682,2021,SEA,PHO,home,-9,-105,162,-110,82,75,-7,157,1022100118,44,39,0,0,0,1,1,1,1,82,75,-7,83,-5,home,home,44,-5
7/11/2021,401320683,2021,MIN,LAS,away,-8,-110,153.5,-110,86,61,-25,147,1022100119,31,43,1,1,1,1,1,1,1,61,86,25,74,12,away,away,43,-12
7/11/2021,401320683,2021,LAS,MIN,home,8,-110,153.5,-110,61,86,25,147,1022100119,31,43,0,0,0,0,0,0,0,61,86,25,74,12,away,home,31,12
7/11/2023,401507242,2023,SEA,WAS,away,5,-124,159,-110,86,93,7,179,1022300113,47,39,1,1,1,0,0,0,0,93,86,-7,86,-8,home,away,39,8
7/11/2023,401507242,2023,WAS,SEA,home,-5,-105,159,-110,93,86,-7,179,1022300113,47,39,0,0,0,1,1,1,1,93,86,-7,86,-8,home,home,47,-8
7/11/2023,401507243,2023,PHO,LVA,away,17,-114,170,-110,72,98,26,170,1022300114,52,34,0,1,0,0,0,0,0,98,72,-26,86,-18,home,away,34,18
7/11/2023,401507243,2023,LVA,PHO,home,-17,-106,170,-110,98,72,-26,170,1022300114,52,34,1,0,1,1,1,1,1,98,72,-26,86,-18,home,home,52,-18
7/12/2018,401018902,2018,DAL,LAS,away,6,-110,164,-110,92,77,-15,169,1021800122,50,48,1,1,1,1,1,1,1,77,92,15,98,-2,home,away,48,2
7/12/2018,401018902,2018,LAS,DAL,home,-6,-110,164,-110,77,92,15,169,1021800122,50,48,0,0,0,0,0,0,0,77,92,15,98,-2,home,home,50,-2
7/12/2019,401105002,2019,LAS,IND,away,-2.5,-110,155.5,-110,90,84,-6,174,1021900090,35,45,1,1,1,1,1,1,1,84,90,6,80,10,away,away,45,-10
7/12/2019,401105002,2019,IND,LAS,home,2.5,-110,155.5,-110,84,90,6,174,1021900090,35,45,0,0,0,0,0,0,0,84,90,6,80,10,away,home,35,10
7/12/2019,401105003,2019,MIN,ATL,away,-1.5,-110,149.5,-110,53,60,7,113,1021900091,37,32,0,0,0,0,0,0,0,60,53,-7,69,-5,home,away,32,5
7/12/2019,401105003,2019,ATL,MIN,home,1.5,-110,149,-105,60,53,-7,113,1021900091,37,32,1,1,1,1,1,1,1,60,53,-7,69,-5,home,home,37,-5
7/12/2019,401105004,2019,PHO,CON,away,3.5,-110,154,-110,64,79,15,143,1021900092,30,36,1,1,1,1,1,1,0,79,64,-15,66,6,away,away,36,-6
7/12/2019,401105004,2019,CON,PHO,home,-3.5,-110,154,-110,79,64,-15,143,1021900092,30,36,0,0,0,0,0,0,1,79,64,-15,66,6,away,home,30,6
7/12/2019,401105005,2019,NYL,CHI,away,3.5,-110,162,-110,83,99,16,182,1021900093,55,35,0,0,0,0,1,0,0,99,83,-16,90,-20,home,away,35,20
7/12/2019,401105005,2019,CHI,NYL,home,-3.5,-110,162,-110,99,83,-16,182,1021900093,55,35,1,1,1,1,0,1,1,99,83,-16,90,-20,home,home,55,-20
7/12/2019,401105006,2019,DAL,SEA,away,5.5,-110,145,-110,81,95,14,176,1021900094,52,29,0,0,0,0,0,0,0,95,81,-14,81,-23,home,away,29,23
7/12/2019,401105006,2019,SEA,DAL,home,-5.5,-110,145,-110,95,81,-14,176,1021900094,52,29,1,1,1,1,1,1,1,95,81,-14,81,-23,home,home,52,-23
7/12/2022,401391786,2022,DAL,SEA,away,9.5,-110,160,-110,74,83,9,157,1022200137,39,41,0,0,0,0,1,1,1,83,74,-9,80,2,away,away,41,-2
7/12/2022,401391786,2022,SEA,DAL,home,-9.5,-110,160,-110,83,74,-9,157,1022200137,39,41,1,1,1,1,0,0,0,83,74,-9,80,2,away,home,39,2
7/12/2022,401391787,2022,LVA,NYL,away,-6.5,-110,174,-110,107,101,-6,208,1022200138,28,52,1,1,1,1,1,1,1,101,107,6,80,24,away,away,52,-24
7/12/2022,401391787,2022,NYL,LVA,home,6.5,-110,174,-110,101,107,6,208,1022200138,28,52,0,0,0,0,0,0,0,101,107,6,80,24,away,home,28,24
7/12/2022,401391788,2022,ATL,CHI,away,9,-110,163.5,-110,75,90,15,165,1022200139,44,47,0,0,0,0,1,1,1,90,75,-15,91,3,away,away,47,-3
7/12/2022,401391788,2022,CHI,ATL,home,-9,-110,163.5,-110,90,75,-15,165,1022200139,44,47,1,1,1,1,0,0,0,90,75,-15,91,3,away,home,44,3
7/12/2022,401391789,2022,PHO,MIN,away,7.5,-110,165,-110,107,118,11,225,1022200140,47,45,1,0,1,0,0,0,0,118,107,-11,92,-2,home,away,45,2
7/12/2022,401391789,2022,MIN,PHO,home,-7.5,-110,165,-110,118,107,-11,225,1022200140,47,45,0,1,0,1,1,1,1,118,107,-11,92,-2,home,home,47,-2
7/12/2022,401391790,2022,WAS,LAS,away,-6.5,-110,158,-110,94,81,-13,175,1022200141,44,53,1,1,1,1,1,1,1,81,94,13,97,9,away,away,53,-9
7/12/2022,401391790,2022,LAS,WAS,home,6.5,-110,158,-110,81,94,13,175,1022200141,44,53,0,0,0,0,0,0,0,81,94,13,97,9,away,home,44,9
7/12/2023,401507244,2023,NYL,IND,away,-10,-107,169.5,-110,95,87,-8,182,1022300115,41,48,0,0,0,0,0,1,1,87,95,8,89,7,away,away,48,-7
7/12/2023,401507244,2023,IND,NYL,home,10,-113,169.5,-110,87,95,8,182,1022300115,41,48,1,1,1,1,1,0,0,87,95,8,89,7,away,home,41,7
7/12/2023,401507245,2023,CON,CHI,away,-5.5,-110,160.5,-115,84,72,-12,156,1022300116,38,36,1,1,1,1,1,0,0,72,84,12,74,-2,home,away,36,2
7/12/2023,401507245,2023,CHI,CON,home,5.5,-110,160.5,-105,72,84,12,156,1022300116,38,36,0,0,0,0,0,1,1,72,84,12,74,-2,home,home,38,-2
7/12/2023,401507246,2023,DAL,MIN,away,-2.5,-110,168,-110,107,67,-40,174,1022300117,34,50,1,1,1,1,1,1,1,67,107,40,84,16,away,away,50,-16
7/12/2023,401507246,2023,MIN,DAL,home,2.5,-110,168,-110,67,107,40,174,1022300117,34,50,0,0,0,0,0,0,0,67,107,40,84,16,away,home,34,16
7/12/2023,401507247,2023,SEA,ATL,away,14,-108,167,-112,75,85,10,160,1022300118,48,33,0,0,0,0,0,0,0,85,75,-10,81,-15,home,away,33,15
7/12/2023,401507247,2023,ATL,SEA,home,-14,-110,167,-108,85,75,-10,160,1022300118,48,33,1,1,1,1,1,1,1,85,75,-10,81,-15,home,home,48,-15
7/12/2023,401507248,2023,LVA,LAS,away,-13,-110,169.5,-110,97,78,-19,175,1022300119,31,54,1,1,1,1,1,1,1,78,97,19,85,23,away,away,54,-23
7/12/2023,401507248,2023,LAS,LVA,home,13,-110,169.5,-110,78,97,19,175,1022300119,31,54,0,0,0,0,0,0,0,78,97,19,85,23,away,home,31,23
7/13/2018,401018903,2018,IND,ATL,away,10,-110,158.5,-115,74,98,24,172,1021800123,48,29,1,1,1,1,0,0,0,98,74,-24,77,-19,home,away,29,19
7/13/2018,401018903,2018,ATL,IND,home,-10,-110,158.5,-105,98,74,-24,172,1021800123,48,29,0,0,0,0,1,1,1,98,74,-24,77,-19,home,home,48,-19
7/13/2018,401018904,2018,PHO,CON,away,5,-110,169,-110,87,91,4,178,1021800124,43,45,0,0,0,0,0,0,0,91,87,-4,88,2,away,away,45,-2
7/13/2018,401018904,2018,CON,PHO,home,-5,-110,169,-110,91,87,-4,178,1021800124,43,45,1,1,1,1,1,1,1,91,87,-4,88,2,away,home,43,2
7/13/2018,401018905,2018,CHI,WAS,away,10,-110,175,-110,72,88,16,160,1021800125,45,33,0,0,1,1,0,0,0,88,72,-16,78,-12,home,away,33,12
7/13/2018,401018905,2018,WAS,CHI,home,-10,-110,175,-110,88,72,-16,160,1021800125,45,33,1,1,0,0,1,1,1,88,72,-16,78,-12,home,home,45,-12
7/13/2018,401018906,2018,LVA,MIN,away,8.5,-110,163.5,-115,85,77,-8,162,1021800126,46,49,0,0,0,1,1,0,0,77,85,8,95,3,away,away,49,-3
7/13/2018,401018906,2018,MIN,LVA,home,-8.5,-110,163.5,-105,77,85,8,162,1021800126,46,49,1,1,1,0,0,1,1,77,85,8,95,3,away,home,46,3
7/13/2019,401105007,2019,LVA,WAS,away,2.5,-110,163,-110,85,81,-4,166,1021900095,44,43,0,0,0,0,0,0,0,81,85,4,87,-1,home,away,43,1
7/13/2019,401105007,2019,WAS,LVA,home,-2.5,-110,163,-110,81,85,4,166,1021900095,44,43,1,1,1,1,1,1,1,81,85,4,87,-1,home,home,44,-1
7/13/2022,401391791,2022,CON,IND,away,-10,-105,161.5,-110,89,81,-8,170,1022200142,28,41,1,1,1,1,1,1,1,81,89,8,69,13,away,away,41,-13
7/13/2022,401391791,2022,IND,CON,home,10,-115,161.5,-110,81,89,8,170,1022200142,28,41,0,0,0,0,0,0,0,81,89,8,69,13,away,home,28,13
7/14/2018,401018907,2018,DAL,SEA,away,4.5,-110,175,-110,84,91,7,175,1021800127,46,44,0,0,1,1,0,0,0,91,84,-7,90,-2,home,away,44,2
7/14/2018,401018907,2018,SEA,DAL,home,-4.5,-110,175,-110,91,84,-7,175,1021800127,46,44,1,1,0,0,1,1,1,91,84,-7,90,-2,home,home,46,-2
7/14/2019,401105008,2019,LAS,ATL,away,-3.5,-105,152.5,-110,76,71,-5,147,1021900096,30,32,1,1,1,0,1,1,1,71,76,5,62,2,away,away,32,-2
7/14/2019,401105008,2019,ATL,LAS,home,3.5,-115,152.5,-110,71,76,5,147,1021900096,30,32,0,0,0,1,0,0,0,71,76,5,62,2,away,home,30,2
7/14/2019,401105009,2019,CON,IND,away,-4,-110,155.5,-115,76,63,-13,139,1021900097,30,39,0,1,1,1,1,1,1,63,76,13,69,9,away,away,39,-9
7/14/2019,401105009,2019,IND,CON,home,4,-110,155.5,-105,63,76,13,139,1021900097,30,39,1,0,0,0,0,0,0,63,76,13,69,9,away,home,30,9
7/14/2019,401105010,2019,CHI,DAL,away,1,-110,152.5,-110,89,79,-10,168,1021900098,46,41,0,0,1,1,1,1,0,79,89,10,87,-5,home,away,41,5
7/14/2019,401105010,2019,DAL,CHI,home,-1,-110,152.5,-110,79,89,10,168,1021900098,46,41,1,1,0,0,0,0,1,79,89,10,87,-5,home,home,46,-5
7/14/2019,401105011,2019,PHO,MIN,away,1,-110,152,-110,62,75,13,137,1021900099,36,35,1,0,0,0,0,1,0,75,62,-13,71,-1,home,away,35,1
7/14/2019,401105011,2019,MIN,PHO,home,-1,-110,152,-110,75,62,-13,137,1021900099,36,35,0,1,1,1,1,0,1,75,62,-13,71,-1,home,home,36,-1
7/14/2019,401105012,2019,NYL,SEA,away,5.5,-110,155.5,-110,69,78,9,147,1021900100,43,30,0,0,0,0,0,0,0,78,69,-9,73,-13,home,away,30,13
7/14/2019,401105012,2019,SEA,NYL,home,-5.5,-110,155.5,-110,78,69,-9,147,1021900100,43,30,1,1,1,1,1,1,1,78,69,-9,73,-13,home,home,43,-13
7/14/2022,401391792,2022,LVA,NYL,away,-6,-110,175,-110,108,74,-34,182,1022200143,36,71,1,1,1,1,1,1,1,74,108,34,107,35,away,away,71,-35
7/14/2022,401391792,2022,NYL,LVA,home,6,-110,175,-110,74,108,34,182,1022200143,36,71,0,0,0,0,0,0,0,74,108,34,107,35,away,home,36,35
7/14/2022,401391793,2022,DAL,MIN,away,4.5,-110,165.5,-110,92,87,-5,179,1022200144,27,48,1,1,1,1,1,1,1,87,92,5,75,21,away,away,48,-21
7/14/2022,401391793,2022,MIN,DAL,home,-4.5,-110,165.5,-110,87,92,5,179,1022200144,27,48,0,0,0,0,0,0,0,87,92,5,75,21,away,home,27,21
7/14/2022,401391794,2022,WAS,PHO,away,-4.5,-110,160,-110,75,80,5,155,1022200145,43,45,1,1,1,1,1,1,1,80,75,-5,88,2,away,away,45,-2
7/14/2022,401391794,2022,PHO,WAS,home,4.5,-110,160,-110,80,75,-5,155,1022200145,43,45,0,0,0,0,0,0,0,80,75,-5,88,2,away,home,43,2
7/14/2022,401391795,2022,CHI,LAS,away,-6,-110,169,-110,80,68,-12,148,1022200146,28,37,0,0,1,1,1,1,1,68,80,12,65,9,away,away,37,-9
7/14/2022,401391795,2022,LAS,CHI,home,6,-110,169,-110,68,80,12,148,1022200146,28,37,1,1,0,0,0,0,0,68,80,12,65,9,away,home,28,9
7/15/2018,401018909,2018,CHI,NYL,away,4.5,-105,164,-110,84,107,23,191,1021800129,53,47,0,0,0,0,1,0,0,107,84,-23,100,-6,home,away,47,6
7/15/2018,401018909,2018,NYL,CHI,home,-4.5,-115,164,-110,107,84,-23,191,1021800129,53,47,1,1,1,1,0,1,1,107,84,-23,100,-6,home,home,53,-6
7/15/2018,401018908,2018,WAS,ATL,away,-3,-110,166.5,-115,77,80,3,157,1021800128,37,36,1,1,1,1,1,0,0,80,77,-3,73,-1,home,away,36,1
7/15/2018,401018908,2018,ATL,WAS,home,3,-110,166.5,-110,80,77,-3,157,1021800128,37,36,0,0,0,0,0,1,1,80,77,-3,73,-1,home,home,37,-1
7/15/2018,401018910,2018,PHO,IND,away,-9.5,-110,162.5,-110,101,82,-19,183,1021800130,48,46,1,1,1,1,1,1,1,82,101,19,94,-2,home,away,46,2
7/15/2018,401018910,2018,IND,PHO,home,9.5,-110,162.5,-110,82,101,19,183,1021800130,48,46,0,0,0,0,0,0,0,82,101,19,94,-2,home,home,48,-2
7/15/2018,401018911,2018,LAS,LVA,away,-5,-115,161.5,-110,99,78,-21,177,1021800131,47,48,0,1,1,1,0,1,1,78,99,21,95,1,away,away,48,-1
7/15/2018,401018911,2018,LVA,LAS,home,5,-110,161.5,-110,78,99,21,177,1021800131,47,48,1,0,0,0,1,0,0,78,99,21,95,1,away,home,47,1
7/15/2018,401018912,2018,CON,MIN,away,3,-110,164,-110,83,64,-19,147,1021800132,33,44,0,1,1,1,1,1,1,64,83,19,77,11,away,away,44,-11
7/15/2018,401018912,2018,MIN,CON,home,-3,-105,164,-110,64,83,19,147,1021800132,33,44,1,0,0,0,0,0,0,64,83,19,77,11,away,home,33,11
7/15/2022,401391796,2022,MIN,IND,away,-4,-110,167,-110,87,77,-10,164,1022200147,38,37,1,0,1,0,0,0,0,77,87,10,75,-1,home,away,37,1
7/15/2022,401391796,2022,IND,MIN,home,4,-110,167,-110,77,87,10,164,1022200147,38,37,0,1,0,1,1,1,1,77,87,10,75,-1,home,home,38,-1
7/15/2022,401391797,2022,CON,ATL,away,-8,-110,156,-110,93,68,-25,161,1022200148,33,51,1,1,1,1,1,1,1,68,93,25,84,18,away,away,51,-18
7/15/2022,401391797,2022,ATL,CON,home,8,-110,156,-110,68,93,25,161,1022200148,33,51,0,0,0,0,0,0,0,68,93,25,84,18,away,home,33,18
7/16/2022,401391798,2022,CHI,DAL,away,-4.5,-110,169,-110,89,81,-8,170,1022200149,42,41,0,1,1,1,0,0,0,81,89,8,83,-1,home,away,41,1
7/16/2022,401391798,2022,DAL,CHI,home,4.5,-110,169,-110,81,89,8,170,1022200149,42,41,1,0,0,0,1,1,1,81,89,8,83,-1,home,home,42,-1
7/17/2018,401018913,2018,NYL,DAL,away,7.5,-110,171.5,-110,87,104,17,191,1021800133,57,44,0,0,0,0,0,0,0,104,87,-17,101,-13,home,away,44,13
7/17/2018,401018913,2018,DAL,NYL,home,-8,-103,171.5,-110,104,87,-17,191,1021800133,57,44,1,1,1,1,1,1,1,104,87,-17,101,-13,home,home,57,-13
7/17/2018,401018914,2018,ATL,CON,away,7,-110,170.5,-108,86,83,-3,169,1021800134,42,35,0,0,0,0,0,0,0,83,86,3,77,-7,home,away,35,7
7/17/2018,401018914,2018,CON,ATL,home,-7,-110,170.5,-112,83,86,3,169,1021800134,42,35,1,1,1,1,1,1,1,83,86,3,77,-7,home,home,42,-7
7/17/2019,401105014,2019,DAL,PHO,away,6.5,-110,148.5,-110,64,69,5,133,1021900102,31,34,1,0,0,0,1,1,0,69,64,-5,65,3,away,away,34,-3
7/17/2019,401105014,2019,PHO,DAL,home,-6.5,-110,148,-110,69,64,-5,133,1021900102,31,34,0,1,1,1,0,0,1,69,64,-5,65,3,away,home,31,3
7/17/2019,401105015,2019,SEA,MIN,away,5.5,-110,147,-110,90,79,-11,169,1021900103,40,50,1,1,1,1,1,1,1,79,90,11,90,10,away,away,50,-10
7/17/2019,401105015,2019,MIN,SEA,home,-5.5,-110,147,-110,79,90,11,169,1021900103,40,50,0,0,0,0,0,0,0,79,90,11,90,10,away,home,40,10
7/17/2022,401391799,2022,LVA,CON,away,-4,-110,174.5,-110,91,83,-8,174,1022200150,37,35,0,0,0,0,0,0,1,83,91,8,72,-2,home,away,35,2
7/17/2022,401391799,2022,CON,LVA,home,4,-110,174.5,-110,83,91,8,174,1022200150,37,35,1,1,1,1,1,1,0,83,91,8,72,-2,home,home,37,-2
7/17/2022,401391800,2022,MIN,WAS,away,5,-110,161.5,-110,57,70,13,127,1022200151,37,28,1,1,0,0,0,0,0,70,57,-13,65,-9,home,away,28,9
7/17/2022,401391800,2022,WAS,MIN,home,-5,-110,161.5,-110,70,57,-13,127,1022200151,37,28,0,0,1,1,1,1,1,70,57,-13,65,-9,home,home,37,-9
7/17/2022,401391801,2022,ATL,PHO,away,6,-110,162.5,-110,85,75,-10,160,1022200152,41,41,1,1,1,1,1,1,1,75,85,10,82,0,tie,away,41,-0
7/17/2022,401391801,2022,PHO,ATL,home,-6,-110,162.5,-110,75,85,10,160,1022200152,41,41,0,0,0,0,0,0,0,75,85,10,82,0,tie,home,41,0
7/17/2022,401391802,2022,IND,SEA,away,14,-110,162.5,-110,65,81,16,146,1022200153,42,31,1,0,0,0,0,0,0,81,65,-16,73,-11,home,away,31,11
7/17/2022,401391802,2022,SEA,IND,home,-14,-110,162.5,-110,81,65,-16,146,1022200153,42,31,0,1,1,1,1,1,1,81,65,-16,73,-11,home,home,42,-11
7/18/2018,401018915,2018,SEA,CHI,away,-8.5,-110,178.5,-110,101,83,-18,184,1021800135,37,54,1,0,1,1,1,1,1,83,101,18,91,17,away,away,54,-17
7/18/2018,401018915,2018,CHI,SEA,home,8.5,-110,178.5,-110,83,101,18,184,1021800135,37,54,0,1,0,0,0,0,0,83,101,18,91,17,away,home,37,17
7/18/2018,401018916,2018,IND,MIN,away,15,-110,155.5,-110,65,89,24,154,1021800136,51,36,0,0,0,0,0,0,0,89,65,-24,87,-15,home,away,36,15
7/18/2018,401018916,2018,MIN,IND,home,-15,-110,155.5,-110,89,65,-24,154,1021800136,51,36,1,1,1,1,1,1,1,89,65,-24,87,-15,home,home,51,-15
7/18/2019,401105016,2019,DAL,LAS,away,7.5,-110,150.5,-110,64,69,5,133,1021900104,32,42,1,1,1,1,1,1,1,69,64,-5,74,10,away,away,42,-10
7/18/2019,401105016,2019,LAS,DAL,home,-7.5,-110,150.5,-110,69,64,-5,133,1021900104,32,42,0,0,0,0,0,0,0,69,64,-5,74,10,away,home,32,10
7/18/2023,401507249,2023,MIN,ATL,away,6,-110,169.5,-115,73,82,9,155,1022300120,54,37,0,0,0,0,0,0,0,82,73,-9,91,-17,home,away,37,17
7/18/2023,401507249,2023,ATL,MIN,home,-6,-110,169.5,-105,82,73,-9,155,1022300120,54,37,1,1,1,1,1,1,1,82,73,-9,91,-17,home,home,54,-17
7/18/2023,401507250,2023,CON,PHO,away,-7,-110,164,-110,66,72,6,138,1022300121,43,34,0,0,0,0,0,0,0,72,66,-6,77,-9,home,away,34,9
7/18/2023,401507250,2023,PHO,CON,home,7,-110,164,-110,72,66,-6,138,1022300121,43,34,1,1,1,1,1,1,1,72,66,-6,77,-9,home,home,43,-9
7/19/2018,401018917,2018,NYL,ATL,away,7,-115,164.5,-110,68,82,14,150,1021800137,50,31,0,0,0,0,0,0,0,82,68,-14,81,-19,home,away,31,19
7/19/2018,401018917,2018,ATL,NYL,home,-7,-105,164.5,-110,82,68,-14,150,1021800137,50,31,1,1,1,1,1,1,1,82,68,-14,81,-19,home,home,50,-19
7/19/2018,401018918,2018,WAS,DAL,away,4,-110,178,-110,81,90,9,171,1021800138,48,39,0,0,0,0,0,0,0,90,81,-9,87,-9,home,away,39,9
7/19/2018,401018918,2018,DAL,WAS,home,-4,-110,178,-110,90,81,-9,171,1021800138,48,39,1,1,1,1,1,1,1,90,81,-9,87,-9,home,home,48,-9
7/19/2018,401018919,2018,LVA,PHO,away,8.5,-110,172,-110,85,82,-3,167,1021800139,37,46,0,1,0,1,1,1,1,82,85,3,83,9,away,away,46,-9
7/19/2018,401018919,2018,PHO,LVA,home,-8.5,-110,172,-110,82,85,3,167,1021800139,37,46,1,0,1,0,0,0,0,82,85,3,83,9,away,home,37,9
7/19/2019,401105017,2019,WAS,IND,away,-8,-110,161,-110,95,88,-7,183,1021900105,37,41,1,1,1,1,1,1,1,88,95,7,78,4,away,away,41,-4
7/19/2019,401105017,2019,IND,WAS,home,8,-110,161,-110,88,95,7,183,1021900105,37,41,0,0,0,0,0,0,0,88,95,7,78,4,away,home,37,4
7/19/2019,401105018,2019,ATL,CON,away,9,-110,150,-110,69,98,29,167,1021900106,49,40,0,0,0,0,0,0,0,98,69,-29,89,-9,home,away,40,9
7/19/2019,401105018,2019,CON,ATL,home,-9,-110,150,-110,98,69,-29,167,1021900106,49,40,1,1,1,1,1,1,1,98,69,-29,89,-9,home,home,49,-9
7/19/2019,401105019,2019,LVA,SEA,away,-1.5,-115,157,-110,66,69,3,135,1021900107,43,35,0,0,0,0,0,0,0,69,66,-3,78,-8,home,away,35,8
7/19/2019,401105019,2019,SEA,LVA,home,1.5,-105,157,-110,69,66,-3,135,1021900107,43,35,1,1,1,1,1,1,1,69,66,-3,78,-8,home,home,43,-8
7/19/2022,401391803,2022,NYL,CON,away,5,-110,161.5,-110,63,82,19,145,1022200154,39,35,0,0,1,1,1,0,0,82,63,-19,74,-4,home,away,35,4
7/19/2022,401391803,2022,CON,NYL,home,-5,-110,161.5,-110,82,63,-19,145,1022200154,39,35,1,1,0,0,0,1,1,82,63,-19,74,-4,home,home,39,-4
7/19/2022,401391804,2022,ATL,LVA,away,13,-110,173.5,-110,92,76,-16,168,1022200155,36,52,1,1,1,1,1,1,1,76,92,16,88,16,away,away,52,-16
7/19/2022,401391804,2022,LVA,ATL,home,-13,-110,173.5,-110,76,92,16,168,1022200155,36,52,0,0,0,0,0,0,0,76,92,16,88,16,away,home,36,16
7/19/2022,401391805,2022,IND,LAS,away,8,-110,162.5,-110,79,86,7,165,1022200156,42,40,0,0,0,0,1,1,0,86,79,-7,82,-2,home,away,40,2
7/19/2022,401391805,2022,LAS,IND,home,-8,-110,162.5,-110,86,79,-7,165,1022200156,42,40,1,1,1,1,0,0,1,86,79,-7,82,-2,home,home,42,-2
7/19/2023,401507251,2023,IND,WAS,away,2.5,-110,158,-112,82,76,-6,158,1022300122,36,39,0,1,1,1,1,0,1,76,82,6,75,3,away,away,39,-3
7/19/2023,401507251,2023,WAS,IND,home,-2.5,-110,158,-108,76,82,6,158,1022300122,36,39,1,0,0,0,0,1,0,76,82,6,75,3,away,home,36,3
7/19/2023,401507252,2023,DAL,NYL,away,7,-110,167.5,-110,98,88,-10,186,1022300123,51,49,1,1,1,1,1,1,1,88,98,10,100,-2,home,away,49,2
7/19/2023,401507252,2023,NYL,DAL,home,-7.5,-110,167.5,-110,88,98,10,186,1022300123,51,49,0,0,0,0,0,0,0,88,98,10,100,-2,home,home,51,-2
7/2/2019,401104985,2019,CHI,LVA,away,9,-110,162,-110,82,90,8,172,1021900073,55,54,0,1,0,0,0,0,0,90,82,-8,109,-1,home,away,54,1
7/2/2019,401104985,2019,LVA,CHI,home,-9,-110,162,-110,90,82,-8,172,1021900073,55,54,1,0,1,1,1,1,1,90,82,-8,109,-1,home,home,55,-1
7/2/2019,401104986,2019,ATL,MIN,away,7.5,-110,152,-105,68,85,17,153,1021900074,38,34,1,0,0,0,0,0,0,85,68,-17,72,-4,home,away,34,4
7/2/2019,401104986,2019,MIN,ATL,home,-7.5,-110,152,-115,85,68,-17,153,1021900074,38,34,0,1,1,1,1,1,1,85,68,-17,72,-4,home,home,38,-4
7/2/2021,401320662,2021,CHI,DAL,away,-2.5,-115,167.5,-110,91,100,9,191,1022100098,51,48,1,1,1,1,1,1,1,100,91,-9,99,-3,home,away,48,3
7/2/2021,401320662,2021,DAL,CHI,home,2.5,-110,167.5,-110,100,91,-9,191,1022100098,51,48,0,0,0,0,0,0,0,100,91,-9,99,-3,home,home,51,-3
7/2/2021,401320665,2021,ATL,SEA,away,15.5,-105,166.5,-110,88,91,3,179,1022100101,50,47,0,0,1,0,0,0,0,91,88,-3,97,-3,home,away,47,3
7/2/2021,401320665,2021,SEA,ATL,home,-15.5,-115,166.5,-110,91,88,-3,179,1022100101,50,47,1,1,0,1,1,1,1,91,88,-3,97,-3,home,home,50,-3
7/2/2021,401320663,2021,LVA,LAS,away,-15,-110,167.5,-110,66,58,-8,124,1022100099,30,38,1,1,0,0,1,1,1,58,66,8,68,8,away,away,38,-8
7/2/2021,401320663,2021,LAS,LVA,home,15,-110,167.5,-110,58,66,8,124,1022100099,30,38,0,0,1,1,0,0,0,58,66,8,68,8,away,home,30,8
7/2/2022,401391772,2022,PHO,CHI,away,8.5,-110,168,-110,75,91,16,166,1022200123,46,40,0,0,0,0,0,0,0,91,75,-16,86,-6,home,away,40,6
7/2/2022,401391772,2022,CHI,PHO,home,-8.5,-110,168,-110,91,75,-16,166,1022200123,46,40,1,1,1,1,1,1,1,91,75,-16,86,-6,home,home,46,-6
7/2/2023,401507223,2023,LAS,ATL,away,5,-108,165.5,-113,84,112,28,196,1022300094,54,48,0,1,0,0,0,1,1,112,84,-28,102,-6,home,away,48,6
7/2/2023,401507223,2023,ATL,LAS,home,-5,-112,165.5,-107,112,84,-28,196,1022300094,54,48,1,0,1,1,1,0,0,112,84,-28,102,-6,home,home,54,-6
7/2/2023,401507225,2023,WAS,DAL,away,6,-102,161.5,-115,72,89,17,161,1022300096,37,33,1,1,1,0,0,0,0,89,72,-17,70,-4,home,away,33,4
7/2/2023,401507225,2023,DAL,WAS,home,-6,-115,161.5,-105,89,72,-17,161,1022300096,37,33,0,0,0,1,1,1,1,89,72,-17,70,-4,home,home,37,-4
7/2/2023,401507224,2023,CHI,IND,away,3,-110,159.5,-110,89,87,-2,176,1022300095,47,54,0,0,1,1,1,1,1,87,89,2,101,7,away,away,54,-7
7/2/2023,401507224,2023,IND,CHI,home,-3,-110,159.5,-110,87,89,2,176,1022300095,47,54,1,1,0,0,0,0,0,87,89,2,101,7,away,home,47,7
7/2/2023,401507226,2023,NYL,SEA,away,-10.5,-110,170.5,-110,81,66,-15,147,1022300097,27,44,1,1,1,1,1,1,1,66,81,15,71,17,away,away,44,-17
7/2/2023,401507226,2023,SEA,NYL,home,10.5,-110,170.5,-110,66,81,15,147,1022300097,27,44,0,0,0,0,0,0,0,66,81,15,71,17,away,home,27,17
7/20/2018,401018920,2018,SEA,CON,away,2.5,-115,177.5,-110,78,65,-13,143,1021800140,33,29,0,0,0,1,0,0,0,65,78,13,62,-4,home,away,29,4
7/20/2018,401018920,2018,CON,SEA,home,-2.5,-105,177.5,-110,65,78,13,143,1021800140,33,29,1,1,1,0,1,1,1,65,78,13,62,-4,home,home,33,-4
7/20/2018,401018921,2018,DAL,CHI,away,-7,-115,181,-110,99,114,15,213,1021800141,57,52,0,0,0,0,0,0,0,114,99,-15,109,-5,home,away,52,5
7/20/2018,401018921,2018,CHI,DAL,home,7,-105,181,-110,114,99,-15,213,1021800141,57,52,1,1,1,1,1,1,1,114,99,-15,109,-5,home,home,57,-5
7/20/2018,401018922,2018,IND,LAS,away,13,-105,153.5,-110,78,76,-2,154,1021800142,40,37,0,0,0,0,0,1,0,76,78,2,77,-3,home,away,37,3
7/20/2018,401018922,2018,LAS,IND,home,-13,-115,153.5,-110,76,78,2,154,1021800142,40,37,1,1,1,1,1,0,1,76,78,2,77,-3,home,home,40,-3
7/20/2019,401105020,2019,LAS,NYL,away,-2,-110,157.5,-110,78,83,5,161,1021900108,44,37,0,0,0,0,0,0,0,83,78,-5,81,-7,home,away,37,7
7/20/2019,401105020,2019,NYL,LAS,home,2,-110,157.5,-110,83,78,-5,161,1021900108,44,37,1,1,1,1,1,1,1,83,78,-5,81,-7,home,home,44,-7
7/20/2019,401105021,2019,PHO,DAL,away,-2,-110,145.5,-110,70,66,-4,136,1021900109,32,36,1,0,0,1,1,1,1,66,70,4,68,4,away,away,36,-4
7/20/2019,401105021,2019,DAL,PHO,home,2,-105,145.5,-110,66,70,4,136,1021900109,32,36,0,1,1,0,0,0,0,66,70,4,68,4,away,home,32,4
7/20/2022,401391806,2022,SEA,CHI,away,2.5,-110,159,-105,74,78,4,152,1022200157,35,31,1,0,0,0,0,0,0,78,74,-4,66,-4,home,away,31,4
7/20/2022,401391806,2022,CHI,SEA,home,-2.5,-110,159,-115,78,74,-4,152,1022200157,35,31,0,1,1,1,1,1,1,78,74,-4,66,-4,home,home,35,-4
7/20/2023,401507253,2023,ATL,CON,away,5.5,-115,169.5,-110,71,82,11,153,1022300124,38,41,0,0,1,1,1,0,1,82,71,-11,79,3,away,away,41,-3
7/20/2023,401507253,2023,CON,ATL,home,-5.5,-105,169.5,-110,82,71,-11,153,1022300124,38,41,1,1,0,0,0,1,0,82,71,-11,79,3,away,home,38,3
7/20/2023,401507254,2023,LAS,MIN,away,3,105,165,-110,70,73,3,143,1022300125,46,29,1,1,0,0,0,0,0,73,70,-3,75,-17,home,away,29,17
7/20/2023,401507254,2023,MIN,LAS,home,-3,-125,165,-110,73,70,-3,143,1022300125,46,29,0,0,1,1,1,1,1,73,70,-3,75,-17,home,home,46,-17
7/20/2023,401507255,2023,CHI,PHO,away,-2,-107,155,-110,62,80,18,142,1022300126,40,30,0,0,0,0,0,0,0,80,62,-18,70,-10,home,away,30,10
7/20/2023,401507255,2023,PHO,CHI,home,2,-113,155,-110,80,62,-18,142,1022300126,40,30,1,1,1,1,1,1,1,80,62,-18,70,-10,home,home,40,-10
7/20/2023,401507256,2023,LVA,SEA,away,-16.5,-110,170.5,-110,79,63,-16,142,1022300127,28,39,0,1,1,1,1,1,1,63,79,16,67,11,away,away,39,-11
7/20/2023,401507256,2023,SEA,LVA,home,16.5,-109,170.5,-110,63,79,16,142,1022300127,28,39,1,0,0,0,0,0,0,63,79,16,67,11,away,home,28,11
7/21/2018,401018923,2018,WAS,NYL,away,-6,-110,166,-110,95,78,-17,173,1021800143,35,43,1,1,1,1,1,1,1,78,95,17,78,8,away,away,43,-8
7/21/2018,401018923,2018,NYL,WAS,home,6,-110,166,-110,78,95,17,173,1021800143,35,43,0,0,0,0,0,0,0,78,95,17,78,8,away,home,35,8
7/21/2018,401018924,2018,MIN,PHO,away,3.5,-110,161,-110,80,75,-5,155,1021800144,38,40,0,0,1,1,1,1,1,75,80,5,78,2,away,away,40,-2
7/21/2018,401018924,2018,PHO,MIN,home,-3.5,-110,161,-110,75,80,5,155,1021800144,38,40,1,1,0,0,0,0,0,75,80,5,78,2,away,home,38,2
7/21/2019,401105022,2019,ATL,WAS,away,13,-115,159,-110,65,93,28,158,1021900110,45,31,0,0,0,0,0,0,0,93,65,-28,76,-14,home,away,31,14
7/21/2019,401105022,2019,WAS,ATL,home,-13,-110,159,-110,93,65,-28,158,1021900110,45,31,1,1,1,1,1,1,1,93,65,-28,76,-14,home,home,45,-14
7/21/2019,401105023,2019,IND,CHI,away,5.5,-110,158.5,-110,70,78,8,148,1021900111,27,36,0,0,1,1,1,1,1,78,70,-8,63,9,away,away,36,-9
7/21/2019,401105023,2019,CHI,IND,home,-5.5,-115,158.5,-110,78,70,-8,148,1021900111,27,36,1,1,0,0,0,0,0,78,70,-8,63,9,away,home,27,9
7/21/2019,401105024,2019,MIN,LVA,away,6,-110,156,105,74,79,5,153,1021900112,39,37,1,1,0,0,0,0,0,79,74,-5,76,-2,home,away,37,2
7/21/2019,401105024,2019,LVA,MIN,home,-6,-110,156,-125,79,74,-5,153,1021900112,39,37,0,0,1,1,1,1,1,79,74,-5,76,-2,home,home,39,-2
7/21/2022,401391807,2022,NYL,WAS,away,8,-110,156.5,-110,69,78,9,147,1022200158,40,37,1,1,1,1,1,0,0,78,69,-9,77,-3,home,away,37,3
7/21/2022,401391807,2022,WAS,NYL,home,-8,-110,156.5,-110,78,69,-9,147,1022200158,40,37,0,0,0,0,0,1,1,78,69,-9,77,-3,home,home,40,-3
7/21/2022,401391808,2022,ATL,LAS,away,2.5,-110,161.5,-110,78,85,7,163,1022200159,52,42,0,0,0,0,0,0,0,85,78,-7,94,-10,home,away,42,10
7/21/2022,401391808,2022,LAS,ATL,home,-2.5,-110,161.5,-110,85,78,-7,163,1022200159,52,42,1,1,1,1,1,1,1,85,78,-7,94,-10,home,home,52,-10
7/21/2022,401391809,2022,IND,LVA,away,17,-108,176.5,-110,77,90,13,167,1022200160,52,32,0,0,0,0,0,0,0,90,77,-13,84,-20,home,away,32,20
7/21/2022,401391809,2022,LVA,IND,home,-17,-112,176.5,-110,90,77,-13,167,1022200160,52,32,1,1,1,1,1,1,1,90,77,-13,84,-20,home,home,52,-20
7/21/2023,401507257,2023,NYL,WAS,away,-10.5,-110,163,-110,96,87,-9,183,1022300128,41,50,0,1,1,1,1,1,1,87,96,9,91,9,away,away,50,-9
7/21/2023,401507257,2023,WAS,NYL,home,10.5,-110,163,-110,87,96,9,183,1022300128,41,50,1,0,0,0,0,0,0,87,96,9,91,9,away,home,41,9
7/22/2018,401018925,2018,SEA,ATL,away,-2,-110,163.5,-110,74,87,13,161,1021800145,47,34,1,0,0,0,0,0,0,87,74,-13,81,-13,home,away,34,13
7/22/2018,401018925,2018,ATL,SEA,home,2,-110,163.5,-110,87,74,-13,161,1021800145,47,34,0,1,1,1,1,1,1,87,74,-13,81,-13,home,home,47,-13
7/22/2018,401018926,2018,CON,DAL,away,4,-110,178,-110,92,75,-17,167,1021800146,38,44,1,1,1,1,1,1,1,75,92,17,82,6,away,away,44,-6
7/22/2018,401018926,2018,DAL,CON,home,-4,-110,178,-110,75,92,17,167,1021800146,38,44,0,0,0,0,0,0,0,75,92,17,82,6,away,home,38,6
7/22/2018,401018927,2018,IND,LVA,away,9.5,-110,167.5,-110,74,88,14,162,1021800147,40,37,1,0,0,0,0,0,0,88,74,-14,77,-3,home,away,37,3
7/22/2018,401018927,2018,LVA,IND,home,-9.5,-110,167.5,-110,88,74,-14,162,1021800147,40,37,0,1,1,1,1,1,1,88,74,-14,77,-3,home,home,40,-3
7/22/2018,401018928,2018,LAS,CHI,away,-3.5,-105,165,-110,93,76,-17,169,1021800148,38,40,0,0,0,1,0,0,1,76,93,17,78,2,away,away,40,-2
7/22/2018,401018928,2018,CHI,LAS,home,3.5,-115,165,-110,76,93,17,169,1021800148,38,40,1,1,1,0,1,1,0,76,93,17,78,2,away,home,38,2
7/22/2022,401391810,2022,CON,MIN,away,2.5,-110,159.5,-110,94,84,-10,178,1022200161,38,51,1,1,1,1,1,1,1,84,94,10,89,13,away,away,51,-13
7/22/2022,401391810,2022,MIN,CON,home,-2.5,-110,159.5,-110,84,94,10,178,1022200161,38,51,0,0,0,0,0,0,0,84,94,10,89,13,away,home,38,13
7/22/2022,401391811,2022,DAL,CHI,away,7.5,-110,164.5,-110,83,89,6,172,1022200162,50,39,0,0,0,0,0,0,0,89,83,-6,89,-11,home,away,39,11
7/22/2022,401391811,2022,CHI,DAL,home,-7.5,-113,164.5,-110,89,83,-6,172,1022200162,50,39,1,1,1,1,1,1,1,89,83,-6,89,-11,home,home,50,-11
7/22/2022,401391812,2022,SEA,PHO,away,-6,-124,160.5,-110,78,94,16,172,1022200163,42,42,0,1,0,0,0,1,0,94,78,-16,84,0,tie,away,42,-0
7/22/2022,401391812,2022,PHO,SEA,home,6,104,160.5,-110,94,78,-16,172,1022200163,42,42,1,0,1,1,1,0,1,94,78,-16,84,0,tie,home,42,0
7/22/2023,401507258,2023,CON,ATL,away,1,-106,167.5,-110,86,78,-8,164,1022300129,38,45,1,1,1,1,1,1,1,78,86,8,83,7,away,away,45,-7
7/22/2023,401507258,2023,ATL,CON,home,-1,-114,167.5,-110,78,86,8,164,1022300129,38,45,0,0,0,0,0,0,0,78,86,8,83,7,away,home,38,7
7/22/2023,401507261,2023,LVA,MIN,away,-14.5,-105,171,-110,98,81,-17,179,1022300132,30,48,1,1,1,1,1,1,1,81,98,17,78,18,away,away,48,-18
7/22/2023,401507261,2023,MIN,LVA,home,14.5,-115,171,-110,81,98,17,179,1022300132,30,48,0,0,0,0,0,0,0,81,98,17,78,18,away,home,30,18
7/22/2023,401507260,2023,LAS,DAL,away,8,-110,164.5,-110,84,98,14,182,1022300131,52,48,0,0,0,1,1,0,0,98,84,-14,100,-4,home,away,48,4
7/22/2023,401507260,2023,DAL,LAS,home,-8,-110,164.5,-110,98,84,-14,182,1022300131,52,48,1,1,1,0,0,1,1,98,84,-14,100,-4,home,home,52,-4
7/22/2023,401507259,2023,CHI,SEA,away,1.5,-110,159,-110,90,75,-15,165,1022300130,32,49,1,1,1,1,1,1,1,75,90,15,81,17,away,away,49,-17
7/22/2023,401507259,2023,SEA,CHI,home,-1.5,-110,159,-110,75,90,15,165,1022300130,32,49,0,0,0,0,0,0,0,75,90,15,81,17,away,home,32,17
7/23/2019,401105025,2019,LAS,ATL,away,-1,-110,148,-110,78,66,-12,144,1021900113,32,30,1,0,0,1,1,0,1,66,78,12,62,-2,home,away,30,2
7/23/2019,401105025,2019,ATL,LAS,home,1,-110,148,-110,66,78,12,144,1021900113,32,30,0,1,1,0,0,1,0,66,78,12,62,-2,home,home,32,-2
7/23/2019,401105026,2019,SEA,LVA,away,5,-110,153.5,-110,62,79,17,141,1021900114,36,35,0,0,0,1,0,1,0,79,62,-17,71,-1,home,away,35,1
7/23/2019,401105026,2019,LVA,SEA,home,-5,-110,153.5,-110,79,62,-17,141,1021900114,36,35,1,1,1,0,1,0,1,79,62,-17,71,-1,home,home,36,-1
7/23/2019,401105027,2019,IND,PHO,away,5.5,-110,149.5,-115,77,95,18,172,1021900115,44,43,1,1,1,0,1,0,0,95,77,-18,87,-1,home,away,43,1
7/23/2019,401105027,2019,PHO,IND,home,-5.5,-110,149.5,-105,95,77,-18,172,1021900115,44,43,0,0,0,1,0,1,1,95,77,-18,87,-1,home,home,44,-1
7/23/2022,401391813,2022,CHI,NYL,away,-4,-112,164,-110,80,83,3,163,1022200164,37,39,1,0,0,0,0,0,0,83,80,-3,76,2,away,away,39,-2
7/23/2022,401391813,2022,NYL,CHI,home,4,-108,164,-110,83,80,-3,163,1022200164,37,39,0,1,1,1,1,1,1,83,80,-3,76,2,away,home,37,2
7/23/2022,401391814,2022,LAS,LVA,away,9.5,-108,173,-110,66,84,18,150,1022200165,39,39,0,0,0,0,0,1,1,84,66,-18,78,0,tie,away,39,-0
7/23/2022,401391814,2022,LVA,LAS,home,-9.5,-112,173,-110,84,66,-18,150,1022200165,39,39,1,1,1,1,1,0,0,84,66,-18,78,0,tie,home,39,0
7/23/2023,401507263,2023,PHO,WAS,away,3,-110,156,-110,69,84,15,153,1022300134,46,31,1,0,0,0,0,0,0,84,69,-15,77,-15,home,away,31,15
7/23/2023,401507263,2023,WAS,PHO,home,-3,-110,156,-110,84,69,-15,153,1022300134,46,31,0,1,1,1,1,1,1,84,69,-15,77,-15,home,home,46,-15
7/23/2023,401507262,2023,IND,NYL,away,13,-110,170.5,-110,83,101,18,184,1022300133,68,46,0,0,0,0,0,0,0,101,83,-18,114,-22,home,away,46,22
7/23/2023,401507262,2023,NYL,IND,home,-13,-110,170.5,-110,101,83,-18,184,1022300133,68,46,1,1,1,1,1,1,1,101,83,-18,114,-22,home,home,68,-22
7/24/2018,401018929,2018,WAS,CON,away,5,-110,170.5,-110,68,94,26,162,1021800149,45,35,1,1,1,1,0,0,0,94,68,-26,80,-10,home,away,35,10
7/24/2018,401018929,2018,CON,WAS,home,-5,-110,170.5,-110,94,68,-26,162,1021800149,45,35,0,0,0,0,1,1,1,94,68,-26,80,-10,home,home,45,-10
7/24/2018,401018930,2018,SEA,IND,away,-11,-110,166,-110,92,72,-20,164,1021800150,34,46,1,1,1,1,1,1,1,72,92,20,80,12,away,away,46,-12
7/24/2018,401018930,2018,IND,SEA,home,11,-110,166,-110,72,92,20,164,1021800150,34,46,0,0,0,0,0,0,0,72,92,20,80,12,away,home,34,12
7/24/2018,401018931,2018,NYL,MIN,away,12.5,-110,157,-110,82,85,3,167,1021800151,46,50,1,1,1,1,1,1,1,85,82,-3,96,4,away,away,50,-4
7/24/2018,401018931,2018,MIN,NYL,home,-12.5,-110,157,-110,85,82,-3,167,1021800151,46,50,0,0,0,0,0,0,0,85,82,-3,96,4,away,home,46,4
7/24/2018,401018932,2018,ATL,LAS,away,2.5,-110,157.5,-115,81,71,-10,152,1021800152,41,37,1,0,0,0,0,1,0,71,81,10,78,-4,home,away,37,4
7/24/2018,401018932,2018,LAS,ATL,home,-2.5,-110,157.5,-105,71,81,10,152,1021800152,41,37,0,1,1,1,1,0,1,71,81,10,78,-4,home,home,41,-4
7/24/2019,401105028,2019,NYL,CON,away,9.5,-110,160.5,-110,63,70,7,133,1021900116,36,39,0,0,1,1,1,1,0,70,63,-7,75,3,away,away,39,-3
7/24/2019,401105028,2019,CON,NYL,home,-9.5,-110,160.5,-110,70,63,-7,133,1021900116,36,39,1,1,0,0,0,0,1,70,63,-7,75,3,away,home,36,3
7/24/2019,401105029,2019,WAS,MIN,away,-5.5,-110,160,-115,79,71,-8,150,1021900117,32,44,1,1,1,1,1,1,1,71,79,8,76,12,away,away,44,-12
7/24/2019,401105029,2019,MIN,WAS,home,5.5,-110,160,-110,71,79,8,150,1021900117,32,44,0,0,0,0,0,0,0,71,79,8,76,12,away,home,32,12
7/24/2022,401391815,2022,DAL,IND,away,-6.5,-115,167,-110,96,86,-10,182,1022200166,39,45,0,0,0,0,1,1,1,86,96,10,84,6,away,away,45,-6
7/24/2022,401391815,2022,IND,DAL,home,6.5,-105,167,-110,86,96,10,182,1022200166,39,45,1,1,1,1,0,0,0,86,96,10,84,6,away,home,39,6
7/24/2022,401391816,2022,ATL,SEA,away,7.5,-108,157.5,-110,72,82,10,154,1022200167,41,34,0,1,1,0,0,0,0,82,72,-10,75,-7,home,away,34,7
7/24/2022,401391816,2022,SEA,ATL,home,-7.5,-112,157.5,-110,82,72,-10,154,1022200167,41,34,1,0,0,1,1,1,1,82,72,-10,75,-7,home,home,41,-7
7/24/2022,401391817,2022,CON,MIN,away,-5.5,-110,164,-110,86,79,-7,165,1022200168,32,42,1,1,1,1,1,1,1,79,86,7,74,10,away,away,42,-10
7/24/2022,401391817,2022,MIN,CON,home,5.5,-110,164,-110,79,86,7,165,1022200168,32,42,0,0,0,0,0,0,0,79,86,7,74,10,away,home,32,10
7/25/2018,401018933,2018,CHI,PHO,away,7,-110,172,-110,101,87,-14,188,1021800153,43,56,1,1,1,0,1,1,1,87,101,14,99,13,away,away,56,-13
7/25/2018,401018933,2018,PHO,CHI,home,-7,-110,172,-110,87,101,14,188,1021800153,43,56,0,0,0,1,0,0,0,87,101,14,99,13,away,home,43,13
7/25/2023,401507265,2023,SEA,NYL,away,15,-112,171,-110,82,86,4,168,1022300136,35,45,1,0,1,1,0,1,1,86,82,-4,80,10,away,away,45,-10
7/25/2023,401507265,2023,NYL,SEA,home,-15,-108,171,-110,86,82,-4,168,1022300136,35,45,0,1,0,0,1,0,0,86,82,-4,80,10,away,home,35,10
7/25/2023,401507264,2023,PHO,ATL,away,8,-113,163.5,-110,65,78,13,143,1022300135,45,33,0,0,0,0,0,0,0,78,65,-13,78,-12,home,away,33,12
7/25/2023,401507264,2023,ATL,PHO,home,-8,-107,163.5,-110,78,65,-13,143,1022300135,45,33,1,1,1,1,1,1,1,78,65,-13,78,-12,home,home,45,-12
7/25/2023,401507266,2023,LVA,CHI,away,-14.5,-110,167,-110,107,95,-12,202,1022300137,48,55,1,1,1,1,1,1,1,95,107,12,103,7,away,away,55,-7
7/25/2023,401507266,2023,CHI,LVA,home,14.5,-110,167,-110,95,107,12,202,1022300137,48,55,0,0,0,0,0,0,0,95,107,12,103,7,away,home,48,7
7/25/2023,401507267,2023,CON,DAL,away,4,-112,168,-110,88,83,-5,171,1022300138,42,40,1,1,1,1,1,1,1,83,88,5,82,-2,home,away,40,2
7/25/2023,401507267,2023,DAL,CON,home,-4,-108,168,-110,83,88,5,171,1022300138,42,40,0,0,0,0,0,0,0,83,88,5,82,-2,home,home,42,-2
7/25/2023,401507268,2023,IND,LAS,away,4.5,-110,163.5,-110,78,79,1,157,1022300139,47,38,0,1,1,1,0,0,0,79,78,-1,85,-9,home,away,38,9
7/25/2023,401507268,2023,LAS,IND,home,-4.5,-110,163.5,-110,79,78,-1,157,1022300139,47,38,1,0,0,0,1,1,1,79,78,-1,85,-9,home,home,47,-9
7/26/2020,401230462,2020,CHI,LVA,away,-3.5,-110,175,-110,88,86,-2,174,1022001005,48,46,0,0,0,0,0,1,0,86,88,2,94,-2,home,away,46,2
7/26/2020,401230462,2020,LVA,CHI,home,3.5,-110,175,-110,86,88,2,174,1022001005,48,46,1,1,1,1,1,0,1,86,88,2,94,-2,home,home,48,-2
7/26/2020,401230463,2020,DAL,ATL,away,-6,-108,154.5,-110,95,105,10,200,1022001006,53,49,0,0,0,1,1,1,0,105,95,-10,102,-4,home,away,49,4
7/26/2020,401230463,2020,ATL,DAL,home,6,-112,154.5,-110,105,95,-10,200,1022001006,53,49,1,1,1,0,0,0,1,105,95,-10,102,-4,home,home,53,-4
7/26/2023,401507269,2023,WAS,MIN,away,4,-102,159,-115,92,97,5,189,1022300140,58,60,0,0,1,0,0,0,1,97,92,-5,118,2,away,away,60,-2
7/26/2023,401507269,2023,MIN,WAS,home,-4,-118,159,-105,97,92,-5,189,1022300140,58,60,1,1,0,1,1,1,0,97,92,-5,118,2,away,home,58,2
7/27/2023,401507270,2023,IND,LAS,away,2.5,-110,160.5,-110,68,81,13,149,1022300141,45,39,0,1,0,0,0,0,0,81,68,-13,84,-6,home,away,39,6
7/27/2023,401507270,2023,LAS,IND,home,-2.5,-110,160.5,-110,81,68,-13,149,1022300141,45,39,1,0,1,1,1,1,1,81,68,-13,84,-6,home,home,45,-6
7/27/2023,401507271,2023,ATL,NYL,away,9,-112,175,-110,84,95,11,179,1022300142,57,42,0,0,0,0,0,0,0,95,84,-11,99,-15,home,away,42,15
7/27/2023,401507271,2023,NYL,ATL,home,-9,-108,175,-110,95,84,-11,179,1022300142,57,42,1,1,1,1,1,1,1,95,84,-11,99,-15,home,home,57,-15
7/28/2020,401230464,2020,WAS,CON,away,-3,-110,166.5,-110,94,89,-5,183,1022001007,52,48,1,1,1,1,1,1,1,89,94,5,100,-4,home,away,48,4
7/28/2020,401230464,2020,CON,WAS,home,3.5,-115,166.5,-110,89,94,5,183,1022001007,52,48,0,0,0,0,0,0,0,89,94,5,100,-4,home,home,52,-4
7/28/2020,401230465,2020,LAS,CHI,away,-5.5,-110,172.5,-110,78,96,18,174,1022001008,40,36,0,0,0,0,0,1,0,96,78,-18,76,-4,home,away,36,4
7/28/2020,401230465,2020,CHI,LAS,home,5.5,-110,172.5,-110,96,78,-18,174,1022001008,40,36,1,1,1,1,1,0,1,96,78,-18,76,-4,home,home,40,-4
7/28/2020,401230466,2020,MIN,SEA,away,9.5,-105,156.5,-118,66,90,24,156,1022001009,41,35,0,0,0,0,0,0,0,90,66,-24,76,-6,home,away,35,6
7/28/2020,401230466,2020,SEA,MIN,home,-9.5,-115,156.5,-102,90,66,-24,156,1022001009,41,35,1,1,1,1,1,1,1,90,66,-24,76,-6,home,home,41,-6
7/28/2022,401391818,2022,MIN,ATL,away,1,-110,160.5,-110,92,85,-7,177,1022200169,29,49,1,1,1,1,1,1,1,85,92,7,78,20,away,away,49,-20
7/28/2022,401391818,2022,ATL,MIN,home,-1,-110,160.5,-110,85,92,7,177,1022200169,29,49,0,0,0,0,0,0,0,85,92,7,78,20,away,home,29,20
7/28/2022,401391819,2022,SEA,CON,away,3.5,-110,159,-110,83,88,5,171,1022200170,44,40,1,1,1,1,1,1,1,88,83,-5,84,-4,home,away,40,4
7/28/2022,401391819,2022,CON,SEA,home,-3.5,-110,159,-110,88,83,-5,171,1022200170,44,40,0,0,0,0,0,0,0,88,83,-5,84,-4,home,home,44,-4
7/28/2022,401391820,2022,WAS,DAL,away,1.5,-110,157.5,-110,87,77,-10,164,1022200171,36,56,1,1,1,1,1,1,1,77,87,10,92,20,away,away,56,-20
7/28/2022,401391820,2022,DAL,WAS,home,-1.5,-110,157.5,-110,77,87,10,164,1022200171,36,56,0,0,0,0,0,0,0,77,87,10,92,20,away,home,36,20
7/28/2022,401391821,2022,LAS,PHO,away,5,-105,167.5,-110,80,90,10,170,1022200172,54,32,1,0,0,0,0,0,0,90,80,-10,86,-22,home,away,32,22
7/28/2022,401391821,2022,PHO,LAS,home,-5,-115,167.5,-110,90,80,-10,170,1022200172,54,32,0,1,1,1,1,1,1,90,80,-10,86,-22,home,home,54,-22
7/28/2023,401558197,2023,MIN,NYL,away,14,-110,166,-110,88,83,-5,171,1022300038,39,48,0,0,1,1,1,1,1,83,88,5,87,9,away,away,48,-9
7/28/2023,401558197,2023,NYL,MIN,home,-14,-110,166,-110,83,88,5,171,1022300038,39,48,1,1,0,0,0,0,0,83,88,5,87,9,away,home,39,9
7/28/2023,401507273,2023,WAS,DAL,away,8.5,105,165,-110,62,90,28,152,1022300144,43,29,0,0,0,0,0,0,0,90,62,-28,72,-14,home,away,29,14
7/28/2023,401507273,2023,DAL,WAS,home,-8.5,-125,165,-110,90,62,-28,152,1022300144,43,29,1,1,1,1,1,1,1,90,62,-28,72,-14,home,home,43,-14
7/28/2023,401507272,2023,SEA,CHI,away,4,-105,160.5,-110,83,74,-9,157,1022300143,40,42,1,1,1,1,0,1,0,74,83,9,82,2,away,away,42,-2
7/28/2023,401507272,2023,CHI,SEA,home,-4,-115,160.5,-110,74,83,9,157,1022300143,40,42,0,0,0,0,1,0,1,74,83,9,82,2,away,home,40,2
7/29/2020,401230467,2020,PHO,IND,away,-5,-110,165,-115,100,106,6,206,1022001010,56,53,1,1,1,1,1,1,0,106,100,-6,109,-3,home,away,53,3
7/29/2020,401230467,2020,IND,PHO,home,5,-110,165,-105,106,100,-6,206,1022001010,56,53,0,0,0,0,0,0,1,106,100,-6,109,-3,home,home,56,-3
7/29/2020,401230468,2020,NYL,DAL,away,4.5,-110,166,-110,80,93,13,173,1022001011,58,43,1,0,0,0,0,0,0,93,80,-13,101,-15,home,away,43,15
7/29/2020,401230468,2020,DAL,NYL,home,-4.5,-110,166,-110,93,80,-13,173,1022001011,58,43,0,1,1,1,1,1,1,93,80,-13,101,-15,home,home,58,-15
7/29/2020,401230469,2020,ATL,LVA,away,8,-110,175,-110,70,100,30,170,1022001012,47,35,0,0,0,0,0,0,0,100,70,-30,82,-12,home,away,35,12
7/29/2020,401230469,2020,LVA,ATL,home,-8,-110,175,-110,100,70,-30,170,1022001012,47,35,1,1,1,1,1,1,1,100,70,-30,82,-12,home,home,47,-12
7/29/2022,401391822,2022,LVA,IND,away,-14,-110,175.5,-110,93,72,-21,165,1022200173,37,54,1,1,1,1,1,1,1,72,93,21,91,17,away,away,54,-17
7/29/2022,401391822,2022,IND,LVA,home,14,-110,175.5,-110,72,93,21,165,1022200173,37,54,0,0,0,0,0,0,0,72,93,21,91,17,away,home,37,17
7/29/2022,401391823,2022,NYL,CHI,away,8,-110,166,-110,81,89,8,170,1022200174,44,46,1,0,1,1,1,1,1,89,81,-8,90,2,away,away,46,-2
7/29/2022,401391823,2022,CHI,NYL,home,-8,-110,166,-110,89,81,-8,170,1022200174,44,46,0,1,0,0,0,0,0,89,81,-8,90,2,away,home,44,2
7/3/2018,401018880,2018,SEA,NYL,away,-4.5,-110,165.5,-110,77,62,-15,139,1021800100,28,39,1,1,0,0,1,1,1,62,77,15,67,11,away,away,39,-11
7/3/2018,401018880,2018,NYL,SEA,home,4.5,-110,165.5,-110,62,77,15,139,1021800100,28,39,0,0,1,1,0,0,0,62,77,15,67,11,away,home,28,11
7/3/2018,401018882,2018,IND,MIN,away,14,-110,160,-105,71,59,-12,130,1021800102,32,34,1,1,1,1,1,0,1,59,71,12,66,2,away,away,34,-2
7/3/2018,401018882,2018,MIN,IND,home,-14,-110,160,-110,59,71,12,130,1021800102,32,34,0,0,0,0,0,1,0,59,71,12,66,2,away,home,32,2
7/3/2018,401018881,2018,CHI,DAL,away,6.5,-110,174,-110,85,108,23,193,1021800101,51,49,0,1,1,1,0,0,0,108,85,-23,100,-2,home,away,49,2
7/3/2018,401018881,2018,DAL,CHI,home,-6.5,-110,174,-110,108,85,-23,193,1021800101,51,49,1,0,0,0,1,1,1,108,85,-23,100,-2,home,home,51,-2
7/3/2018,401018883,2018,CON,LAS,away,9.5,-105,162,-110,73,72,-1,145,1021800103,25,41,1,1,1,1,1,1,1,72,73,1,66,16,away,away,41,-16
7/3/2018,401018883,2018,LAS,CON,home,-9.5,-115,162,-110,72,73,1,145,1021800103,25,41,0,0,0,0,0,0,0,72,73,1,66,16,away,home,25,16
7/3/2019,401104987,2019,NYL,SEA,away,7,-115,150,-110,84,83,-1,167,1021900075,40,41,0,0,1,0,1,0,1,83,84,1,81,1,away,away,41,-1
7/3/2019,401104987,2019,SEA,NYL,home,-7,-105,150,-110,83,84,1,167,1021900075,40,41,1,1,0,1,0,1,0,83,84,1,81,1,away,home,40,1
7/3/2021,401320667,2021,WAS,NYL,away,1.5,-110,166.5,-110,79,82,3,161,1022100103,33,51,1,1,1,1,1,1,1,82,79,-3,84,18,away,away,51,-18
7/3/2021,401320667,2021,NYL,WAS,home,-1.5,-110,166.5,-110,82,79,-3,161,1022100103,33,51,0,0,0,0,0,0,0,82,79,-3,84,18,away,home,33,18
7/3/2021,401320666,2021,CON,IND,away,-15,-110,156,-105,67,73,6,140,1022100102,28,29,0,1,0,0,1,0,0,73,67,-6,57,1,away,away,29,-1
7/3/2021,401320666,2021,IND,CON,home,15,-110,156,-115,73,67,-6,140,1022100102,28,29,1,0,1,1,0,1,1,73,67,-6,57,1,away,home,28,1
7/3/2021,401320664,2021,MIN,PHO,away,4.5,-110,165.5,-110,99,68,-31,167,1022100100,41,59,1,1,1,1,1,1,1,68,99,31,100,18,away,away,59,-18
7/3/2021,401320664,2021,PHO,MIN,home,-4.5,-110,165.5,-110,68,99,31,167,1022100100,41,59,0,0,0,0,0,0,0,68,99,31,100,18,away,home,41,18
7/3/2022,401391773,2022,WAS,CON,away,8,-115,157.5,-110,72,74,2,146,1022200124,34,49,1,1,1,1,1,1,1,74,72,-2,83,15,away,away,49,-15
7/3/2022,401391773,2022,CON,WAS,home,-8,-105,157.5,-110,74,72,-2,146,1022200124,34,49,0,0,0,0,0,0,0,74,72,-2,83,15,away,home,34,15
7/3/2022,401391774,2022,SEA,ATL,away,-5.5,-110,155,-105,76,90,14,166,1022200125,46,41,0,0,0,0,0,0,0,90,76,-14,87,-5,home,away,41,5
7/3/2022,401391774,2022,ATL,SEA,home,5.5,-110,155,-115,90,76,-14,166,1022200125,46,41,1,1,1,1,1,1,1,90,76,-14,87,-5,home,home,46,-5
7/3/2022,401391776,2022,NYL,LAS,away,4,-115,164.5,-110,74,84,10,158,1022200127,40,43,0,0,0,0,0,0,1,84,74,-10,83,3,away,away,43,-3
7/3/2022,401391776,2022,LAS,NYL,home,-4,-105,164.5,-110,84,74,-10,158,1022200127,40,43,1,1,1,1,1,1,0,84,74,-10,83,3,away,home,40,3
7/3/2022,401391775,2022,LVA,MIN,away,-5,-110,173.5,-110,71,102,31,173,1022200126,49,35,0,0,0,0,0,0,0,102,71,-31,84,-14,home,away,35,14
7/3/2022,401391775,2022,MIN,LVA,home,5,-110,173.5,-110,102,71,-31,173,1022200126,49,35,1,1,1,1,1,1,1,102,71,-31,84,-14,home,home,49,-14
7/30/2019,401105031,2019,PHO,WAS,away,10.5,-110,158,-110,93,99,6,192,1021900119,48,38,0,0,0,0,0,0,0,99,93,-6,86,-10,home,away,38,10
7/30/2019,401105031,2019,WAS,PHO,home,-10.5,-110,158,-115,99,93,-6,192,1021900119,48,38,1,1,1,1,1,1,1,99,93,-6,86,-10,home,home,48,-10
7/30/2019,401105030,2019,CHI,CON,away,7,-110,161.5,-110,94,100,6,194,1021900118,57,43,0,0,0,1,0,0,0,100,94,-6,100,-14,home,away,43,14
7/30/2019,401105030,2019,CON,CHI,home,-7,-112,161.5,-110,100,94,-6,194,1021900118,57,43,1,1,1,0,1,1,1,100,94,-6,100,-14,home,home,57,-14
7/30/2019,401105032,2019,DAL,LVA,away,12,-110,150.5,-110,54,86,32,140,1021900120,42,27,0,0,0,0,0,0,0,86,54,-32,69,-15,home,away,27,15
7/30/2019,401105032,2019,LVA,DAL,home,-12,-105,150.5,-110,86,54,-32,140,1021900120,42,27,1,1,1,1,1,1,1,86,54,-32,69,-15,home,home,42,-15
7/30/2020,401230470,2020,SEA,WAS,away,-7.5,-115,174,-110,71,89,18,160,1022001013,50,32,0,0,0,0,0,0,0,89,71,-18,82,-18,home,away,32,18
7/30/2020,401230470,2020,WAS,SEA,home,7.5,-110,174,-110,89,71,-18,160,1022001013,50,32,1,1,1,1,1,1,1,89,71,-18,82,-18,home,home,50,-18
7/30/2020,401230471,2020,CHI,MIN,away,-5,-110,167,-110,81,83,2,164,1022001014,38,34,1,1,0,0,0,0,0,83,81,-2,72,-4,home,away,34,4
7/30/2020,401230471,2020,MIN,CHI,home,5,-110,167,-110,83,81,-2,164,1022001014,38,34,0,0,1,1,1,1,1,83,81,-2,72,-4,home,home,38,-4
7/30/2020,401230472,2020,CON,LAS,away,6.5,-110,166,-115,76,81,5,157,1022001015,41,36,1,1,1,0,0,0,0,81,76,-5,77,-5,home,away,36,5
7/30/2020,401230472,2020,LAS,CON,home,-6.5,-110,166,-110,81,76,-5,157,1022001015,41,36,0,0,0,1,1,1,1,81,76,-5,77,-5,home,home,41,-5
7/30/2022,401391824,2022,SEA,WAS,away,1.5,-108,156.5,-115,82,77,-5,159,1022200175,35,35,0,0,0,0,0,0,0,77,82,5,70,0,tie,away,35,-0
7/30/2022,401391824,2022,WAS,SEA,home,-1.5,-112,156.5,-105,77,82,5,159,1022200175,35,35,1,1,1,1,1,1,1,77,82,5,70,0,tie,home,35,0
7/30/2022,401391825,2022,DAL,ATL,away,2,-110,164,-110,81,68,-13,149,1022200176,35,42,0,1,1,1,1,1,1,68,81,13,77,7,away,away,42,-7
7/30/2022,401391825,2022,ATL,DAL,home,-2,-110,164,-110,68,81,13,149,1022200176,35,42,1,0,0,0,0,0,0,68,81,13,77,7,away,home,35,7
7/30/2023,401507274,2023,MIN,CON,away,12.5,100,160.5,-110,87,83,-4,170,1022300145,44,48,0,1,1,1,1,0,1,83,87,4,92,4,away,away,48,-4
7/30/2023,401507274,2023,CON,MIN,home,-12.5,-120,159.5,-105,83,87,4,170,1022300145,44,48,1,0,0,0,0,1,0,83,87,4,92,4,away,home,44,4
7/30/2023,401507275,2023,WAS,ATL,away,8.5,-110,166,-110,73,80,7,153,1022300146,40,41,0,1,1,1,0,0,0,80,73,-7,81,1,away,away,41,-1
7/30/2023,401507275,2023,ATL,WAS,home,-8.5,-110,166,-110,80,73,-7,153,1022300146,40,41,1,0,0,0,1,1,1,80,73,-7,81,1,away,home,40,1
7/30/2023,401507276,2023,SEA,IND,away,4,-110,162,-115,85,62,-23,147,1022300147,27,47,0,1,1,1,1,1,1,62,85,23,74,20,away,away,47,-20
7/30/2023,401507276,2023,IND,SEA,home,-4,-110,162,-105,62,85,23,147,1022300147,27,47,1,0,0,0,0,0,0,62,85,23,74,20,away,home,27,20
7/30/2023,401507277,2023,PHO,CHI,away,7,-110,155,-110,85,104,19,189,1022300148,57,48,0,0,0,0,0,0,0,104,85,-19,105,-9,home,away,48,9
7/30/2023,401507277,2023,CHI,PHO,home,-7,-110,155,-110,104,85,-19,189,1022300148,57,48,1,1,1,1,1,1,1,104,85,-19,105,-9,home,home,57,-9
7/30/2023,401507279,2023,NYL,LAS,away,-8.5,-115,168,-110,87,79,-8,166,1022300150,35,51,1,1,1,1,1,1,1,79,87,8,86,16,away,away,51,-16
7/30/2023,401507279,2023,LAS,NYL,home,8.5,-105,168,-110,79,87,8,166,1022300150,35,51,0,0,0,0,0,0,0,79,87,8,86,16,away,home,35,16
7/30/2023,401507278,2023,DAL,LVA,away,11,-115,176,-110,91,104,13,195,1022300149,58,41,0,0,0,0,0,0,0,104,91,-13,99,-17,home,away,41,17
7/30/2023,401507278,2023,LVA,DAL,home,-11,-105,176,-110,104,91,-13,195,1022300149,58,41,1,1,1,1,1,1,1,104,91,-13,99,-17,home,home,58,-17
7/31/2018,401018934,2018,WAS,ATL,away,5,-110,164,-110,86,71,-15,157,1021800154,43,50,0,0,0,0,1,1,1,71,86,15,93,7,away,away,50,-7
7/31/2018,401018934,2018,ATL,WAS,home,-5,-110,164,-110,71,86,15,157,1021800154,43,50,1,1,1,1,0,0,0,71,86,15,93,7,away,home,43,7
7/31/2018,401018935,2018,CHI,DAL,away,12,-115,185,-110,92,91,-1,183,1021800155,36,55,1,1,1,1,1,1,1,91,92,1,91,19,away,away,55,-19
7/31/2018,401018935,2018,DAL,CHI,home,-12,-110,185,-110,91,92,1,183,1021800155,36,55,0,0,0,0,0,0,0,91,92,1,91,19,away,home,36,19
7/31/2018,401018936,2018,SEA,PHO,away,-3.5,-110,170,-110,102,91,-11,193,1021800156,44,53,1,1,1,1,1,1,1,91,102,11,97,9,away,away,53,-9
7/31/2018,401018936,2018,PHO,SEA,home,3.5,-110,170,-110,91,102,11,193,1021800156,44,53,0,0,0,0,0,0,0,91,102,11,97,9,away,home,44,9
7/31/2019,401105033,2019,ATL,IND,away,5,-110,152,-110,59,61,2,120,1021900121,32,25,1,0,1,0,0,0,0,61,59,-2,57,-7,home,away,25,7
7/31/2019,401105033,2019,IND,ATL,home,-5,-110,152,-110,61,59,-2,120,1021900121,32,25,0,1,0,1,1,1,1,61,59,-2,57,-7,home,home,32,-7
7/31/2020,401230753,2020,NYL,ATL,away,5,-110,168.5,-110,78,84,6,162,1022001016,41,43,0,0,0,0,0,0,1,84,78,-6,84,2,away,away,43,-2
7/31/2020,401230753,2020,ATL,NYL,home,-5,-110,168.5,-110,84,78,-6,162,1022001016,41,43,1,1,1,1,1,1,0,84,78,-6,84,2,away,home,41,2
7/31/2020,401230754,2020,IND,DAL,away,2.5,-110,171.5,-110,73,76,3,149,1022001017,31,43,1,1,1,1,1,1,1,76,73,-3,74,12,away,away,43,-12
7/31/2020,401230754,2020,DAL,IND,home,-2.5,-110,171.5,-110,76,73,-3,149,1022001017,31,43,0,0,0,0,0,0,0,76,73,-3,74,12,away,home,31,12
7/31/2020,401230755,2020,LVA,PHO,away,-7,-110,176,-108,95,102,7,197,1022001018,50,41,0,0,0,0,0,0,0,102,95,-7,91,-9,home,away,41,9
7/31/2020,401230755,2020,PHO,LVA,home,7,-110,175.5,-110,102,95,-7,197,1022001018,50,41,1,1,1,1,1,1,1,102,95,-7,91,-9,home,home,50,-9
7/31/2022,401391826,2022,CHI,CON,away,4,-105,164,-115,95,92,-3,187,1022200177,44,45,1,1,1,1,1,1,1,92,95,3,89,1,away,away,45,-1
7/31/2022,401391826,2022,CON,CHI,home,-4,-115,164,-105,92,95,3,187,1022200177,44,45,0,0,0,0,0,0,0,92,95,3,89,1,away,home,44,1
7/31/2022,401391827,2022,PHO,NYL,away,-1.5,-110,166.5,-110,69,89,20,158,1022200178,35,27,0,0,0,0,0,0,0,89,69,-20,62,-8,home,away,27,8
7/31/2022,401391827,2022,NYL,PHO,home,1.5,-110,166.5,-110,89,69,-20,158,1022200178,35,27,1,1,1,1,1,1,1,89,69,-20,62,-8,home,home,35,-8
7/31/2022,401391828,2022,LVA,IND,away,-17.5,-110,173,-110,94,69,-25,163,1022200179,31,43,1,1,1,1,1,1,1,69,94,25,74,12,away,away,43,-12
7/31/2022,401391828,2022,IND,LVA,home,17.5,-110,173,-110,69,94,25,163,1022200179,31,43,0,0,0,0,0,0,0,69,94,25,74,12,away,home,31,12
7/31/2022,401391829,2022,SEA,WAS,away,3,-110,156,-110,75,78,3,153,1022200180,36,37,0,0,0,1,1,1,0,78,75,-3,73,1,away,away,37,-1
7/31/2022,401391829,2022,WAS,SEA,home,-3,-110,156,-110,78,75,-3,153,1022200180,36,37,1,1,1,0,0,0,1,78,75,-3,73,1,away,home,36,1
7/31/2022,401391830,2022,MIN,LAS,away,-3.5,-110,167.5,-110,84,77,-7,161,1022200181,43,52,1,1,1,1,1,1,1,77,84,7,95,9,away,away,52,-9
7/31/2022,401391830,2022,LAS,MIN,home,3.5,-110,167.5,-110,77,84,7,161,1022200181,43,52,0,0,0,0,0,0,0,77,84,7,95,9,away,home,43,9
7/4/2021,401320668,2021,ATL,LVA,away,15,-112,174,-110,95,118,23,213,1022100104,51,48,1,0,1,1,1,0,0,118,95,-23,99,-3,home,away,48,3
7/4/2021,401320668,2021,LVA,ATL,home,-15,-108,174,-110,118,95,-23,213,1022100104,51,48,0,1,0,0,0,1,1,118,95,-23,99,-3,home,home,51,-3
7/4/2021,401320669,2021,SEA,LAS,away,-11.5,-105,159.5,-110,84,74,-10,158,1022100105,30,39,0,1,1,1,1,1,1,74,84,10,69,9,away,away,39,-9
7/4/2021,401320669,2021,LAS,SEA,home,11.5,-115,159.5,-110,74,84,10,158,1022100105,30,39,1,0,0,0,0,0,0,74,84,10,69,9,away,home,30,9
7/4/2022,401391777,2022,PHO,LAS,away,-1,-109,167,-105,75,78,3,153,1022200128,42,40,1,0,1,0,0,0,0,78,75,-3,82,-2,home,away,40,2
7/4/2022,401391777,2022,LAS,PHO,home,1,-111,167,-115,78,75,-3,153,1022200128,42,40,0,1,0,1,1,1,1,78,75,-3,82,-2,home,home,42,-2
7/5/2018,401018884,2018,NYL,WAS,away,8.5,-110,160,-130,67,86,19,153,1021800104,42,41,0,0,0,0,1,1,0,86,67,-19,83,-1,home,away,41,1
7/5/2018,401018884,2018,WAS,NYL,home,-8.5,-110,160,110,86,67,-19,153,1021800104,42,41,1,1,1,1,0,0,1,86,67,-19,83,-1,home,home,42,-1
7/5/2018,401018886,2018,LAS,MIN,away,3.5,-110,153.5,-110,72,83,11,155,1021800106,38,35,0,0,0,0,0,0,0,83,72,-11,73,-3,home,away,35,3
7/5/2018,401018886,2018,MIN,LAS,home,-3.5,-110,153.5,-110,83,72,-11,155,1021800106,38,35,1,1,1,1,1,1,1,83,72,-11,73,-3,home,home,38,-3
7/5/2018,401018885,2018,IND,DAL,away,10,-110,167,-110,63,90,27,153,1021800105,44,32,0,0,0,0,0,0,0,90,63,-27,76,-12,home,away,32,12
7/5/2018,401018885,2018,DAL,IND,home,-10,-110,167,-110,90,63,-27,153,1021800105,44,32,1,1,1,1,1,1,1,90,63,-27,76,-12,home,home,44,-12
7/5/2018,401018888,2018,CON,PHO,away,6.5,-110,170,-110,77,84,7,161,1021800108,50,41,0,0,0,0,0,0,0,84,77,-7,91,-9,home,away,41,9
7/5/2018,401018888,2018,PHO,CON,home,-6.5,-110,170,-110,84,77,-7,161,1021800108,50,41,1,1,1,1,1,1,1,84,77,-7,91,-9,home,home,50,-9
7/5/2018,401018887,2018,CHI,LVA,away,4.5,-115,175.5,-110,80,84,4,164,1021800107,51,53,0,0,1,1,1,0,0,84,80,-4,104,2,away,away,53,-2
7/5/2018,401018887,2018,LVA,CHI,home,-4.5,-105,175.5,-110,84,80,-4,164,1021800107,51,53,1,1,0,0,0,1,1,84,80,-4,104,2,away,home,51,2
7/5/2019,401104988,2019,IND,DAL,away,4,-110,148.5,-110,76,56,-20,132,1021900076,30,37,0,1,1,1,1,1,1,56,76,20,67,7,away,away,37,-7
7/5/2019,401104988,2019,DAL,IND,home,-4,-110,148.5,-110,56,76,20,132,1021900076,30,37,1,0,0,0,0,0,0,56,76,20,67,7,away,home,30,7
7/5/2019,401104990,2019,ATL,SEA,away,9,-115,147.5,-110,77,66,-11,143,1021900078,24,32,0,1,1,1,1,1,1,66,77,11,56,8,away,away,32,-8
7/5/2019,401104990,2019,SEA,ATL,home,-9,-105,147.5,-110,66,77,11,143,1021900078,24,32,1,0,0,0,0,0,0,66,77,11,56,8,away,home,24,8
7/5/2019,401104989,2019,NYL,PHO,away,7,-110,160,-110,80,76,-4,156,1021900077,41,40,0,0,0,0,0,0,0,76,80,4,81,-1,home,away,40,1
7/5/2019,401104989,2019,PHO,NYL,home,-7,-110,160,-110,76,80,4,156,1021900077,41,40,1,1,1,1,1,1,1,76,80,4,81,-1,home,home,41,-1
7/5/2021,401320670,2021,DAL,NYL,away,-5.5,-110,166.5,-110,96,99,3,195,1022100106,51,47,1,0,0,0,0,1,0,99,96,-3,98,-4,home,away,47,4
7/5/2021,401320670,2021,NYL,DAL,home,5.5,-110,166.5,-110,99,96,-3,195,1022100106,51,47,0,1,1,1,1,0,1,99,96,-3,98,-4,home,home,51,-4
7/5/2022,401391778,2022,SEA,IND,away,-11,-110,159.5,-110,95,73,-22,168,1022200129,35,44,0,1,1,0,0,1,1,73,95,22,79,9,away,away,44,-9
7/5/2022,401391778,2022,IND,SEA,home,11,-110,159.5,-110,73,95,22,168,1022200129,35,44,1,0,0,1,1,0,0,73,95,22,79,9,away,home,35,9
7/5/2022,401391779,2022,CON,DAL,away,-5,-105,162.5,-110,71,82,11,153,1022200130,41,38,0,0,0,0,0,0,0,82,71,-11,79,-3,home,away,38,3
7/5/2022,401391779,2022,DAL,CON,home,5,-115,162.5,-110,82,71,-11,153,1022200130,41,38,1,1,1,1,1,1,1,82,71,-11,79,-3,home,home,41,-3
7/5/2023,401507227,2023,PHO,NYL,away,15,-115,167,-110,95,99,4,194,1022300098,53,46,0,0,0,0,0,0,0,99,95,-4,99,-7,home,away,46,7
7/5/2023,401507227,2023,NYL,PHO,home,-15,-110,167,-110,99,95,-4,194,1022300098,53,46,1,1,1,1,1,1,1,99,95,-4,99,-7,home,home,53,-7
7/5/2023,401507228,2023,IND,MIN,away,2,-110,165.5,-110,83,90,7,173,1022300099,47,42,1,0,0,0,0,0,0,90,83,-7,89,-5,home,away,42,5
7/5/2023,401507228,2023,MIN,IND,home,-2,-110,166,-110,90,83,-7,173,1022300099,47,42,0,1,1,1,1,1,1,90,83,-7,89,-5,home,home,47,-5
7/5/2023,401507229,2023,DAL,LVA,away,11.5,-105,173,106,82,89,7,171,1022300100,42,51,1,1,1,1,1,1,1,89,82,-7,93,9,away,away,51,-9
7/5/2023,401507229,2023,LVA,DAL,home,-11.5,-115,173,-126,89,82,-7,171,1022300100,42,51,0,0,0,0,0,0,0,89,82,-7,93,9,away,home,42,9
7/5/2023,401507230,2023,ATL,LAS,away,1.5,-110,168.5,-110,90,79,-11,169,1022300101,40,53,1,1,1,1,1,1,1,79,90,11,93,13,away,away,53,-13
7/5/2023,401507230,2023,LAS,ATL,home,-1.5,-110,168.5,-110,79,90,11,169,1022300101,40,53,0,0,0,0,0,0,0,79,90,11,93,13,away,home,40,13
7/6/2018,401018889,2018,SEA,ATL,away,-4.5,-110,161,-110,95,86,-9,181,1021800109,34,53,0,1,1,1,1,1,1,86,95,9,87,19,away,away,53,-19
7/6/2018,401018889,2018,ATL,SEA,home,4.5,-110,161,-110,86,95,9,181,1021800109,34,53,1,0,0,0,0,0,0,86,95,9,87,19,away,home,34,19
7/6/2019,401104992,2019,MIN,CON,away,8.5,-110,157,-110,74,71,-3,145,1021900080,43,44,1,1,1,0,0,0,0,71,74,3,87,1,away,away,44,-1
7/6/2019,401104992,2019,CON,MIN,home,-8.5,-110,157,-110,71,74,3,145,1021900080,43,44,0,0,0,1,1,1,1,71,74,3,87,1,away,home,43,1
7/6/2022,401391780,2022,CHI,MIN,away,-1.5,-110,167.5,-110,78,81,3,159,1022200131,42,39,0,0,0,0,0,0,0,81,78,-3,81,-3,home,away,39,3
7/6/2022,401391780,2022,MIN,CHI,home,1.5,-110,167.5,-110,81,78,-3,159,1022200131,42,39,1,1,1,1,1,1,1,81,78,-3,81,-3,home,home,42,-3
7/6/2022,401391781,2022,WAS,ATL,away,-5,-110,157,-110,85,66,-19,151,1022200132,36,41,0,1,0,0,0,0,1,66,85,19,77,5,away,away,41,-5
7/6/2022,401391781,2022,ATL,WAS,home,5,-110,157,-110,66,85,19,151,1022200132,36,41,1,0,1,1,1,1,0,66,85,19,77,5,away,home,36,5
7/6/2022,401391782,2022,NYL,LVA,away,11.5,-115,168.5,-110,116,107,-9,223,1022200133,63,55,1,1,1,1,1,0,0,107,116,9,118,-8,home,away,55,8
7/6/2022,401391782,2022,LVA,NYL,home,-11.5,-105,168.5,-110,107,116,9,223,1022200133,63,55,0,0,0,0,0,1,1,107,116,9,118,-8,home,home,63,-8
7/6/2023,401507231,2023,SEA,CON,away,10,-110,166,-110,73,93,20,166,1022300102,57,24,0,0,0,0,0,0,0,93,73,-20,81,-33,home,away,24,33
7/6/2023,401507231,2023,CON,SEA,home,-10,-110,166,-110,93,73,-20,166,1022300102,57,24,1,1,1,1,1,1,1,93,73,-20,81,-33,home,home,57,-33
7/7/2018,401018890,2018,WAS,LAS,away,6,-105,160,-110,83,74,-9,157,1021800110,35,30,1,1,1,1,0,0,0,74,83,9,65,-5,home,away,30,5
7/7/2018,401018890,2018,LAS,WAS,home,-6,-115,160,-110,74,83,9,157,1021800110,35,30,0,0,0,0,1,1,1,74,83,9,65,-5,home,home,35,-5
7/7/2018,401018891,2018,MIN,CHI,away,-8.5,-110,169,-110,63,77,14,140,1021800111,42,37,0,0,0,1,0,0,0,77,63,-14,79,-5,home,away,37,5
7/7/2018,401018891,2018,CHI,MIN,home,8.5,-110,169,-110,77,63,-14,140,1021800111,42,37,1,1,1,0,1,1,1,77,63,-14,79,-5,home,home,42,-5
7/7/2018,401018892,2018,CON,LVA,away,-4.5,-110,169,-110,90,94,4,184,1021800112,41,40,0,0,0,0,0,0,1,94,90,-4,81,-1,home,away,40,1
7/7/2018,401018892,2018,LVA,CON,home,4.5,-110,168,105,94,90,-4,184,1021800112,41,40,1,1,1,1,1,1,0,94,90,-4,81,-1,home,home,41,-1
7/7/2019,401104993,2019,LVA,NYL,away,-5.5,-110,164.5,-110,90,58,-32,148,1021900081,32,44,1,1,1,1,1,1,1,58,90,32,76,12,away,away,44,-12
7/7/2019,401104993,2019,NYL,LVA,home,5.5,-110,164.5,-110,58,90,32,148,1021900081,32,44,0,0,0,0,0,0,0,58,90,32,76,12,away,home,32,12
7/7/2019,401104994,2019,WAS,LAS,away,-5,-110,161,-110,81,98,17,179,1021900082,51,46,0,0,0,0,0,0,0,98,81,-17,97,-5,home,away,46,5
7/7/2019,401104994,2019,LAS,WAS,home,5,-110,161,-110,98,81,-17,179,1021900082,51,46,1,1,1,1,1,1,1,98,81,-17,97,-5,home,home,51,-5
7/7/2019,401104996,2019,ATL,PHO,away,7.5,-110,153.5,-110,63,65,2,128,1021900084,29,25,0,0,0,0,0,0,0,65,63,-2,54,-4,home,away,25,4
7/7/2019,401104996,2019,PHO,ATL,home,-7.5,-110,153.5,-110,65,63,-2,128,1021900084,29,25,1,1,1,1,1,1,1,65,63,-2,54,-4,home,home,29,-4
7/7/2019,401104995,2019,DAL,CHI,away,6.5,-110,154.5,-110,66,78,12,144,1021900083,41,35,0,0,0,0,0,0,0,78,66,-12,76,-6,home,away,35,6
7/7/2019,401104995,2019,CHI,DAL,home,-6.5,-110,154.5,-110,78,66,-12,144,1021900083,41,35,1,1,1,1,1,1,1,78,66,-12,76,-6,home,home,41,-6
7/7/2021,401320671,2021,DAL,MIN,away,4.5,-110,167.5,-115,79,85,6,164,1022100107,38,46,0,0,0,1,1,1,1,85,79,-6,84,8,away,away,46,-8
7/7/2021,401320671,2021,MIN,DAL,home,-4,-111,167.5,-105,85,79,-6,164,1022100107,38,46,1,1,1,0,0,0,0,85,79,-6,84,8,away,home,38,8
7/7/2021,401320673,2021,LAS,SEA,away,15.5,-110,158,-110,62,71,9,133,1022100109,38,29,0,0,0,0,0,0,0,71,62,-9,67,-9,home,away,29,9
7/7/2021,401320673,2021,SEA,LAS,home,-15.5,-110,158,-110,71,62,-9,133,1022100109,38,29,1,1,1,1,1,1,1,71,62,-9,67,-9,home,home,38,-9
7/7/2021,401320672,2021,PHO,LVA,away,10.5,-105,173,-110,99,90,-9,189,1022100108,43,50,1,0,0,1,1,1,1,90,99,9,93,7,away,away,50,-7
7/7/2021,401320672,2021,LVA,PHO,home,-10.5,-115,173,-110,90,99,9,189,1022100108,43,50,0,1,1,0,0,0,0,90,99,9,93,7,away,home,43,7
7/7/2022,401391783,2022,CHI,IND,away,-9,-110,168,-110,93,84,-9,177,1022200134,38,48,0,1,1,1,1,1,1,84,93,9,86,10,away,away,48,-10
7/7/2022,401391783,2022,IND,CHI,home,9,-110,168,-110,84,93,9,177,1022200134,38,48,1,0,0,0,0,0,0,84,93,9,86,10,away,home,38,10
7/7/2022,401391784,2022,NYL,PHO,away,4.5,-110,164.5,-120,81,84,3,165,1022200135,42,34,0,0,0,0,0,0,0,84,81,-3,76,-8,home,away,34,8
7/7/2022,401391784,2022,PHO,NYL,home,-4.5,-110,164.5,100,84,81,-3,165,1022200135,42,34,1,1,1,1,1,1,1,84,81,-3,76,-8,home,home,42,-8
7/7/2022,401391785,2022,SEA,LAS,away,-4.5,-110,161,-115,106,69,-37,175,1022200136,32,51,1,1,1,1,1,1,1,69,106,37,83,19,away,away,51,-19
7/7/2022,401391785,2022,LAS,SEA,home,4.5,-110,161,-105,69,106,37,175,1022200136,32,51,0,0,0,0,0,0,0,69,106,37,83,19,away,home,32,19
7/7/2023,401507232,2023,IND,WAS,away,-0.5,-120,155.5,-110,88,96,8,184,1022300103,55,40,0,0,0,0,0,0,0,96,88,-8,95,-15,home,away,40,15
7/7/2023,401507232,2023,WAS,IND,home,-0.5,100,155,-105,96,88,-8,184,1022300103,55,40,1,1,1,1,1,1,1,96,88,-8,95,-15,home,home,55,-15
7/7/2023,401507234,2023,LVA,DAL,away,-10,-105,177.5,-110,78,80,2,158,1022300105,39,40,0,0,0,1,0,1,1,80,78,-2,79,1,away,away,40,-1
7/7/2023,401507234,2023,DAL,LVA,home,10,-115,177.5,-110,80,78,-2,158,1022300105,39,40,1,1,1,0,1,0,0,80,78,-2,79,1,away,home,39,1
7/7/2023,401507233,2023,ATL,CHI,away,1,-108,168.5,-110,82,68,-14,150,1022300104,41,42,1,1,1,1,1,1,1,68,82,14,83,1,away,away,42,-1
7/7/2023,401507233,2023,CHI,ATL,home,-1,-110,168.5,-110,68,82,14,150,1022300104,41,42,0,0,0,0,0,0,0,68,82,14,83,1,away,home,41,1
7/7/2023,401507235,2023,PHO,MIN,away,5.5,-110,160.5,-110,64,75,11,139,1022300106,39,22,0,0,0,0,0,0,0,75,64,-11,61,-17,home,away,22,17
7/7/2023,401507235,2023,MIN,PHO,home,-5.5,-110,160.5,-110,75,64,-11,139,1022300106,39,22,1,1,1,1,1,1,1,75,64,-11,61,-17,home,home,39,-17
7/8/2018,401018893,2018,PHO,ATL,away,-4.5,-105,161,-130,70,76,6,146,1021800113,44,33,0,0,0,0,0,0,0,76,70,-6,77,-11,home,away,33,11
7/8/2018,401018893,2018,ATL,PHO,home,4.5,-115,161,110,76,70,-6,146,1021800113,44,33,1,1,1,1,1,1,1,76,70,-6,77,-11,home,home,44,-11
7/8/2018,401018894,2018,DAL,NYL,away,-3,-110,164.5,-124,97,87,-10,184,1021800114,37,47,1,1,1,1,1,1,1,87,97,10,84,10,away,away,47,-10
7/8/2018,401018894,2018,NYL,DAL,home,3.5,-125,164.5,104,87,97,10,184,1021800114,37,47,0,0,0,0,0,0,0,87,97,10,84,10,away,home,37,10
7/8/2018,401018895,2018,WAS,SEA,away,6,-110,171.5,-110,91,97,6,188,1021800115,44,46,0,0,1,0,1,1,1,97,91,-6,90,2,away,away,46,-2
7/8/2018,401018895,2018,SEA,WAS,home,-6,-110,171.5,-110,97,91,-6,188,1021800115,44,46,1,1,0,1,0,0,0,97,91,-6,90,2,away,home,44,2
7/8/2023,401507236,2023,SEA,NYL,away,15.5,-110,169.5,-110,76,80,4,156,1022300107,35,36,0,0,0,0,0,1,1,80,76,-4,71,1,away,away,36,-1
7/8/2023,401507236,2023,NYL,SEA,home,-15.5,-110,169.5,-110,80,76,-4,156,1022300107,35,36,1,1,1,1,1,0,0,80,76,-4,71,1,away,home,35,1
7/9/2019,401104997,2019,LAS,DAL,away,-5,-110,151,-110,62,74,12,136,1021900085,37,32,0,1,1,0,0,0,0,74,62,-12,69,-5,home,away,32,5
7/9/2019,401104997,2019,DAL,LAS,home,5,-110,151,-110,74,62,-12,136,1021900085,37,32,1,0,0,1,1,1,1,74,62,-12,69,-5,home,home,37,-5
7/9/2021,401320674,2021,ATL,CON,away,14,-110,159.5,-110,72,84,12,156,1022100110,43,39,0,0,0,0,0,1,0,84,72,-12,82,-4,home,away,39,4
7/9/2021,401320674,2021,CON,ATL,home,-14,-110,159.5,-110,84,72,-12,156,1022100110,43,39,1,1,1,1,1,0,1,84,72,-12,82,-4,home,home,43,-4
7/9/2021,401320675,2021,NYL,IND,away,-3.5,-110,164,-110,69,82,13,151,1022100111,44,40,1,1,1,1,1,0,0,82,69,-13,84,-4,home,away,40,4
7/9/2021,401320675,2021,IND,NYL,home,3.5,-110,164,-110,82,69,-13,151,1022100111,44,40,0,0,0,0,0,1,1,82,69,-13,84,-4,home,home,44,-4
7/9/2021,401320676,2021,SEA,PHO,away,-7,-120,164,-110,77,85,8,162,1022100112,39,34,1,1,1,1,0,0,0,85,77,-8,73,-5,home,away,34,5
7/9/2021,401320676,2021,PHO,SEA,home,7,100,164,-110,85,77,-8,162,1022100112,39,34,0,0,0,0,1,1,1,85,77,-8,73,-5,home,home,39,-5
7/9/2021,401320677,2021,MIN,LVA,away,4.5,-110,171.5,-110,77,67,-10,144,1022100113,37,49,1,1,1,1,1,1,1,67,77,10,86,12,away,away,49,-12
7/9/2021,401320677,2021,LVA,MIN,home,-4.5,-110,171.5,-110,67,77,10,144,1022100113,37,49,0,0,0,0,0,0,0,67,77,10,86,12,away,home,37,12
7/9/2023,401507237,2023,WAS,CON,away,4.5,-110,161.5,-110,84,92,8,176,1022300108,46,41,0,0,0,1,1,1,0,92,84,-8,87,-5,home,away,41,5
7/9/2023,401507237,2023,CON,WAS,home,-4.5,-110,161.5,-110,92,84,-8,176,1022300108,46,41,1,1,1,0,0,0,1,92,84,-8,87,-5,home,home,46,-5
7/9/2023,401507238,2023,DAL,IND,away,-3.5,-110,168.5,-110,77,76,-1,153,1022300109,38,38,0,1,1,1,1,1,1,76,77,1,76,0,tie,away,38,-0
7/9/2023,401507238,2023,IND,DAL,home,3.5,-110,168.5,-110,76,77,1,153,1022300109,38,38,1,0,0,0,0,0,0,76,77,1,76,0,tie,home,38,0
7/9/2023,401507239,2023,LAS,PHO,away,2,-110,159,-110,72,78,6,150,1022300110,42,36,1,0,0,0,0,1,0,78,72,-6,78,-6,home,away,36,6
7/9/2023,401507239,2023,PHO,LAS,home,-2,-110,159,-110,78,72,-6,150,1022300110,42,36,0,1,1,1,1,0,1,78,72,-6,78,-6,home,home,42,-6
7/9/2023,401507240,2023,LVA,MIN,away,-11.5,-113,171,-103,113,89,-24,202,1022300111,42,54,1,1,1,1,1,1,1,89,113,24,96,12,away,away,54,-12
7/9/2023,401507240,2023,MIN,LVA,home,11.5,-107,171,-117,89,113,24,202,1022300111,42,54,0,0,0,0,0,0,0,89,113,24,96,12,away,home,42,12
7/9/2023,401507241,2023,ATL,CHI,away,2,-104,166.5,-110,88,77,-11,165,1022300112,33,42,1,0,1,1,1,1,1,77,88,11,75,9,away,away,42,-9
7/9/2023,401507241,2023,CHI,ATL,home,-2,-116,166.5,-116,77,88,11,165,1022300112,33,42,0,1,0,0,0,0,0,77,88,11,75,9,away,home,33,9
8/1/2018,401018937,2018,NYL,CON,away,12,-110,166.5,-110,77,92,15,169,1021800157,48,39,0,0,0,0,0,0,0,92,77,-15,87,-9,home,away,39,9
8/1/2018,401018937,2018,CON,NYL,home,-12,-110,166.5,-110,92,77,-15,169,1021800157,48,39,1,1,1,1,1,1,1,92,77,-15,87,-9,home,home,48,-9
8/1/2018,401018938,2018,PHO,LVA,away,4,-110,173.5,-110,104,93,-11,197,1021800158,42,48,0,1,1,1,1,1,1,93,104,11,90,6,away,away,48,-6
8/1/2018,401018938,2018,LVA,PHO,home,-4,-110,173.5,-110,93,104,11,197,1021800158,42,48,1,0,0,0,0,0,0,93,104,11,90,6,away,home,42,6
8/1/2019,401105034,2019,PHO,CON,away,7,-105,154,-110,62,68,6,130,1021900122,32,36,1,0,1,1,1,1,0,68,62,-6,68,4,away,away,36,-4
8/1/2019,401105034,2019,CON,PHO,home,-7,-115,154,-110,68,62,-6,130,1021900122,32,36,0,1,0,0,0,0,1,68,62,-6,68,4,away,home,32,4
8/1/2019,401105035,2019,NYL,DAL,away,-1,-105,151,-110,64,87,23,151,1021900123,55,37,0,0,0,0,1,0,0,87,64,-23,92,-18,home,away,37,18
8/1/2019,401105035,2019,DAL,NYL,home,1,-115,151,-110,87,64,-23,151,1021900123,55,37,1,1,1,1,0,1,1,87,64,-23,92,-18,home,home,55,-18
8/1/2019,401105036,2019,LVA,LAS,away,1,-105,154.5,-115,68,76,8,144,1021900124,40,40,0,0,0,0,0,0,0,76,68,-8,80,0,tie,away,40,-0
8/1/2019,401105036,2019,LAS,LVA,home,-1.5,-110,154.5,-110,76,68,-8,144,1021900124,40,40,1,1,1,1,1,1,1,76,68,-8,80,0,tie,home,40,0
8/1/2020,401230756,2020,MIN,CON,away,4,-112,156,-110,78,69,-9,147,1022001019,42,35,0,0,1,0,0,0,0,69,78,9,77,-7,home,away,35,7
8/1/2020,401230756,2020,CON,MIN,home,-3.5,-115,156,-110,69,78,9,147,1022001019,42,35,1,1,0,1,1,1,1,69,78,9,77,-7,home,home,42,-7
8/1/2020,401230757,2020,WAS,CHI,away,-3.5,-115,178,-115,86,88,2,174,1022001020,35,37,1,1,0,0,0,0,1,88,86,-2,72,2,away,away,37,-2
8/1/2020,401230757,2020,CHI,WAS,home,3.5,-105,178,-110,88,86,-2,174,1022001020,35,37,0,0,1,1,1,1,0,88,86,-2,72,2,away,home,35,2
8/1/2020,401230758,2020,LAS,SEA,away,4.5,-115,162.5,-110,75,81,6,156,1022001021,45,29,0,0,0,0,0,0,0,81,75,-6,74,-16,home,away,29,16
8/1/2020,401230758,2020,SEA,LAS,home,-4.5,-105,162.5,-110,81,75,-6,156,1022001021,45,29,1,1,1,1,1,1,1,81,75,-6,74,-16,home,home,45,-16
8/1/2023,401507280,2023,MIN,CON,away,11.5,-110,164,-110,69,79,10,148,1022300151,37,30,0,1,0,0,0,0,0,79,69,-10,67,-7,home,away,30,7
8/1/2023,401507280,2023,CON,MIN,home,-11.5,-110,164,-110,79,69,-10,148,1022300151,37,30,1,0,1,1,1,1,1,79,69,-10,67,-7,home,home,37,-7
8/1/2023,401507281,2023,PHO,IND,away,6,-110,158,-115,71,72,1,143,1022300152,46,43,0,1,1,1,1,0,0,72,71,-1,89,-3,home,away,43,3
8/1/2023,401507281,2023,IND,PHO,home,-6,-110,158,-105,72,71,-1,143,1022300152,46,43,1,0,0,0,0,1,1,72,71,-1,89,-3,home,home,46,-3
8/1/2023,401507283,2023,NYL,LAS,away,-8.5,-115,166.5,-120,76,69,-7,145,1022300154,34,32,1,0,0,1,0,0,0,69,76,7,66,-2,home,away,32,2
8/1/2023,401507283,2023,LAS,NYL,home,8.5,-105,166.5,100,69,76,7,145,1022300154,34,32,0,1,1,0,1,1,1,69,76,7,66,-2,home,home,34,-2
8/1/2023,401507282,2023,ATL,LVA,away,13.5,-110,179.5,-110,72,93,21,165,1022300153,54,43,0,0,0,0,0,0,0,93,72,-21,97,-11,home,away,43,11
8/1/2023,401507282,2023,LVA,ATL,home,-13.5,-110,179.5,-110,93,72,-21,165,1022300153,54,43,1,1,1,1,1,1,1,93,72,-21,97,-11,home,home,54,-11
8/10/2018,401018959,2018,CON,CHI,away,-9.5,-110,178.5,-110,86,97,11,183,1021800179,54,38,0,0,0,0,0,0,0,97,86,-11,92,-16,home,away,38,16
8/10/2018,401018959,2018,CHI,CON,home,9.5,-110,178.5,-110,97,86,-11,183,1021800179,54,38,1,1,1,1,1,1,1,97,86,-11,92,-16,home,home,54,-16
8/10/2018,401018960,2018,IND,PHO,away,12.5,-115,168,-110,74,94,20,168,1021800180,43,29,0,0,0,0,0,0,0,94,74,-20,72,-14,home,away,29,14
8/10/2018,401018960,2018,PHO,IND,home,-12.5,-110,168,-110,94,74,-20,168,1021800180,43,29,1,1,1,1,1,1,1,94,74,-20,72,-14,home,home,43,-14
8/10/2019,401105051,2019,ATL,IND,away,5.5,-110,151,-110,82,87,5,169,1021900139,41,39,0,0,0,1,0,0,0,87,82,-5,80,-2,home,away,39,2
8/10/2019,401105051,2019,IND,ATL,home,-5.5,-110,151,-115,87,82,-5,169,1021900139,41,39,1,1,1,0,1,1,1,87,82,-5,80,-2,home,home,41,-2
8/10/2019,401105052,2019,DAL,PHO,away,9,-110,145.5,-110,80,77,-3,157,1021900140,46,40,1,0,1,0,0,0,0,77,80,3,86,-6,home,away,40,6
8/10/2019,401105052,2019,PHO,DAL,home,-9,-110,145.5,-115,77,80,3,157,1021900140,46,40,0,1,0,1,1,1,1,77,80,3,86,-6,home,home,46,-6
8/10/2020,401230780,2020,CON,ATL,away,-5,-110,166,-110,93,82,-11,175,1022001043,46,56,0,0,1,0,1,1,1,82,93,11,102,10,away,away,56,-10
8/10/2020,401230780,2020,ATL,CON,home,5,-115,166,-110,82,93,11,175,1022001043,46,56,1,1,0,1,0,0,0,82,93,11,102,10,away,home,46,10
8/10/2020,401230781,2020,PHO,DAL,away,-3.5,-110,165.5,-110,91,79,-12,170,1022001044,38,44,0,0,0,1,1,1,1,79,91,12,82,6,away,away,44,-6
8/10/2020,401230781,2020,DAL,PHO,home,3.5,-110,165,-110,79,91,12,170,1022001044,38,44,1,1,1,0,0,0,0,79,91,12,82,6,away,home,38,6
8/10/2020,401230782,2020,CHI,SEA,away,4.5,-110,170,-110,71,89,18,160,1022001045,46,28,0,0,0,0,0,0,0,89,71,-18,74,-18,home,away,28,18
8/10/2020,401230782,2020,SEA,CHI,home,-4.5,-110,170,-110,89,71,-18,160,1022001045,46,28,1,1,1,1,1,1,1,89,71,-18,74,-18,home,home,46,-18
8/10/2022,401391852,2022,NYL,DAL,away,2.5,-110,163,-110,91,73,-18,164,1022200203,39,38,0,0,0,0,0,0,1,73,91,18,77,-1,home,away,38,1
8/10/2022,401391852,2022,DAL,NYL,home,-2.5,-110,163,-110,73,91,18,164,1022200203,39,38,1,1,1,1,1,1,0,73,91,18,77,-1,home,home,39,-1
8/10/2022,401391853,2022,MIN,PHO,away,-6.5,-110,161,-110,86,77,-9,163,1022200204,40,42,0,1,1,0,0,0,0,77,86,9,82,2,away,away,42,-2
8/10/2022,401391853,2022,PHO,MIN,home,6.5,-110,161,-110,77,86,9,163,1022200204,40,42,1,0,0,1,1,1,1,77,86,9,82,2,away,home,40,2
8/10/2023,401507300,2023,MIN,IND,away,-2.5,-110,163.5,-115,73,91,18,164,1022300171,45,35,1,0,1,0,0,0,0,91,73,-18,80,-10,home,away,35,10
8/10/2023,401507300,2023,IND,MIN,home,2.5,-110,163.5,-105,91,73,-18,164,1022300171,45,35,0,1,0,1,1,1,1,91,73,-18,80,-10,home,home,45,-10
8/10/2023,401507302,2023,ATL,SEA,away,-5.5,-105,163,-110,67,68,1,135,1022300173,27,34,1,1,1,1,1,1,1,68,67,-1,61,7,away,away,34,-7
8/10/2023,401507302,2023,SEA,ATL,home,5.5,-115,163,-110,68,67,-1,135,1022300173,27,34,0,0,0,0,0,0,0,68,67,-1,61,7,away,home,27,7
8/10/2023,401507301,2023,CON,PHO,away,-7,-110,159.5,-110,84,90,6,174,1022300172,52,48,0,0,0,0,0,0,0,90,84,-6,100,-4,home,away,48,4
8/10/2023,401507301,2023,PHO,CON,home,7,-110,159.5,-110,90,84,-6,174,1022300172,52,48,1,1,1,1,1,1,1,90,84,-6,100,-4,home,home,52,-4
8/11/2018,401018961,2018,DAL,ATL,away,6.5,-110,166,-110,82,92,10,174,1021800181,49,39,0,0,0,0,0,0,0,92,82,-10,88,-10,home,away,39,10
8/11/2018,401018961,2018,ATL,DAL,home,-6.5,-110,166,-110,92,82,-10,174,1021800181,49,39,1,1,1,1,1,1,1,92,82,-10,88,-10,home,home,49,-10
8/11/2018,401018962,2018,IND,LVA,away,10.5,-110,166,-110,74,92,18,166,1021800182,51,40,0,0,0,0,0,0,0,92,74,-18,91,-11,home,away,40,11
8/11/2018,401018962,2018,LVA,IND,home,-10.5,-110,166,-110,92,74,-18,166,1021800182,51,40,1,1,1,1,1,1,1,92,74,-18,91,-11,home,home,51,-11
8/11/2019,401105054,2019,MIN,WAS,away,8,-115,160,-110,78,101,23,179,1021900142,51,41,0,0,0,0,0,0,0,101,78,-23,92,-10,home,away,41,10
8/11/2019,401105054,2019,WAS,MIN,home,-8,-105,160,-110,101,78,-23,179,1021900142,51,41,1,1,1,1,1,1,1,101,78,-23,92,-10,home,home,51,-10
8/11/2019,401105053,2019,SEA,NYL,away,-4,-110,154.5,-110,84,69,-15,153,1021900141,45,43,0,0,1,1,1,1,1,69,84,15,88,-2,home,away,43,2
8/11/2019,401105053,2019,NYL,SEA,home,4,-110,154.5,-110,69,84,15,153,1021900141,45,43,1,1,0,0,0,0,0,69,84,15,88,-2,home,home,45,-2
8/11/2019,401105055,2019,CHI,LAS,away,7,-110,162.5,-110,81,84,3,165,1021900143,39,44,1,1,1,1,1,1,1,84,81,-3,83,5,away,away,44,-5
8/11/2019,401105055,2019,LAS,CHI,home,-7,-110,162,-115,84,81,-3,165,1021900143,39,44,0,0,0,0,0,0,0,84,81,-3,83,5,away,home,39,5
8/11/2019,401105056,2019,CON,LVA,away,2.5,-105,159.5,-110,81,89,8,170,1021900144,42,42,0,0,1,1,1,1,1,89,81,-8,84,0,tie,away,42,-0
8/11/2019,401105056,2019,LVA,CON,home,-2.5,-115,159.5,-110,89,81,-8,170,1021900144,42,42,1,1,0,0,0,0,0,89,81,-8,84,0,tie,home,42,0
8/11/2020,401230783,2020,WAS,MIN,away,-1.5,-110,160.5,-110,48,68,20,116,1022001046,48,27,0,0,0,0,0,0,0,68,48,-20,75,-21,home,away,27,21
8/11/2020,401230783,2020,MIN,WAS,home,1.5,-110,160.5,-110,68,48,-20,116,1022001046,48,27,1,1,1,1,1,1,1,68,48,-20,75,-21,home,home,48,-21
8/11/2020,401230784,2020,LVA,IND,away,-6.5,-110,167.5,-110,98,79,-19,177,1022001047,59,60,0,1,1,1,1,1,1,79,98,19,119,1,away,away,60,-1
8/11/2020,401230784,2020,IND,LVA,home,6.5,-110,167.5,-110,79,98,19,177,1022001047,59,60,1,0,0,0,0,0,0,79,98,19,119,1,away,home,59,1
8/11/2020,401230785,2020,NYL,LAS,away,13,-110,160.5,-110,78,93,15,171,1022001048,51,34,0,0,0,0,0,0,0,93,78,-15,85,-17,home,away,34,17
8/11/2020,401230785,2020,LAS,NYL,home,-13,-110,160.5,-110,93,78,-15,171,1022001048,51,34,1,1,1,1,1,1,1,93,78,-15,85,-17,home,home,51,-17
8/11/2022,401391854,2022,CHI,LVA,away,1.5,-110,175.5,-110,78,89,11,167,1022200205,47,33,0,0,0,0,0,0,0,89,78,-11,80,-14,home,away,33,14
8/11/2022,401391854,2022,LVA,CHI,home,-1.5,-110,175.5,-110,89,78,-11,167,1022200205,47,33,1,1,1,1,1,1,1,89,78,-11,80,-14,home,home,47,-14
8/11/2022,401391855,2022,CON,LAS,away,-11,-110,162,-110,93,69,-24,162,1022200206,43,54,1,1,1,1,1,1,1,69,93,24,97,11,away,away,54,-11
8/11/2022,401391855,2022,LAS,CON,home,11,-110,162,-110,69,93,24,162,1022200206,43,54,0,0,0,0,0,0,0,69,93,24,97,11,away,home,43,11
8/11/2023,401507303,2023,CHI,NYL,away,12,-115,169.5,-110,73,89,16,162,1022300174,48,40,0,0,0,0,0,0,0,89,73,-16,88,-8,home,away,40,8
8/11/2023,401507303,2023,NYL,CHI,home,-12,-105,169.5,-110,89,73,-16,162,1022300174,48,40,1,1,1,1,1,1,1,89,73,-16,88,-8,home,home,48,-8
8/11/2023,401507304,2023,WAS,LVA,away,17.5,-110,169.5,-110,89,113,24,202,1022300175,57,48,0,0,0,0,0,0,0,113,89,-24,105,-9,home,away,48,9
8/11/2023,401507304,2023,LVA,WAS,home,-17.5,-110,169.5,-110,113,89,-24,202,1022300175,57,48,1,1,1,1,1,1,1,113,89,-24,105,-9,home,home,57,-9
8/12/2018,401018963,2018,ATL,NYL,away,-5.5,-115,159.5,-110,86,77,-9,163,1021800183,48,37,0,1,0,0,0,0,0,77,86,9,85,-11,home,away,37,11
8/12/2018,401018963,2018,NYL,ATL,home,5.5,-105,159.5,-110,77,86,9,163,1021800183,48,37,1,0,1,1,1,1,1,77,86,9,85,-11,home,home,48,-11
8/12/2018,401018965,2018,DAL,WAS,away,10.5,-110,174,-110,80,93,13,173,1021800185,51,37,0,0,0,0,0,0,0,93,80,-13,88,-14,home,away,37,14
8/12/2018,401018965,2018,WAS,DAL,home,-10.5,-110,174,-110,93,80,-13,173,1021800185,51,37,1,1,1,1,1,1,1,93,80,-13,88,-14,home,home,51,-14
8/12/2018,401018964,2018,CHI,CON,away,12,-110,178.5,-110,75,82,7,157,1021800184,35,38,1,0,0,0,0,1,1,82,75,-7,73,3,away,away,38,-3
8/12/2018,401018964,2018,CON,CHI,home,-12,-110,178.5,-110,82,75,-7,157,1021800184,35,38,0,1,1,1,1,0,0,82,75,-7,73,3,away,home,35,3
8/12/2018,401018967,2018,SEA,MIN,away,-3,-110,163.5,-110,81,72,-9,153,1021800187,30,35,1,1,1,1,1,1,1,72,81,9,65,5,away,away,35,-5
8/12/2018,401018967,2018,MIN,SEA,home,3,-110,163.5,-110,72,81,9,153,1021800187,30,35,0,0,0,0,0,0,0,72,81,9,65,5,away,home,30,5
8/12/2018,401018966,2018,LAS,PHO,away,-3,-110,162,-110,78,86,8,164,1021800186,41,34,1,1,1,1,1,0,0,86,78,-8,75,-7,home,away,34,7
8/12/2018,401018966,2018,PHO,LAS,home,3,-110,162,-110,86,78,-8,164,1021800186,41,34,0,0,0,0,0,1,1,86,78,-8,75,-7,home,home,41,-7
8/12/2020,401230786,2020,DAL,CON,away,4.5,-105,161.5,-110,66,70,4,136,1022001049,25,34,1,1,1,1,1,1,1,70,66,-4,59,9,away,away,34,-9
8/12/2020,401230786,2020,CON,DAL,home,-4.5,-115,161.5,-110,70,66,-4,136,1022001049,25,34,0,0,0,0,0,0,0,70,66,-4,59,9,away,home,25,9
8/12/2020,401230787,2020,PHO,CHI,away,5.5,-115,175.5,-115,71,89,18,160,1022001050,42,36,1,0,0,0,0,0,0,89,71,-18,78,-6,home,away,36,6
8/12/2020,401230787,2020,CHI,PHO,home,-5.5,-110,175,103,89,71,-18,160,1022001050,42,36,0,1,1,1,1,1,1,89,71,-18,78,-6,home,home,42,-6
8/12/2020,401230788,2020,ATL,SEA,away,13.5,-110,159,-110,63,100,37,163,1022001051,47,28,0,0,0,0,0,0,0,100,63,-37,75,-19,home,away,28,19
8/12/2020,401230788,2020,SEA,ATL,home,-14,-110,159,-110,100,63,-37,163,1022001051,47,28,1,1,1,1,1,1,1,100,63,-37,75,-19,home,home,47,-19
8/12/2022,401391856,2022,WAS,IND,away,-13.5,-110,159,-110,82,70,-12,152,1022200207,30,39,1,1,1,1,1,1,1,70,82,12,69,9,away,away,39,-9
8/12/2022,401391856,2022,IND,WAS,home,13.5,-110,159,-110,70,82,12,152,1022200207,30,39,0,0,0,0,0,0,0,70,82,12,69,9,away,home,30,9
8/12/2022,401391857,2022,NYL,ATL,away,-1.5,-110,159.5,-110,80,70,-10,150,1022200208,42,53,1,1,1,1,1,1,1,70,80,10,95,11,away,away,53,-11
8/12/2022,401391857,2022,ATL,NYL,home,1.5,-110,159.5,-110,70,80,10,150,1022200208,42,53,0,0,0,0,0,0,0,70,80,10,95,11,away,home,42,11
8/12/2022,401391858,2022,SEA,MIN,away,-0.5,-110,163.5,-110,96,69,-27,165,1022200209,28,45,1,1,1,1,1,1,1,69,96,27,73,17,away,away,45,-17
8/12/2022,401391858,2022,MIN,SEA,home,-0.5,-110,163.5,-110,69,96,27,165,1022200209,28,45,0,0,0,0,0,0,0,69,96,27,73,17,away,home,28,17
8/12/2022,401391859,2022,DAL,PHO,away,-1.5,-110,159.5,-110,74,86,12,160,1022200210,39,43,1,1,1,1,1,1,1,86,74,-12,82,4,away,away,43,-4
8/12/2022,401391859,2022,PHO,DAL,home,1.5,-110,159.5,-110,86,74,-12,160,1022200210,39,43,0,0,0,0,0,0,0,86,74,-12,82,4,away,home,39,4
8/12/2023,401507305,2023,ATL,LAS,away,-0.5,-105,164,-110,74,85,11,159,1022300176,38,45,1,1,1,1,1,1,1,85,74,-11,83,7,away,away,45,-7
8/12/2023,401507305,2023,LAS,ATL,home,-0.5,-115,164,-110,85,74,-11,159,1022300176,38,45,0,0,0,0,0,0,0,85,74,-11,83,7,away,home,38,7
8/12/2023,401507306,2023,CON,DAL,away,3,-105,168.5,-110,81,91,10,172,1022300177,52,43,1,0,0,0,0,0,0,91,81,-10,95,-9,home,away,43,9
8/12/2023,401507306,2023,DAL,CON,home,-3,-115,168.5,-110,91,81,-10,172,1022300177,52,43,0,1,1,1,1,1,1,91,81,-10,95,-9,home,home,52,-9
8/13/2019,401105057,2019,MIN,NYL,away,-6,-105,156.5,-110,89,73,-16,162,1021900145,40,42,0,1,1,1,1,1,1,73,89,16,82,2,away,away,42,-2
8/13/2019,401105057,2019,NYL,MIN,home,6,-115,156.5,-110,73,89,16,162,1021900145,40,42,1,0,0,0,0,0,0,73,89,16,82,2,away,home,40,2
8/13/2019,401105058,2019,ATL,LVA,away,13,-110,152.5,-110,90,94,4,184,1021900146,43,49,0,0,0,0,1,1,1,94,90,-4,92,6,away,away,49,-6
8/13/2019,401105058,2019,LVA,ATL,home,-13,-110,152.5,-110,94,90,-4,184,1021900146,43,49,1,1,1,1,0,0,0,94,90,-4,92,6,away,home,43,6
8/13/2020,401230789,2020,IND,NYL,away,-7,-105,163.5,-110,86,79,-7,165,1022001052,40,51,0,1,1,1,1,1,1,79,86,7,91,11,away,away,51,-11
8/13/2020,401230789,2020,NYL,IND,home,7,-115,163.5,-110,79,86,7,165,1022001052,40,51,1,0,0,0,0,0,0,79,86,7,91,11,away,home,40,11
8/13/2020,401230790,2020,LAS,WAS,away,-7.5,-115,162,-110,81,64,-17,145,1022001053,34,47,1,1,1,1,1,1,1,64,81,17,81,13,away,away,47,-13
8/13/2020,401230790,2020,WAS,LAS,home,7.5,-105,162,-110,64,81,17,145,1022001053,34,47,0,0,0,0,0,0,0,64,81,17,81,13,away,home,34,13
8/13/2020,401230791,2020,MIN,LVA,away,3.5,-110,158.5,-115,77,87,10,164,1022001054,53,37,1,1,1,0,0,0,0,87,77,-10,90,-16,home,away,37,16
8/13/2020,401230791,2020,LVA,MIN,home,-3.5,-110,158.5,-105,87,77,-10,164,1022001054,53,37,0,0,0,1,1,1,1,87,77,-10,90,-16,home,home,53,-16
8/13/2023,401507309,2023,NYL,IND,away,-10.5,-110,165.5,-115,100,89,-11,189,1022300180,51,58,1,1,0,0,0,0,0,89,100,11,109,7,away,away,58,-7
8/13/2023,401507309,2023,IND,NYL,home,10.5,-110,165.5,-105,89,100,11,189,1022300180,51,58,0,0,1,1,1,1,1,89,100,11,109,7,away,home,51,7
8/13/2023,401507307,2023,CHI,WAS,away,2.5,-110,162,-125,76,83,7,159,1022300178,40,39,0,0,0,0,0,0,0,83,76,-7,79,-1,home,away,39,1
8/13/2023,401507307,2023,WAS,CHI,home,-2.5,-110,162,105,83,76,-7,159,1022300178,40,39,1,1,1,1,1,1,1,83,76,-7,79,-1,home,home,40,-1
8/13/2023,401507308,2023,PHO,SEA,away,2.5,-105,160.5,-112,71,81,10,152,1022300179,51,35,1,1,0,0,0,0,0,81,71,-10,86,-16,home,away,35,16
8/13/2023,401507308,2023,SEA,PHO,home,-2.5,-115,160.5,-108,81,71,-10,152,1022300179,51,35,0,0,1,1,1,1,1,81,71,-10,86,-16,home,home,51,-16
8/13/2023,401507310,2023,ATL,LVA,away,17,-110,176,-110,65,86,21,151,1022300181,36,30,1,1,0,0,0,0,0,86,65,-21,66,-6,home,away,30,6
8/13/2023,401507310,2023,LVA,ATL,home,-17,-110,176,-110,86,65,-21,151,1022300181,36,30,0,0,1,1,1,1,1,86,65,-21,66,-6,home,home,36,-6
8/14/2018,401018968,2018,DAL,CON,away,7,-110,178,-110,76,96,20,172,1021800188,50,38,1,0,0,0,0,0,0,96,76,-20,88,-12,home,away,38,12
8/14/2018,401018968,2018,CON,DAL,home,-7,-110,178,-110,96,76,-20,172,1021800188,50,38,0,1,1,1,1,1,1,96,76,-20,88,-12,home,home,50,-12
8/14/2018,401018969,2018,CHI,MIN,away,9.5,-115,164,-110,91,88,-3,179,1021800189,44,39,1,0,1,0,0,0,0,88,91,3,83,-5,home,away,39,5
8/14/2018,401018969,2018,MIN,CHI,home,-9.5,-105,164,-110,88,91,3,179,1021800189,44,39,0,1,0,1,1,1,1,88,91,3,83,-5,home,home,44,-5
8/14/2018,401018970,2018,NYL,LAS,away,13.5,-110,154,-110,66,74,8,140,1021800190,38,44,0,1,0,1,1,1,1,74,66,-8,82,6,away,away,44,-6
8/14/2018,401018970,2018,LAS,NYL,home,-13.5,-110,154,-110,74,66,-8,140,1021800190,38,44,1,0,1,0,0,0,0,74,66,-8,82,6,away,home,38,6
8/14/2019,401105060,2019,LAS,DAL,away,-7,-110,147.5,-110,78,84,6,162,1021900148,39,42,0,0,0,0,0,1,1,84,78,-6,81,3,away,away,42,-3
8/14/2019,401105060,2019,DAL,LAS,home,7,-115,147.5,-110,84,78,-6,162,1021900148,39,42,1,1,1,1,1,0,0,84,78,-6,81,3,away,home,39,3
8/14/2019,401105059,2019,SEA,WAS,away,9,-110,161.5,-110,59,88,29,147,1021900147,38,35,0,1,1,1,1,1,0,88,59,-29,73,-3,home,away,35,3
8/14/2019,401105059,2019,WAS,SEA,home,-9,-110,161.5,-110,88,59,-29,147,1021900147,38,35,1,0,0,0,0,0,1,88,59,-29,73,-3,home,home,38,-3
8/14/2019,401105061,2019,CON,PHO,away,-7,-115,154.5,-110,78,71,-7,149,1021900149,34,49,1,1,1,1,1,1,1,71,78,7,83,15,away,away,49,-15
8/14/2019,401105061,2019,PHO,CON,home,7,-105,154.5,-110,71,78,7,149,1021900149,34,49,0,0,0,0,0,0,0,71,78,7,83,15,away,home,34,15
8/14/2020,401230792,2020,CON,CHI,away,6,-118,168,-115,77,74,-3,151,1022001055,28,37,0,0,0,1,1,1,1,74,77,3,65,9,away,away,37,-9
8/14/2020,401230792,2020,CHI,CON,home,-6,-105,168,-110,74,77,3,151,1022001055,28,37,1,1,1,0,0,0,0,74,77,3,65,9,away,home,28,9
8/14/2020,401230793,2020,SEA,DAL,away,-13.5,-110,157,-110,83,65,-18,148,1022001056,31,44,1,1,1,1,1,1,1,65,83,18,75,13,away,away,44,-13
8/14/2020,401230793,2020,DAL,SEA,home,13.5,-110,157,-110,65,83,18,148,1022001056,31,44,0,0,0,0,0,0,0,65,83,18,75,13,away,home,31,13
8/14/2020,401230794,2020,ATL,PHO,away,9,-110,166.5,-108,80,96,16,176,1022001057,44,34,0,0,0,0,0,0,0,96,80,-16,78,-10,home,away,34,10
8/14/2020,401230794,2020,PHO,ATL,home,-9,-110,166.5,-112,96,80,-16,176,1022001057,44,34,1,1,1,1,1,1,1,96,80,-16,78,-10,home,home,44,-10
8/14/2022,401391860,2022,MIN,CON,away,6,-115,164.5,-110,83,90,7,173,1022200211,45,34,0,0,0,0,0,0,0,90,83,-7,79,-11,home,away,34,11
8/14/2022,401391860,2022,CON,MIN,home,-6,-105,164.5,-110,90,83,-7,173,1022200211,45,34,1,1,1,1,1,1,1,90,83,-7,79,-11,home,home,45,-11
8/14/2022,401391861,2022,ATL,NYL,away,4.5,-107,160.5,-110,83,87,4,170,1022200212,52,49,1,0,0,0,0,0,0,87,83,-4,101,-3,home,away,49,3
8/14/2022,401391861,2022,NYL,ATL,home,-4.5,-113,160.5,-110,87,83,-4,170,1022200212,52,49,0,1,1,1,1,1,1,87,83,-4,101,-3,home,home,52,-3
8/14/2022,401391862,2022,IND,WAS,away,11.5,-110,158,-110,83,95,12,178,1022200213,57,40,1,1,0,0,0,0,0,95,83,-12,97,-17,home,away,40,17
8/14/2022,401391862,2022,WAS,IND,home,-11.5,-110,158,-110,95,83,-12,178,1022200213,57,40,0,0,1,1,1,1,1,95,83,-12,97,-17,home,home,57,-17
8/14/2022,401391863,2022,CHI,PHO,away,-7.5,-110,165.5,-110,82,67,-15,149,1022200214,25,39,1,1,1,1,1,1,1,67,82,15,64,14,away,away,39,-14
8/14/2022,401391863,2022,PHO,CHI,home,7.5,-110,165.5,-110,67,82,15,149,1022200214,25,39,0,0,0,0,0,0,0,67,82,15,64,14,away,home,25,14
8/14/2022,401391864,2022,SEA,LVA,away,6.5,-110,168,-110,100,109,9,209,1022200215,50,51,0,0,0,0,1,1,1,109,100,-9,101,1,away,away,51,-1
8/14/2022,401391864,2022,LVA,SEA,home,-6.5,-110,168,-110,109,100,-9,209,1022200215,50,51,1,1,1,1,0,0,0,109,100,-9,101,1,away,home,50,1
8/14/2022,401391865,2022,DAL,LAS,away,-6,-110,164,-110,116,88,-28,204,1022200216,29,66,0,0,1,1,1,1,1,88,116,28,95,37,away,away,66,-37
8/14/2022,401391865,2022,LAS,DAL,home,6,-110,164,-110,88,116,28,204,1022200216,29,66,1,1,0,0,0,0,0,88,116,28,95,37,away,home,29,37
8/15/2018,401018971,2018,WAS,IND,away,-11,-110,165.5,-110,76,62,-14,138,1021800191,41,48,1,1,1,1,1,1,1,62,76,14,89,7,away,away,48,-7
8/15/2018,401018971,2018,IND,WAS,home,11,-110,165.5,-110,62,76,14,138,1021800191,41,48,0,0,0,0,0,0,0,62,76,14,89,7,away,home,41,7
8/15/2018,401018972,2018,NYL,LVA,away,13.5,-105,168.5,-110,72,85,13,157,1021800192,46,33,0,0,0,0,0,0,0,85,72,-13,79,-13,home,away,33,13
8/15/2018,401018972,2018,LVA,NYL,home,-13,-110,168.5,-110,85,72,-13,157,1021800192,46,33,1,1,1,1,1,1,1,85,72,-13,79,-13,home,home,46,-13
8/15/2020,401230795,2020,LAS,IND,away,-8,-110,167,-110,90,76,-14,166,1022001058,32,52,1,1,1,1,1,1,1,76,90,14,84,20,away,away,52,-20
8/15/2020,401230795,2020,IND,LAS,home,8,-110,167,-110,76,90,14,166,1022001058,32,52,0,0,0,0,0,0,0,76,90,14,84,20,away,home,32,20
8/15/2020,401230796,2020,NYL,MIN,away,7.5,-112,154.5,-110,64,94,30,158,1022001059,42,33,1,1,0,0,0,0,0,94,64,-30,75,-9,home,away,33,9
8/15/2020,401230796,2020,MIN,NYL,home,-7.5,-108,154.5,-110,94,64,-30,158,1022001059,42,33,0,0,1,1,1,1,1,94,64,-30,75,-9,home,home,42,-9
8/15/2020,401230797,2020,WAS,LVA,away,9,-108,162,-110,73,88,15,161,1022001060,43,31,1,0,0,0,0,0,0,88,73,-15,74,-12,home,away,31,12
8/15/2020,401230797,2020,LVA,WAS,home,-9.5,-110,162,-110,88,73,-15,161,1022001060,43,31,0,1,1,1,1,1,1,88,73,-15,74,-12,home,home,43,-12
8/15/2021,401320684,2021,SEA,CHI,away,6.5,-110,160,-110,85,87,2,172,1022100120,35,32,1,1,1,1,0,0,0,87,85,-2,67,-3,home,away,32,3
8/15/2021,401320684,2021,CHI,SEA,home,-6.5,-110,160,-110,87,85,-2,172,1022100120,35,32,0,0,0,0,1,1,1,87,85,-2,67,-3,home,home,35,-3
8/15/2021,401320685,2021,CON,DAL,away,-4.5,-110,156.5,-110,80,59,-21,139,1022100121,27,47,1,1,1,1,1,1,1,59,80,21,74,20,away,away,47,-20
8/15/2021,401320685,2021,DAL,CON,home,4.5,-110,156.5,-110,59,80,21,139,1022100121,27,47,0,0,0,0,0,0,0,59,80,21,74,20,away,home,27,20
8/15/2021,401320686,2021,WAS,LVA,away,11,-110,173,-118,83,84,1,167,1022100122,35,50,1,1,1,1,1,1,1,84,83,-1,85,15,away,away,50,-15
8/15/2021,401320686,2021,LVA,WAS,home,-11,-110,173,-102,84,83,-1,167,1022100122,35,50,0,0,0,0,0,0,0,84,83,-1,85,15,away,home,35,15
8/15/2021,401320687,2021,ATL,PHO,away,6,-105,164,-115,81,92,11,173,1022100123,40,35,0,0,0,0,0,0,0,92,81,-11,75,-5,home,away,35,5
8/15/2021,401320687,2021,PHO,ATL,home,-6,-115,164,-105,92,81,-11,173,1022100123,40,35,1,1,1,1,1,1,1,92,81,-11,75,-5,home,home,40,-5
8/15/2021,401320688,2021,NYL,MIN,away,6.5,-110,162.5,-110,78,88,10,166,1022100124,45,41,0,0,0,0,0,0,0,88,78,-10,86,-4,home,away,41,4
8/15/2021,401320688,2021,MIN,NYL,home,-6.5,-110,162.5,-110,88,78,-10,166,1022100124,45,41,1,1,1,1,1,1,1,88,78,-10,86,-4,home,home,45,-4
8/15/2021,401320689,2021,IND,LAS,away,4.5,-107,155,-110,70,75,5,145,1022100125,49,46,0,0,0,0,0,0,0,75,70,-5,95,-3,home,away,46,3
8/15/2021,401320689,2021,LAS,IND,home,-4.5,-113,155,-110,75,70,-5,145,1022100125,49,46,1,1,1,1,1,1,1,75,70,-5,95,-3,home,home,49,-3
8/16/2019,401105062,2019,SEA,CON,away,6.5,-115,150.5,-113,78,79,1,157,1021900150,34,46,0,0,0,1,1,1,1,79,78,-1,80,12,away,away,46,-12
8/16/2019,401105062,2019,CON,SEA,home,-6.5,-105,150.5,-107,79,78,-1,157,1021900150,34,46,1,1,1,0,0,0,0,79,78,-1,80,12,away,home,34,12
8/16/2019,401105064,2019,NYL,DAL,away,4,-110,151.5,-110,77,83,6,160,1021900152,42,36,1,1,0,0,0,0,0,83,77,-6,78,-6,home,away,36,6
8/16/2019,401105064,2019,DAL,NYL,home,-4,-110,151.5,-110,83,77,-6,160,1021900152,42,36,0,0,1,1,1,1,1,83,77,-6,78,-6,home,home,42,-6
8/16/2019,401105063,2019,LAS,CHI,away,-1.5,-110,165.5,-110,81,91,10,172,1021900151,45,37,0,0,0,0,0,0,0,91,81,-10,82,-8,home,away,37,8
8/16/2019,401105063,2019,CHI,LAS,home,1.5,-110,165.5,-110,91,81,-10,172,1021900151,45,37,1,1,1,1,1,1,1,91,81,-10,82,-8,home,home,45,-8
8/16/2019,401105065,2019,WAS,MIN,away,-6,-110,162.5,-110,86,79,-7,165,1021900153,41,39,1,1,0,0,0,0,0,79,86,7,80,-2,home,away,39,2
8/16/2019,401105065,2019,MIN,WAS,home,6,-110,162.5,-110,79,86,7,165,1021900153,41,39,0,0,1,1,1,1,1,79,86,7,80,-2,home,home,41,-2
8/16/2019,401105066,2019,ATL,PHO,away,3.5,-110,149.5,-110,68,77,9,145,1021900154,35,39,1,1,1,1,1,0,0,77,68,-9,74,4,away,away,39,-4
8/16/2019,401105066,2019,PHO,ATL,home,-3.5,-110,149.5,-110,77,68,-9,145,1021900154,35,39,0,0,0,0,0,1,1,77,68,-9,74,4,away,home,35,4
8/16/2020,401230820,2020,CHI,ATL,away,-11.5,-115,167.5,-110,92,67,-25,159,1022001061,37,46,0,1,1,1,1,1,1,67,92,25,83,9,away,away,46,-9
8/16/2020,401230820,2020,ATL,CHI,home,11.5,-115,167.5,-110,67,92,25,159,1022001061,37,46,1,0,0,0,0,0,0,67,92,25,83,9,away,home,37,9
8/16/2020,401230821,2020,SEA,CON,away,-9.5,-110,156,-110,95,72,-23,167,1022001062,33,42,1,1,1,1,1,1,1,72,95,23,75,9,away,away,42,-9
8/16/2020,401230821,2020,CON,SEA,home,9.5,-110,156,-110,72,95,23,167,1022001062,33,42,0,0,0,0,0,0,0,72,95,23,75,9,away,home,33,9
8/16/2020,401230822,2020,DAL,PHO,away,9,-110,164.5,-110,95,89,-6,184,1022001063,44,44,0,1,1,1,0,0,1,89,95,6,88,0,tie,away,44,-0
8/16/2020,401230822,2020,PHO,DAL,home,-9,-110,164.5,-110,89,95,6,184,1022001063,44,44,1,0,0,0,1,1,0,89,95,6,88,0,tie,home,44,0
8/17/2018,401018974,2018,LAS,WAS,away,4,-110,158.5,-110,67,69,2,136,1021800194,40,40,1,1,1,0,0,0,0,69,67,-2,80,0,tie,away,40,-0
8/17/2018,401018974,2018,WAS,LAS,home,-4,-110,158.5,-110,69,67,-2,136,1021800194,40,40,0,0,0,1,1,1,1,69,67,-2,80,0,tie,home,40,0
8/17/2018,401018973,2018,MIN,CON,away,5.5,-110,161,-110,79,96,17,175,1021800193,43,46,0,0,1,1,1,1,1,96,79,-17,89,3,away,away,46,-3
8/17/2018,401018973,2018,CON,MIN,home,-5.5,-110,161,-110,96,79,-17,175,1021800193,43,46,1,1,0,0,0,0,0,96,79,-17,89,3,away,home,43,3
8/17/2018,401018975,2018,LVA,DAL,away,5.5,-115,176,-110,102,107,5,209,1021800195,51,57,1,1,1,1,1,1,1,107,102,-5,108,6,away,away,57,-6
8/17/2018,401018975,2018,DAL,LVA,home,-5.5,-110,176,-110,107,102,-5,209,1021800195,51,57,0,0,0,0,0,0,0,107,102,-5,108,6,away,home,51,6
8/17/2018,401018977,2018,NYL,SEA,away,15.5,-110,164,-110,77,85,8,162,1021800197,46,43,0,0,0,0,0,0,0,85,77,-8,89,-3,home,away,43,3
8/17/2018,401018977,2018,SEA,NYL,home,-15.5,-110,164,-110,85,77,-8,162,1021800197,46,43,1,1,1,1,1,1,1,85,77,-8,89,-3,home,home,46,-3
8/17/2018,401018976,2018,ATL,PHO,away,4,-110,168,-110,95,104,9,199,1021800196,50,47,1,1,0,0,1,0,0,104,95,-9,97,-3,home,away,47,3
8/17/2018,401018976,2018,PHO,ATL,home,-4,-110,168.5,-115,104,95,-9,199,1021800196,50,47,0,0,1,1,0,1,1,104,95,-9,97,-3,home,home,50,-3
8/17/2021,401320690,2021,MIN,CON,away,3.5,-110,154,-110,60,72,12,132,1022100126,42,28,0,0,0,0,0,0,0,72,60,-12,70,-14,home,away,28,14
8/17/2021,401320690,2021,CON,MIN,home,-3.5,-110,154,-110,72,60,-12,132,1022100126,42,28,1,1,1,1,1,1,1,72,60,-12,70,-14,home,home,42,-14
8/17/2021,401320691,2021,DAL,CHI,away,6,-113,167,-110,80,76,-4,156,1022100127,36,33,1,1,1,1,0,0,0,76,80,4,69,-3,home,away,33,3
8/17/2021,401320691,2021,CHI,DAL,home,-6,-107,167,-110,76,80,4,156,1022100127,36,33,0,0,0,0,1,1,1,76,80,4,69,-3,home,home,36,-3
8/17/2021,401320693,2021,IND,PHO,away,10,-110,160.5,-110,80,84,4,164,1022100129,35,39,0,1,1,1,1,1,1,84,80,-4,74,4,away,away,39,-4
8/17/2021,401320693,2021,PHO,IND,home,-10,-110,160.5,-110,84,80,-4,164,1022100129,35,39,1,0,0,0,0,0,0,84,80,-4,74,4,away,home,35,4
8/17/2021,401320692,2021,WAS,LVA,away,9.5,-110,172.5,-110,83,93,10,176,1022100128,41,49,0,0,0,0,0,0,1,93,83,-10,90,8,away,away,49,-8
8/17/2021,401320692,2021,LVA,WAS,home,-9.5,-110,172.5,-110,93,83,-10,176,1022100128,41,49,1,1,1,1,1,1,0,93,83,-10,90,8,away,home,41,8
8/17/2021,401320694,2021,ATL,LAS,away,4,-110,158.5,-110,80,85,5,165,1022100130,30,36,1,0,0,1,1,1,1,85,80,-5,66,6,away,away,36,-6
8/17/2021,401320694,2021,LAS,ATL,home,-4,-110,158.5,-110,85,80,-5,165,1022100130,30,36,0,1,1,0,0,0,0,85,80,-5,66,6,away,home,30,6
8/17/2022,401455627,2022,NYL,CHI,away,10,-110,167.5,-110,98,91,-7,189,1042200111,45,48,0,1,0,0,0,0,0,91,98,7,93,3,away,away,48,-3
8/17/2022,401455627,2022,CHI,NYL,home,-10,-110,167.5,-110,91,98,7,189,1042200111,45,48,1,0,1,1,1,1,1,91,98,7,93,3,away,home,45,3
8/17/2022,401455628,2022,PHO,LVA,away,16.5,-110,168,-110,63,79,16,142,1042200101,42,37,1,1,1,0,0,0,0,79,63,-16,79,-5,home,away,37,5
8/17/2022,401455628,2022,LVA,PHO,home,-16.5,-110,168,-110,79,63,-16,142,1042200101,42,37,0,0,0,1,1,1,1,79,63,-16,79,-5,home,home,42,-5
8/17/2023,401507311,2023,NYL,LVA,away,7,100,175,-110,75,88,13,163,1022300182,53,40,1,1,0,0,0,0,0,88,75,-13,93,-13,home,away,40,13
8/17/2023,401507311,2023,LVA,NYL,home,-7,-120,175,-110,88,75,-13,163,1022300182,53,40,0,0,1,1,1,1,1,88,75,-13,93,-13,home,home,53,-13
8/18/2018,401018978,2018,CHI,IND,away,-3.5,-110,166.5,-110,115,106,-9,221,1021800198,37,40,0,1,1,1,0,1,1,106,115,9,77,3,away,away,40,-3
8/18/2018,401018978,2018,IND,CHI,home,3.5,-110,166.5,-110,106,115,9,221,1021800198,37,40,1,0,0,0,1,0,0,106,115,9,77,3,away,home,37,3
8/18/2019,401105068,2019,IND,WAS,away,13.5,-110,165,-110,68,107,39,175,1021900156,43,34,0,0,0,0,0,0,0,107,68,-39,77,-9,home,away,34,9
8/18/2019,401105068,2019,WAS,IND,home,-13.5,-110,165,-110,107,68,-39,175,1021900156,43,34,1,1,1,1,1,1,1,107,68,-39,77,-9,home,home,43,-9
8/18/2019,401105067,2019,DAL,CON,away,9.5,-110,149,-110,68,78,10,146,1021900155,37,34,0,0,0,0,1,0,0,78,68,-10,71,-3,home,away,34,3
8/18/2019,401105067,2019,CON,DAL,home,-9.5,-110,149,-110,78,68,-10,146,1021900155,37,34,1,1,1,1,0,1,1,78,68,-10,71,-3,home,home,37,-3
8/18/2019,401105070,2019,NYL,PHO,away,5,-110,156.5,-110,72,78,6,150,1021900158,35,29,1,1,0,0,0,0,0,78,72,-6,64,-6,home,away,29,6
8/18/2019,401105070,2019,PHO,NYL,home,-5,-110,156.5,-110,78,72,-6,150,1021900158,35,29,0,0,1,1,1,1,1,78,72,-6,64,-6,home,home,35,-6
8/18/2019,401105069,2019,LVA,CHI,away,-2,-110,168.5,-110,100,85,-15,185,1021900157,41,47,0,1,0,0,0,1,1,85,100,15,88,6,away,away,47,-6
8/18/2019,401105069,2019,CHI,LVA,home,2,-110,168.5,-110,85,100,15,185,1021900157,41,47,1,0,1,1,1,0,0,85,100,15,88,6,away,home,41,6
8/18/2019,401105071,2019,MIN,SEA,away,3.5,-110,150.5,-110,74,82,8,156,1021900159,48,39,0,0,0,0,0,0,0,82,74,-8,87,-9,home,away,39,9
8/18/2019,401105071,2019,SEA,MIN,home,-3.5,-110,150.5,-110,82,74,-8,156,1021900159,48,39,1,1,1,1,1,1,1,82,74,-8,87,-9,home,home,48,-9
8/18/2020,401230823,2020,IND,CON,away,5.5,-110,164.5,-110,62,84,22,146,1022001064,37,34,0,0,0,0,0,0,0,84,62,-22,71,-3,home,away,34,3
8/18/2020,401230823,2020,CON,IND,home,-5.5,-110,164.5,-110,84,62,-22,146,1022001064,37,34,1,1,1,1,1,1,1,84,62,-22,71,-3,home,home,37,-3
8/18/2020,401230824,2020,LVA,CHI,away,-4.5,-110,171.5,-105,82,84,2,166,1022001065,39,46,1,1,1,1,1,1,1,84,82,-2,85,7,away,away,46,-7
8/18/2020,401230824,2020,CHI,LVA,home,4.5,-110,171.5,-110,84,82,-2,166,1022001065,39,46,0,0,0,0,0,0,0,84,82,-2,85,7,away,home,39,7
8/18/2020,401230825,2020,NYL,SEA,away,19,-105,158,-110,64,105,41,169,1022001066,61,28,0,0,0,0,0,0,0,105,64,-41,89,-33,home,away,28,33
8/18/2020,401230825,2020,SEA,NYL,home,-19,-115,158,-110,105,64,-41,169,1022001066,61,28,1,1,1,1,1,1,1,105,64,-41,89,-33,home,home,61,-33
8/18/2021,401320695,2021,SEA,NYL,away,2,-110,157,-110,79,83,4,162,1022100131,42,41,0,0,1,1,1,0,0,83,79,-4,83,-1,home,away,41,1
8/18/2021,401320695,2021,NYL,SEA,home,-2,-110,157,-110,83,79,-4,162,1022100131,42,41,1,1,0,0,0,1,1,83,79,-4,83,-1,home,home,42,-1
8/18/2022,401455629,2022,DAL,CON,away,9.5,-107,163.5,-110,68,93,25,161,1042200121,47,37,0,0,0,0,0,0,0,93,68,-25,84,-10,home,away,37,10
8/18/2022,401455629,2022,CON,DAL,home,-9.5,-113,163.5,-110,93,68,-25,161,1042200121,47,37,1,1,1,1,1,1,1,93,68,-25,84,-10,home,home,47,-10
8/18/2022,401455650,2022,WAS,SEA,away,4,-110,157,-115,83,86,3,169,1042200131,40,42,1,0,0,0,0,0,1,86,83,-3,82,2,away,away,42,-2
8/18/2022,401455650,2022,SEA,WAS,home,-4,-110,157,-105,86,83,-3,169,1042200131,40,42,0,1,1,1,1,1,0,86,83,-3,82,2,away,home,40,2
8/18/2023,401507313,2023,WAS,IND,away,-5,-110,162,-115,83,79,-4,162,1022300184,42,42,0,1,0,1,0,0,1,79,83,4,84,0,tie,away,42,-0
8/18/2023,401507313,2023,IND,WAS,home,5.5,-110,162,-105,79,83,4,162,1022300184,42,42,1,0,1,0,1,1,0,79,83,4,84,0,tie,home,42,0
8/18/2023,401507312,2023,DAL,CON,away,5,-110,169,-110,95,75,-20,170,1022300183,40,46,0,0,0,1,0,1,1,75,95,20,86,6,away,away,46,-6
8/18/2023,401507312,2023,CON,DAL,home,-5,-110,169,-110,75,95,20,170,1022300183,40,46,1,1,1,0,1,0,0,75,95,20,86,6,away,home,40,6
8/18/2023,401507314,2023,CHI,ATL,away,2,-113,161,-110,67,78,11,145,1022300185,39,37,0,1,1,1,1,1,1,78,67,-11,76,-2,home,away,37,2
8/18/2023,401507314,2023,ATL,CHI,home,-2,-107,161,-110,78,67,-11,145,1022300185,39,37,1,0,0,0,0,0,0,78,67,-11,76,-2,home,home,39,-2
8/18/2023,401507315,2023,NYL,PHO,away,-12.5,-110,164.5,-110,85,63,-22,148,1022300186,38,43,0,1,0,0,1,1,1,63,85,22,81,5,away,away,43,-5
8/18/2023,401507315,2023,PHO,NYL,home,12.5,-110,164.5,-110,63,85,22,148,1022300186,38,43,1,0,1,1,0,0,0,63,85,22,81,5,away,home,38,5
8/18/2023,401507316,2023,MIN,SEA,away,-1,-105,162,-110,78,70,-8,148,1022300187,39,46,0,0,1,1,1,1,1,70,78,8,85,7,away,away,46,-7
8/18/2023,401507316,2023,SEA,MIN,home,1,-115,161.5,-110,70,78,8,148,1022300187,39,46,1,1,0,0,0,0,0,70,78,8,85,7,away,home,39,7
8/19/2018,401018979,2018,LAS,CON,away,5.5,-110,161,-110,86,89,3,175,1021800199,52,41,0,0,0,0,0,0,0,89,86,-3,93,-11,home,away,41,11
8/19/2018,401018979,2018,CON,LAS,home,-5.5,-110,161,-110,89,86,-3,175,1021800199,52,41,1,1,1,1,1,1,1,89,86,-3,93,-11,home,home,52,-11
8/19/2018,401018980,2018,ATL,LVA,away,-5,-110,175,-110,93,78,-15,171,1021800200,47,41,1,1,1,0,0,0,0,78,93,15,88,-6,home,away,41,6
8/19/2018,401018980,2018,LVA,ATL,home,5,-110,175,-110,78,93,15,171,1021800200,47,41,0,0,0,1,1,1,1,78,93,15,88,-6,home,home,47,-6
8/19/2018,401018981,2018,NYL,PHO,away,12,-110,167.5,-110,85,96,11,181,1021800201,49,46,1,1,0,0,1,0,1,96,85,-11,95,-3,home,away,46,3
8/19/2018,401018981,2018,PHO,NYL,home,-12,-110,167.5,-110,96,85,-11,181,1021800201,49,46,0,0,1,1,0,1,0,96,85,-11,95,-3,home,home,49,-3
8/19/2018,401018982,2018,IND,CHI,away,8.5,-110,167,-110,97,92,-5,189,1021800202,54,47,0,0,0,0,0,0,0,92,97,5,101,-7,home,away,47,7
8/19/2018,401018982,2018,CHI,IND,home,-8.5,-110,167,-110,92,97,5,189,1021800202,54,47,1,1,1,1,1,1,1,92,97,5,101,-7,home,home,54,-7
8/19/2018,401018983,2018,DAL,SEA,away,6.5,-110,172.5,-110,68,84,16,152,1021800203,57,45,0,0,0,0,0,0,0,84,68,-16,102,-12,home,away,45,12
8/19/2018,401018983,2018,SEA,DAL,home,-6.5,-110,172.5,-110,84,68,-16,152,1021800203,57,45,1,1,1,1,1,1,1,84,68,-16,102,-12,home,home,57,-12
8/19/2018,401018984,2018,WAS,MIN,away,-2,-115,158,-110,83,88,5,171,1021800204,44,43,1,1,1,0,1,0,1,88,83,-5,87,-1,home,away,43,1
8/19/2018,401018984,2018,MIN,WAS,home,2,-105,158,-110,88,83,-5,171,1021800204,44,43,0,0,0,1,0,1,0,88,83,-5,87,-1,home,home,44,-1
8/19/2020,401230798,2020,ATL,WAS,away,7,-110,160,-110,91,98,7,189,1022001067,45,39,0,0,1,0,0,0,0,98,91,-7,84,-6,home,away,39,6
8/19/2020,401230798,2020,WAS,ATL,home,-7,-110,160,-110,98,91,-7,189,1022001067,45,39,1,1,0,1,1,1,1,98,91,-7,84,-6,home,home,45,-6
8/19/2020,401230826,2020,DAL,MIN,away,6,-110,156.5,-110,84,91,7,175,1022001068,39,43,0,1,1,1,0,1,1,91,84,-7,82,4,away,away,43,-4
8/19/2020,401230826,2020,MIN,DAL,home,-6,-110,156.5,-110,91,84,-7,175,1022001068,39,43,1,0,0,0,1,0,0,91,84,-7,82,4,away,home,39,4
8/19/2020,401230827,2020,PHO,LAS,away,5.5,-110,168.5,-115,74,83,9,157,1022001069,42,26,0,0,0,0,0,0,0,83,74,-9,68,-16,home,away,26,16
8/19/2020,401230827,2020,LAS,PHO,home,-5.5,-110,168.5,-105,83,74,-9,157,1022001069,42,26,1,1,1,1,1,1,1,83,74,-9,68,-16,home,home,42,-16
8/19/2021,401320696,2021,MIN,CON,away,6.5,-110,150.5,-110,71,82,11,153,1022100132,42,36,0,0,0,0,0,0,0,82,71,-11,78,-6,home,away,36,6
8/19/2021,401320696,2021,CON,MIN,home,-6.5,-110,150.5,-110,82,71,-11,153,1022100132,42,36,1,1,1,1,1,1,1,82,71,-11,78,-6,home,home,42,-6
8/19/2021,401320697,2021,WAS,PHO,away,4,-110,168,-110,64,77,13,141,1022100133,39,44,1,1,1,1,1,1,1,77,64,-13,83,5,away,away,44,-5
8/19/2021,401320697,2021,PHO,WAS,home,-4,-110,168,-110,77,64,-13,141,1022100133,39,44,0,0,0,0,0,0,0,77,64,-13,83,5,away,home,39,5
8/19/2021,401320698,2021,ATL,LAS,away,4,-105,156.5,-110,64,66,2,130,1022100134,36,28,0,0,0,0,0,0,0,66,64,-2,64,-8,home,away,28,8
8/19/2021,401320698,2021,LAS,ATL,home,-4,-115,156.5,-110,66,64,-2,130,1022100134,36,28,1,1,1,1,1,1,1,66,64,-2,64,-8,home,home,36,-8
8/19/2023,401507317,2023,LAS,LVA,away,16.5,-110,169.5,-110,78,72,-6,150,1022300188,36,42,1,1,1,1,1,0,1,72,78,6,78,6,away,away,42,-6
8/19/2023,401507317,2023,LVA,LAS,home,-17,-108,169.5,-110,72,78,6,150,1022300188,36,42,0,0,0,0,0,1,0,72,78,6,78,6,away,home,36,6
8/2/2018,401018939,2018,DAL,IND,away,-7,-110,169,-110,78,84,6,162,1021800159,43,39,0,1,1,1,1,1,0,84,78,-6,82,-4,home,away,39,4
8/2/2018,401018939,2018,IND,DAL,home,7,-110,169,-110,84,78,-6,162,1021800159,43,39,1,0,0,0,0,0,1,84,78,-6,82,-4,home,home,43,-4
8/2/2018,401018940,2018,MIN,LAS,away,2.5,-110,155.5,-110,57,79,22,136,1021800160,40,29,0,0,0,0,0,0,0,79,57,-22,69,-11,home,away,29,11
8/2/2018,401018940,2018,LAS,MIN,home,-2.5,-110,155.5,-110,79,57,-22,136,1021800160,40,29,1,1,1,1,1,1,1,79,57,-22,69,-11,home,home,40,-11
8/2/2019,401105037,2019,WAS,SEA,away,-5,-110,158.5,-105,99,79,-20,178,1021900125,34,48,1,1,1,1,1,1,1,79,99,20,82,14,away,away,48,-14
8/2/2019,401105037,2019,SEA,WAS,home,5,-110,158.5,-115,79,99,20,178,1021900125,34,48,0,0,0,0,0,0,0,79,99,20,82,14,away,home,34,14
8/2/2020,401230759,2020,PHO,NYL,away,-11,-110,169.5,-115,96,67,-29,163,1022001022,27,41,1,1,1,1,1,1,1,67,96,29,68,14,away,away,41,-14
8/2/2020,401230759,2020,NYL,PHO,home,11,-110,169.5,-110,67,96,29,163,1022001022,27,41,0,0,0,0,0,0,0,67,96,29,68,14,away,home,27,14
8/2/2020,401230760,2020,ATL,IND,away,-1,-115,170,-110,77,93,16,170,1022001023,47,39,1,0,0,0,0,0,0,93,77,-16,86,-8,home,away,39,8
8/2/2020,401230760,2020,IND,ATL,home,1,-110,170,-110,93,77,-16,170,1022001023,47,39,0,1,1,1,1,1,1,93,77,-16,86,-8,home,home,47,-8
8/2/2020,401230761,2020,DAL,LVA,away,6.5,-110,171,-110,70,79,9,149,1022001024,42,37,0,0,0,0,0,0,0,79,70,-9,79,-5,home,away,37,5
8/2/2020,401230761,2020,LVA,DAL,home,-6.5,-110,171,-110,79,70,-9,149,1022001024,42,37,1,1,1,1,1,1,1,79,70,-9,79,-5,home,home,42,-5
8/2/2022,401391832,2022,LAS,NYL,away,5.5,-110,165.5,-110,73,102,29,175,1022200183,53,41,1,1,1,0,0,0,0,102,73,-29,94,-12,home,away,41,12
8/2/2022,401391832,2022,NYL,LAS,home,-5.5,-110,165.5,-110,102,73,-29,175,1022200183,53,41,0,0,0,1,1,1,1,102,73,-29,94,-12,home,home,53,-12
8/2/2022,401391831,2022,PHO,CON,away,10,-105,167,-105,63,87,24,150,1022200182,35,25,1,0,0,0,0,0,0,87,63,-24,60,-10,home,away,25,10
8/2/2022,401391831,2022,CON,PHO,home,-10,-115,167,-115,87,63,-24,150,1022200182,35,25,0,1,1,1,1,1,1,87,63,-24,60,-10,home,home,35,-10
8/2/2022,401391833,2022,LVA,WAS,away,-3,-115,165,-115,73,83,10,156,1022200184,39,41,0,1,1,1,0,1,1,83,73,-10,80,2,away,away,41,-2
8/2/2022,401391833,2022,WAS,LVA,home,3,-105,165,-105,83,73,-10,156,1022200184,39,41,1,0,0,0,1,0,0,83,73,-10,80,2,away,home,39,2
8/2/2022,401391834,2022,DAL,CHI,away,11,-110,165.5,-110,84,78,-6,162,1022200185,39,42,0,0,1,0,1,1,1,78,84,6,81,3,away,away,42,-3
8/2/2022,401391834,2022,CHI,DAL,home,-11,-110,165.5,-110,78,84,6,162,1022200185,39,42,1,1,0,1,0,0,0,78,84,6,81,3,away,home,39,3
8/2/2023,401507284,2023,DAL,SEA,away,-7,-115,167.5,-110,76,65,-11,141,1022300155,33,46,1,1,1,1,1,1,1,65,76,11,79,13,away,away,46,-13
8/2/2023,401507284,2023,SEA,DAL,home,7,-105,168,-110,65,76,11,141,1022300155,33,46,0,0,0,0,0,0,0,65,76,11,79,13,away,home,33,13
8/20/2019,401105073,2019,NYL,IND,away,5,-110,159,-110,82,76,-6,158,1021900161,37,43,1,1,1,1,1,1,1,76,82,6,80,6,away,away,43,-6
8/20/2019,401105073,2019,IND,NYL,home,-5,-110,159,-110,76,82,6,158,1021900161,37,43,0,0,0,0,0,0,0,76,82,6,80,6,away,home,37,6
8/20/2019,401105072,2019,CHI,ATL,away,-5.5,-110,165,-110,87,83,-4,170,1021900160,44,36,1,1,1,0,0,0,0,83,87,4,80,-8,home,away,36,8
8/20/2019,401105072,2019,ATL,CHI,home,5.5,-110,165,-110,83,87,4,170,1021900160,44,36,0,0,0,1,1,1,1,83,87,4,80,-8,home,home,44,-8
8/20/2019,401105074,2019,PHO,LVA,away,8.5,-110,159.5,-110,79,84,5,163,1021900162,38,38,0,0,0,0,0,0,0,84,79,-5,76,0,tie,away,38,-0
8/20/2019,401105074,2019,LVA,PHO,home,-8.5,-110,159.5,-110,84,79,-5,163,1021900162,38,38,1,1,1,1,1,1,1,84,79,-5,76,0,tie,home,38,0
8/20/2019,401105075,2019,MIN,LAS,away,6,-110,156,-110,71,81,10,152,1021900163,49,32,1,0,0,0,0,0,0,81,71,-10,81,-17,home,away,32,17
8/20/2019,401105075,2019,LAS,MIN,home,-6,-110,156,-110,81,71,-10,152,1021900163,49,32,0,1,1,1,1,1,1,81,71,-10,81,-17,home,home,49,-17
8/20/2020,401230799,2020,CHI,NYL,away,-15.5,-110,166,-115,101,85,-16,186,1022001070,44,57,0,1,1,1,1,1,1,85,101,16,101,13,away,away,57,-13
8/20/2020,401230799,2020,NYL,CHI,home,15.5,-110,166,-110,85,101,16,186,1022001070,44,57,1,0,0,0,0,0,0,85,101,16,101,13,away,home,44,13
8/20/2020,401230828,2020,SEA,IND,away,-17,-112,163,-110,84,90,6,174,1022001071,44,41,0,1,1,0,0,0,0,90,84,-6,85,-3,home,away,41,3
8/20/2020,401230828,2020,IND,SEA,home,17,-108,163,-110,90,84,-6,174,1022001071,44,41,1,0,0,1,1,1,1,90,84,-6,85,-3,home,home,44,-3
8/20/2020,401230800,2020,CON,LVA,away,6.5,-110,162.5,-110,78,99,21,177,1022001072,53,42,1,1,1,1,0,0,0,99,78,-21,95,-11,home,away,42,11
8/20/2020,401230800,2020,LVA,CON,home,-6.5,-110,162.5,-110,99,78,-21,177,1022001072,53,42,0,0,0,0,1,1,1,99,78,-21,95,-11,home,home,53,-11
8/20/2021,401320699,2021,SEA,NYL,away,-9,-110,164.5,-110,99,83,-16,182,1022100135,47,46,1,0,0,0,0,0,0,83,99,16,93,-1,home,away,46,1
8/20/2021,401320699,2021,NYL,SEA,home,9,-110,164.5,-110,83,99,16,182,1022100135,47,46,0,1,1,1,1,1,1,83,99,16,93,-1,home,home,47,-1
8/20/2021,401320700,2021,IND,DAL,away,7.5,-110,159,-110,83,81,-2,164,1022100136,48,45,1,0,0,0,0,0,0,81,83,2,93,-3,home,away,45,3
8/20/2021,401320700,2021,DAL,IND,home,-7.5,-110,159,-110,81,83,2,164,1022100136,48,45,0,1,1,1,1,1,1,81,83,2,93,-3,home,home,48,-3
8/20/2022,401455651,2022,NYL,CHI,away,9,-110,170,-110,62,100,38,162,1042200112,52,28,0,0,0,0,0,0,0,100,62,-38,80,-24,home,away,28,24
8/20/2022,401455651,2022,CHI,NYL,home,-9,-110,170,-110,100,62,-38,162,1042200112,52,28,1,1,1,1,1,1,1,100,62,-38,80,-24,home,home,52,-24
8/20/2022,401455652,2022,PHO,LVA,away,17.5,-110,164.5,-110,80,117,37,197,1042200102,63,44,0,0,0,0,0,0,0,117,80,-37,107,-19,home,away,44,19
8/20/2022,401455652,2022,LVA,PHO,home,-17.5,-110,164.5,-110,117,80,-37,197,1042200102,63,44,1,1,1,1,1,1,1,117,80,-37,107,-19,home,home,63,-19
8/20/2023,401507318,2023,DAL,WAS,away,-5.5,-118,166.5,-110,97,84,-13,181,1022300189,46,56,1,1,1,1,1,1,1,84,97,13,102,10,away,away,56,-10
8/20/2023,401507318,2023,WAS,DAL,home,5.5,-102,166.5,-110,84,97,13,181,1022300189,46,56,0,0,0,0,0,0,0,84,97,13,102,10,away,home,46,10
8/20/2023,401507319,2023,CON,CHI,away,-6,-110,160.5,-110,79,73,-6,152,1022300190,40,45,0,1,1,1,0,0,0,73,79,6,85,5,away,away,45,-5
8/20/2023,401507319,2023,CHI,CON,home,6,-110,160.5,-110,73,79,6,152,1022300190,40,45,1,0,0,0,1,1,1,73,79,6,85,5,away,home,40,5
8/20/2023,401507320,2023,IND,PHO,away,-4,-114,160.5,-115,83,73,-10,156,1022300191,32,40,1,1,1,1,1,1,1,73,83,10,72,8,away,away,40,-8
8/20/2023,401507320,2023,PHO,IND,home,4,-106,160.5,-105,73,83,10,156,1022300191,32,40,0,0,0,0,0,0,0,73,83,10,72,8,away,home,32,8
8/20/2023,401507321,2023,SEA,MIN,away,5.5,-110,159.5,-110,88,74,-14,162,1022300192,40,47,1,1,1,1,1,1,1,74,88,14,87,7,away,away,47,-7
8/20/2023,401507321,2023,MIN,SEA,home,-5.5,-110,159.5,-110,74,88,14,162,1022300192,40,47,0,0,0,0,0,0,0,74,88,14,87,7,away,home,40,7
8/21/2018,401074453,2018,DAL,PHO,away,7,-110,178.5,-110,83,101,18,184,1041800101,53,49,0,1,0,0,0,0,0,101,83,-18,102,-4,home,away,49,4
8/21/2018,401074453,2018,PHO,DAL,home,-7,-110,178.5,-110,101,83,-18,184,1041800101,53,49,1,0,1,1,1,1,1,101,83,-18,102,-4,home,home,53,-4
8/21/2018,401074454,2018,MIN,LAS,away,6,-110,149.5,-110,68,75,7,143,1041800111,40,37,0,0,1,1,1,0,0,75,68,-7,77,-3,home,away,37,3
8/21/2018,401074454,2018,LAS,MIN,home,-6,-110,149.5,-110,75,68,-7,143,1041800111,40,37,1,1,0,0,0,1,1,75,68,-7,77,-3,home,home,40,-3
8/21/2020,401230829,2020,LAS,ATL,away,-15.5,-110,163.5,-110,93,85,-8,178,1022001073,35,40,0,1,1,1,1,1,1,85,93,8,75,5,away,away,40,-5
8/21/2020,401230829,2020,ATL,LAS,home,15.5,-110,163.5,-110,85,93,8,178,1022001073,35,40,1,0,0,0,0,0,0,85,93,8,75,5,away,home,35,5
8/21/2020,401230830,2020,WAS,DAL,away,3.5,-110,160,-110,92,101,9,193,1022001074,56,36,0,0,0,0,0,0,0,101,92,-9,92,-20,home,away,36,20
8/21/2020,401230830,2020,DAL,WAS,home,-3.5,-110,160,-110,101,92,-9,193,1022001074,56,36,1,1,1,1,1,1,1,101,92,-9,92,-20,home,home,56,-20
8/21/2020,401230831,2020,MIN,PHO,away,1.5,-110,164,-110,90,80,-10,170,1022001075,42,51,1,1,1,1,1,1,0,80,90,10,93,9,away,away,51,-9
8/21/2020,401230831,2020,PHO,MIN,home,-1.5,-110,164,-110,80,90,10,170,1022001075,42,51,0,0,0,0,0,0,1,80,90,10,93,9,away,home,42,9
8/21/2021,401320701,2021,PHO,ATL,away,-5.5,-110,164.5,-110,84,69,-15,153,1022100137,32,39,1,1,1,1,1,1,1,69,84,15,71,7,away,away,39,-7
8/21/2021,401320701,2021,ATL,PHO,home,5.5,-110,164.5,-110,69,84,15,153,1022100137,32,39,0,0,0,0,0,0,0,69,84,15,71,7,away,home,32,7
8/21/2021,401320702,2021,MIN,CHI,away,-2.5,-115,161.5,-110,101,95,-6,196,1022100138,44,48,1,1,1,1,1,1,1,95,101,6,92,4,away,away,48,-4
8/21/2021,401320702,2021,CHI,MIN,home,2.5,-105,161.5,-110,95,101,6,196,1022100138,44,48,0,0,0,0,0,0,0,95,101,6,92,4,away,home,44,4
8/21/2022,401455653,2022,DAL,CON,away,11.5,-110,164,-110,89,79,-10,168,1042200122,30,46,1,1,1,1,1,1,1,79,89,10,76,16,away,away,46,-16
8/21/2022,401455653,2022,CON,DAL,home,-11.5,-110,164,-110,79,89,10,168,1042200122,30,46,0,0,0,0,0,0,0,79,89,10,76,16,away,home,30,16
8/21/2022,401455654,2022,WAS,SEA,away,3.5,-110,160,-110,84,97,13,181,1042200132,45,43,0,0,0,0,0,0,0,97,84,-13,88,-2,home,away,43,2
8/21/2022,401455654,2022,SEA,WAS,home,-3.5,-110,160,-110,97,84,-13,181,1042200132,45,43,1,1,1,1,1,1,1,97,84,-13,88,-2,home,home,45,-2
8/22/2019,401105076,2019,DAL,MIN,away,7.5,-105,148.5,-110,70,86,16,156,1021900164,47,32,0,0,0,0,0,0,0,86,70,-16,79,-15,home,away,32,15
8/22/2019,401105076,2019,MIN,DAL,home,-7.5,-115,148.5,-110,86,70,-16,156,1021900164,47,32,1,1,1,1,1,1,1,86,70,-16,79,-15,home,home,47,-15
8/22/2019,401105077,2019,IND,LAS,away,9.5,-110,160,-110,65,98,33,163,1021900165,43,31,1,1,1,0,0,0,0,98,65,-33,74,-12,home,away,31,12
8/22/2019,401105077,2019,LAS,IND,home,-9.5,-110,159.5,-112,98,65,-33,163,1021900165,43,31,0,0,0,1,1,1,1,98,65,-33,74,-12,home,home,43,-12
8/22/2020,401230832,2020,IND,CHI,away,9,-105,169.5,-105,76,87,11,163,1022001076,43,34,0,0,0,0,0,0,0,87,76,-11,77,-9,home,away,34,9
8/22/2020,401230832,2020,CHI,IND,home,-9,-115,169.5,-115,87,76,-11,163,1022001076,43,34,1,1,1,1,1,1,1,87,76,-11,77,-9,home,home,43,-9
8/22/2020,401230833,2020,NYL,CON,away,12,-110,163,-115,65,82,17,147,1022001077,45,38,0,0,0,0,0,0,0,82,65,-17,83,-7,home,away,38,7
8/22/2020,401230833,2020,CON,NYL,home,-12,-110,163,-110,82,65,-17,147,1022001077,45,38,1,1,1,1,1,1,1,82,65,-17,83,-7,home,home,45,-7
8/22/2020,401230801,2020,SEA,LVA,away,-5,-110,164.5,-115,74,82,8,156,1022001078,45,29,1,1,0,0,0,0,0,82,74,-8,74,-16,home,away,29,16
8/22/2020,401230801,2020,LVA,SEA,home,5,-110,165.5,-110,82,74,-8,156,1022001078,45,29,0,0,1,1,1,1,1,82,74,-8,74,-16,home,home,45,-16
8/22/2021,401320703,2021,LAS,NYL,away,3.5,-115,154,-110,86,83,-3,169,1022100139,45,38,1,1,1,1,1,0,0,83,86,3,83,-7,home,away,38,7
8/22/2021,401320703,2021,NYL,LAS,home,-3.5,-105,154,-110,83,86,3,169,1022100139,45,38,0,0,0,0,0,1,1,83,86,3,83,-7,home,home,45,-7
8/22/2021,401320704,2021,SEA,WAS,away,-8,-110,167.5,-110,85,78,-7,163,1022100140,33,43,0,0,0,1,1,1,1,78,85,7,76,10,away,away,43,-10
8/22/2021,401320704,2021,WAS,SEA,home,8,-110,167.5,-110,78,85,7,163,1022100140,33,43,1,1,1,0,0,0,0,78,85,7,76,10,away,home,33,10
8/22/2023,401507322,2023,LVA,ATL,away,-16,-110,167,-110,112,100,-12,212,1022300193,55,56,1,1,1,1,0,1,1,100,112,12,111,1,away,away,56,-1
8/22/2023,401507322,2023,ATL,LVA,home,16,-110,167,-110,100,112,12,212,1022300193,55,56,0,0,0,0,1,0,0,100,112,12,111,1,away,home,55,1
8/22/2023,401507323,2023,CON,WAS,away,-4,-110,159,-110,68,64,-4,132,1022300194,31,36,0,0,0,0,1,1,1,64,68,4,67,5,away,away,36,-5
8/22/2023,401507323,2023,WAS,CON,home,4,-110,159,-110,64,68,4,132,1022300194,31,36,1,1,1,1,0,0,0,64,68,4,67,5,away,home,31,5
8/22/2023,401507324,2023,SEA,CHI,away,4.5,-110,158,-110,79,102,23,181,1022300195,50,40,0,0,0,0,0,0,0,102,79,-23,90,-10,home,away,40,10
8/22/2023,401507324,2023,CHI,SEA,home,-4.5,-110,158,-110,102,79,-23,181,1022300195,50,40,1,1,1,1,1,1,1,102,79,-23,90,-10,home,home,50,-10
8/22/2023,401507325,2023,DAL,MIN,away,-6,-110,169.5,-110,86,91,5,177,1022300196,39,36,0,0,0,0,1,1,0,91,86,-5,75,-3,home,away,36,3
8/22/2023,401507325,2023,MIN,DAL,home,6,-110,169.5,-110,91,86,-5,177,1022300196,39,36,1,1,1,1,0,0,1,91,86,-5,75,-3,home,home,39,-3
8/23/2018,401074455,2018,LAS,WAS,away,4,-110,157.5,-110,64,96,32,160,1041800201,50,29,1,0,0,0,0,0,0,96,64,-32,79,-21,home,away,29,21
8/23/2018,401074455,2018,WAS,LAS,home,-4,-110,157.5,-110,96,64,-32,160,1041800201,50,29,0,1,1,1,1,1,1,96,64,-32,79,-21,home,home,50,-21
8/23/2018,401074456,2018,PHO,CON,away,4,-110,176,-110,96,86,-10,182,1041800211,44,40,0,0,0,0,0,0,0,86,96,10,84,-4,home,away,40,4
8/23/2018,401074456,2018,CON,PHO,home,-4,-110,176,-110,86,96,10,182,1041800211,44,40,1,1,1,1,1,1,1,86,96,10,84,-4,home,home,44,-4
8/23/2019,401105079,2019,ATL,NYL,away,3,-110,158,-110,90,87,-3,177,1021900167,51,46,1,0,0,0,0,0,0,87,90,3,97,-5,home,away,46,5
8/23/2019,401105079,2019,NYL,ATL,home,-3,-110,158,-110,87,90,3,177,1021900167,51,46,0,1,1,1,1,1,1,87,90,3,97,-5,home,home,51,-5
8/23/2019,401105078,2019,LVA,CON,away,1.5,-110,163.5,-110,85,89,4,174,1021900166,47,56,0,0,0,0,0,0,1,89,85,-4,103,9,away,away,56,-9
8/23/2019,401105078,2019,CON,LVA,home,-1.5,-110,163.5,-110,89,85,-4,174,1021900166,47,56,1,1,1,1,1,1,0,89,85,-4,103,9,away,home,47,9
8/23/2019,401105080,2019,WAS,CHI,away,-6.5,-115,175,-110,78,85,7,163,1021900168,42,49,1,0,0,0,0,1,1,85,78,-7,91,7,away,away,49,-7
8/23/2019,401105080,2019,CHI,WAS,home,6.5,-105,175,-110,85,78,-7,163,1021900168,42,49,0,1,1,1,1,0,0,85,78,-7,91,7,away,home,42,7
8/23/2020,401230834,2020,ATL,MIN,away,11.5,-110,162.5,-110,78,75,-3,153,1022001079,41,30,0,0,0,0,0,0,0,75,78,3,71,-11,home,away,30,11
8/23/2020,401230834,2020,MIN,ATL,home,-11.5,-110,162.5,-110,75,78,3,153,1022001079,41,30,1,1,1,1,1,1,1,75,78,3,71,-11,home,home,41,-11
8/23/2020,401230835,2020,DAL,LAS,away,10.5,-110,161.5,-110,81,84,3,165,1022001080,38,42,0,0,0,0,0,1,1,84,81,-3,80,4,away,away,42,-4
8/23/2020,401230835,2020,LAS,DAL,home,-10.5,-110,161.5,-110,84,81,-3,165,1022001080,38,42,1,1,1,1,1,0,0,84,81,-3,80,4,away,home,38,4
8/23/2020,401230836,2020,PHO,WAS,away,-4.5,-112,167,-110,88,87,-1,175,1022001081,39,38,0,0,1,0,1,1,1,87,88,1,77,-1,home,away,38,1
8/23/2020,401230836,2020,WAS,PHO,home,4.5,-108,167,-110,87,88,1,175,1022001081,39,38,1,1,0,1,0,0,0,87,88,1,77,-1,home,home,39,-1
8/23/2022,401455657,2022,CHI,NYL,away,-7,-118,167,-110,90,72,-18,162,1042200113,42,54,1,1,1,1,1,1,1,72,90,18,96,12,away,away,54,-12
8/23/2022,401455657,2022,NYL,CHI,home,7,-102,167,-110,72,90,18,162,1042200113,42,54,0,0,0,0,0,0,0,72,90,18,96,12,away,home,42,12
8/23/2023,401507326,2023,PHO,LAS,away,11,-115,154.5,-110,62,91,29,153,1022300197,44,30,0,0,0,0,0,0,0,91,62,-29,74,-14,home,away,30,14
8/23/2023,401507326,2023,LAS,PHO,home,-11,-110,154.5,-110,91,62,-29,153,1022300197,44,30,1,1,1,1,1,1,1,91,62,-29,74,-14,home,home,44,-14
8/24/2021,401320707,2021,LVA,CON,away,3,-105,156,-107,62,76,14,138,1022100143,40,32,1,0,1,0,0,0,0,76,62,-14,72,-8,home,away,32,8
8/24/2021,401320707,2021,CON,LVA,home,-3,-115,156,-113,76,62,-14,138,1022100143,40,32,0,1,0,1,1,1,1,76,62,-14,72,-8,home,home,40,-8
8/24/2021,401320706,2021,CHI,ATL,away,-7,-110,167.5,-110,86,79,-7,165,1022100142,33,40,1,1,1,1,1,1,1,79,86,7,73,7,away,away,40,-7
8/24/2021,401320706,2021,ATL,CHI,home,7,-110,167.5,-110,79,86,7,165,1022100142,33,40,0,0,0,0,0,0,0,79,86,7,73,7,away,home,33,7
8/24/2021,401320708,2021,LAS,WAS,away,2,-110,157,-110,68,78,10,146,1022100144,56,23,0,0,0,0,0,0,0,78,68,-10,79,-33,home,away,23,33
8/24/2021,401320708,2021,WAS,LAS,home,-2,-110,157,-110,78,68,-10,146,1022100144,56,23,1,1,1,1,1,1,1,78,68,-10,79,-33,home,home,56,-33
8/24/2021,401320705,2021,SEA,MIN,away,-4,-115,165.5,-110,70,76,6,146,1022100141,40,33,0,0,0,0,0,0,0,76,70,-6,73,-7,home,away,33,7
8/24/2021,401320705,2021,MIN,SEA,home,4,-105,165.5,-110,76,70,-6,146,1022100141,40,33,1,1,1,1,1,1,1,76,70,-6,73,-7,home,home,40,-7
8/24/2022,401455659,2022,CON,DAL,away,-6.5,-110,165,-110,73,58,-15,131,1042200123,34,34,0,1,0,0,0,0,1,58,73,15,68,0,tie,away,34,-0
8/24/2022,401455659,2022,DAL,CON,home,6.5,-110,165,-110,58,73,15,131,1042200123,34,34,1,0,1,1,1,1,0,58,73,15,68,0,tie,home,34,0
8/24/2023,401507328,2023,SEA,IND,away,4,-115,160,-110,86,90,4,176,1022300199,46,38,1,1,0,0,1,0,0,90,86,-4,84,-8,home,away,38,8
8/24/2023,401507328,2023,IND,SEA,home,-4,-105,160,-110,90,86,-4,176,1022300199,46,38,0,0,1,1,0,1,1,90,86,-4,84,-8,home,home,46,-8
8/24/2023,401507327,2023,NYL,CON,away,-6,-110,165.5,-115,95,90,-5,185,1022300198,48,34,0,0,1,0,1,0,0,90,95,5,82,-14,home,away,34,14
8/24/2023,401507327,2023,CON,NYL,home,6,-110,166,-110,90,95,5,185,1022300198,48,34,1,1,0,1,0,1,1,90,95,5,82,-14,home,home,48,-14
8/24/2023,401507329,2023,LVA,CHI,away,-14.5,-110,171.5,-110,94,87,-7,181,1022300200,50,37,0,0,0,0,0,0,0,87,94,7,87,-13,home,away,37,13
8/24/2023,401507329,2023,CHI,LVA,home,14.5,-110,171.5,-110,87,94,7,181,1022300200,50,37,1,1,1,1,1,1,1,87,94,7,87,-13,home,home,50,-13
8/24/2023,401507330,2023,MIN,DAL,away,6,-110,166,-112,90,81,-9,171,1022300201,48,50,0,0,0,1,1,1,0,81,90,9,98,2,away,away,50,-2
8/24/2023,401507330,2023,DAL,MIN,home,-6,-110,166,-108,81,90,9,171,1022300201,48,50,1,1,1,0,0,0,1,81,90,9,98,2,away,home,48,2
8/25/2019,401105081,2019,NYL,WAS,away,15.5,-105,171,-115,72,101,29,173,1021900169,47,31,0,0,0,0,0,0,0,101,72,-29,78,-16,home,away,31,16
8/25/2019,401105081,2019,WAS,NYL,home,-15.5,-115,171,-105,101,72,-29,173,1021900169,47,31,1,1,1,1,1,1,1,101,72,-29,78,-16,home,home,47,-16
8/25/2019,401105082,2019,ATL,DAL,away,5,-108,148.5,-110,77,73,-4,150,1021900170,30,37,1,1,1,1,1,1,1,73,77,4,67,7,away,away,37,-7
8/25/2019,401105082,2019,DAL,ATL,home,-5,-112,148.5,-110,73,77,4,150,1021900170,30,37,0,0,0,0,0,0,0,73,77,4,67,7,away,home,30,7
8/25/2019,401105083,2019,CON,LAS,away,5,-110,157.5,-115,72,84,12,156,1021900171,42,39,1,1,1,1,0,0,0,84,72,-12,81,-3,home,away,39,3
8/25/2019,401105083,2019,LAS,CON,home,-5,-110,157.5,-105,84,72,-12,156,1021900171,42,39,0,0,0,0,1,1,1,84,72,-12,81,-3,home,home,42,-3
8/25/2019,401105084,2019,CHI,PHO,away,4,-110,167,-110,94,86,-8,180,1021900172,54,46,1,1,0,0,0,0,0,86,94,8,100,-8,home,away,46,8
8/25/2019,401105084,2019,PHO,CHI,home,-4,-110,167,-110,86,94,8,180,1021900172,54,46,0,0,1,1,1,1,1,86,94,8,100,-8,home,home,54,-8
8/25/2019,401105086,2019,IND,SEA,away,10,-110,152,-110,63,54,-9,117,1021900174,26,33,0,1,1,1,1,1,1,54,63,9,59,7,away,away,33,-7
8/25/2019,401105086,2019,SEA,IND,home,-10,-110,152,-110,54,63,9,117,1021900174,26,33,1,0,0,0,0,0,0,54,63,9,59,7,away,home,26,7
8/25/2019,401105085,2019,LVA,MIN,away,-3.5,-105,159,-110,77,98,21,175,1021900173,45,43,0,0,0,0,0,0,1,98,77,-21,88,-2,home,away,43,2
8/25/2019,401105085,2019,MIN,LVA,home,3.5,-115,159,-110,98,77,-21,175,1021900173,45,43,1,1,1,1,1,1,0,98,77,-21,88,-2,home,home,45,-2
8/25/2020,401230837,2020,NYL,CHI,away,18,-115,169,-115,101,99,-2,200,1022001082,49,46,0,0,0,0,0,0,0,99,101,2,95,-3,home,away,46,3
8/25/2020,401230837,2020,CHI,NYL,home,-17.5,-110,169.5,-110,99,101,2,200,1022001082,49,46,1,1,1,1,1,1,1,99,101,2,95,-3,home,home,49,-3
8/25/2020,401230838,2020,LVA,DAL,away,-9.5,-110,167.5,-110,96,92,-4,188,1022001083,43,52,0,0,0,1,1,1,1,92,96,4,95,9,away,away,52,-9
8/25/2020,401230838,2020,DAL,LVA,home,9.5,-110,167.5,-110,92,96,4,188,1022001083,43,52,1,1,1,0,0,0,0,92,96,4,95,9,away,home,43,9
8/25/2020,401230839,2020,IND,SEA,away,15,-110,164.5,-105,74,87,13,161,1022001084,46,35,1,1,1,1,0,0,0,87,74,-13,81,-11,home,away,35,11
8/25/2020,401230839,2020,SEA,IND,home,-15,-110,164.5,-115,87,74,-13,161,1022001084,46,35,0,0,0,0,1,1,1,87,74,-13,81,-11,home,home,46,-11
8/25/2021,401320709,2021,PHO,NYL,away,-6.5,-110,162.5,-110,106,79,-27,185,1022100145,42,55,1,1,1,1,1,1,1,79,106,27,97,13,away,away,55,-13
8/25/2021,401320709,2021,NYL,PHO,home,6.5,-110,162.5,-110,79,106,27,185,1022100145,42,55,0,0,0,0,0,0,0,79,106,27,97,13,away,home,42,13
8/25/2023,401507331,2023,LAS,ATL,away,-1.5,-112,160,-110,83,78,-5,161,1022300202,52,39,0,0,0,0,0,0,0,78,83,5,91,-13,home,away,39,13
8/25/2023,401507331,2023,ATL,LAS,home,1.5,-108,160,-110,78,83,5,161,1022300202,52,39,1,1,1,1,1,1,1,78,83,5,91,-13,home,home,52,-13
8/26/2018,401074457,2018,PHO,SEA,away,6.5,-110,175.5,-110,87,91,4,178,1041800301,54,50,1,0,0,1,0,0,0,91,87,-4,104,-4,home,away,50,4
8/26/2018,401074457,2018,SEA,PHO,home,-6.5,-110,175.5,-106,91,87,-4,178,1041800301,54,50,0,1,1,0,1,1,1,91,87,-4,104,-4,home,home,54,-4
8/26/2018,401074459,2018,WAS,ATL,away,-2.5,-110,163.5,-110,87,84,-3,171,1041800311,42,51,1,1,1,1,1,1,1,84,87,3,93,9,away,away,51,-9
8/26/2018,401074459,2018,ATL,WAS,home,2.5,-110,163.5,-110,84,87,3,171,1041800311,42,51,0,0,0,0,0,0,0,84,87,3,93,9,away,home,42,9
8/26/2021,401320711,2021,LAS,CON,away,12,-115,145.5,-110,72,76,4,148,1022100147,36,39,0,0,0,0,1,1,0,76,72,-4,75,3,away,away,39,-3
8/26/2021,401320711,2021,CON,LAS,home,-12,-105,145.5,-110,76,72,-4,148,1022100147,36,39,1,1,1,1,0,0,1,76,72,-4,75,3,away,home,36,3
8/26/2021,401320710,2021,LVA,ATL,away,-12.5,-115,166.5,-110,78,71,-7,149,1022100146,48,40,0,0,0,1,1,1,0,71,78,7,88,-8,home,away,40,8
8/26/2021,401320710,2021,ATL,LVA,home,12.5,-105,166.5,-110,71,78,7,149,1022100146,48,40,1,1,1,0,0,0,1,71,78,7,88,-8,home,home,48,-8
8/26/2021,401320712,2021,DAL,WAS,away,4.5,-105,162.5,-110,82,77,-5,159,1022100148,43,34,0,0,0,0,0,0,0,77,82,5,77,-9,home,away,34,9
8/26/2021,401320712,2021,WAS,DAL,home,-4.5,-115,162.5,-110,77,82,5,159,1022100148,43,34,1,1,1,1,1,1,1,77,82,5,77,-9,home,home,43,-9
8/26/2023,401507332,2023,LVA,WAS,away,-10,-110,170,-110,62,78,16,140,1022300203,27,30,0,0,1,0,1,1,1,78,62,-16,57,3,away,away,30,-3
8/26/2023,401507332,2023,WAS,LVA,home,10,-110,170,-110,78,62,-16,140,1022300203,27,30,1,1,0,1,0,0,0,78,62,-16,57,3,away,home,27,3
8/26/2023,401507333,2023,NYL,MIN,away,-9,-110,166,-110,111,76,-35,187,1022300204,35,65,1,1,1,1,1,1,1,76,111,35,100,30,away,away,65,-30
8/26/2023,401507333,2023,MIN,NYL,home,9,-110,166,-110,76,111,35,187,1022300204,35,65,0,0,0,0,0,0,0,76,111,35,100,30,away,home,35,30
8/27/2019,401105088,2019,PHO,NYL,away,-6,-115,160.5,-110,95,82,-13,177,1021900176,46,49,1,1,1,1,1,1,1,82,95,13,95,3,away,away,49,-3
8/27/2019,401105088,2019,NYL,PHO,home,6,-105,160.5,-110,82,95,13,177,1021900176,46,49,0,0,0,0,0,0,0,82,95,13,95,3,away,home,46,3
8/27/2019,401105087,2019,LVA,IND,away,-7,-110,162.5,-110,71,86,15,157,1021900175,53,33,0,0,0,0,0,0,0,86,71,-15,86,-20,home,away,33,20
8/27/2019,401105087,2019,IND,LVA,home,7,-110,162.5,-110,86,71,-15,157,1021900175,53,33,1,1,1,1,1,1,1,86,71,-15,86,-20,home,home,53,-20
8/27/2019,401105089,2019,LAS,WAS,away,7.5,-115,166.5,-110,66,95,29,161,1021900177,54,37,0,0,0,0,0,0,0,95,66,-29,91,-17,home,away,37,17
8/27/2019,401105089,2019,WAS,LAS,home,-7.5,-110,166.5,-110,95,66,-29,161,1021900177,54,37,1,1,1,1,1,1,1,95,66,-29,91,-17,home,home,54,-17
8/27/2019,401105090,2019,CHI,MIN,away,3.5,-110,168.5,-110,85,93,8,178,1021900178,51,42,0,0,0,1,0,0,0,93,85,-8,93,-9,home,away,42,9
8/27/2019,401105090,2019,MIN,CHI,home,-3.5,-110,168.5,-110,93,85,-8,178,1021900178,51,42,1,1,1,0,1,1,1,93,85,-8,93,-9,home,home,51,-9
8/27/2019,401105091,2019,CON,SEA,away,2,-110,150,-110,89,70,-19,159,1021900179,36,44,0,1,1,1,1,1,1,70,89,19,80,8,away,away,44,-8
8/27/2019,401105091,2019,SEA,CON,home,-2,-110,150,-110,70,89,19,159,1021900179,36,44,1,0,0,0,0,0,0,70,89,19,80,8,away,home,36,8
8/27/2021,401320713,2021,PHO,NYL,away,-3.5,-105,165.5,-110,80,64,-16,144,1022100149,32,42,1,1,1,1,1,1,1,64,80,16,74,10,away,away,42,-10
8/27/2021,401320713,2021,NYL,PHO,home,3.5,-115,165.5,-110,64,80,16,144,1022100149,32,42,0,0,0,0,0,0,0,64,80,16,74,10,away,home,32,10
8/27/2021,401320714,2021,CHI,SEA,away,6,-110,167,-110,73,69,-4,142,1022100150,32,28,1,0,0,0,0,0,0,69,73,4,60,-4,home,away,28,4
8/27/2021,401320714,2021,SEA,CHI,home,-6,-110,167,-110,69,73,4,142,1022100150,32,28,0,1,1,1,1,1,1,69,73,4,60,-4,home,home,32,-4
8/27/2023,401507334,2023,LAS,CON,away,6,-106,156.5,-110,68,83,15,151,1022300205,43,38,1,1,1,1,1,0,0,83,68,-15,81,-5,home,away,38,5
8/27/2023,401507334,2023,CON,LAS,home,-6,-114,156.5,-110,83,68,-15,151,1022300205,43,38,0,0,0,0,0,1,1,83,68,-15,81,-5,home,home,43,-5
8/27/2023,401507335,2023,ATL,IND,away,-1.5,-110,165,-110,80,83,3,163,1022300206,47,37,1,0,0,0,0,0,0,83,80,-3,84,-10,home,away,37,10
8/27/2023,401507335,2023,IND,ATL,home,1.5,-110,165,-110,83,80,-3,163,1022300206,47,37,0,1,1,1,1,1,1,83,80,-3,84,-10,home,home,47,-10
8/27/2023,401507337,2023,CHI,SEA,away,-1,-110,161.5,-110,90,85,-5,175,1022300208,55,46,0,0,0,0,0,0,0,85,90,5,101,-9,home,away,46,9
8/27/2023,401507337,2023,SEA,CHI,home,1,-110,161.5,-110,85,90,5,175,1022300208,55,46,1,1,1,1,1,1,1,85,90,5,101,-9,home,home,55,-9
8/27/2023,401507336,2023,DAL,PHO,away,-7.5,-110,162.5,-114,77,74,-3,151,1022300207,42,35,1,0,0,0,0,0,0,74,77,3,77,-7,home,away,35,7
8/27/2023,401507336,2023,PHO,DAL,home,7.5,-110,162.5,-106,74,77,3,151,1022300207,42,35,0,1,1,1,1,1,1,74,77,3,77,-7,home,home,42,-7
8/28/2018,401074460,2018,WAS,ATL,away,-1,-110,162,-105,75,78,3,153,1041800312,34,36,0,0,0,0,0,1,1,78,75,-3,70,2,away,away,36,-2
8/28/2018,401074460,2018,ATL,WAS,home,1,-110,162,-115,78,75,-3,153,1041800312,34,36,1,1,1,1,1,0,0,78,75,-3,70,2,away,home,34,2
8/28/2018,401074458,2018,PHO,SEA,away,5.5,-110,178.5,-110,87,91,4,178,1041800302,44,32,0,1,0,0,0,0,0,91,87,-4,76,-12,home,away,32,12
8/28/2018,401074458,2018,SEA,PHO,home,-5.5,-110,178.5,-110,91,87,-4,178,1041800302,44,32,1,0,1,1,1,1,1,91,87,-4,76,-12,home,home,44,-12
8/28/2020,401230843,2020,MIN,ATL,away,-7,-125,161.5,-110,88,79,-9,167,1022001091,43,51,1,1,1,1,1,1,1,79,88,9,94,8,away,away,51,-8
8/28/2020,401230843,2020,ATL,MIN,home,7,105,161.5,-110,79,88,9,167,1022001091,43,51,0,0,0,0,0,0,0,79,88,9,94,8,away,home,43,8
8/28/2020,401230844,2020,LAS,CON,away,-5.5,-110,159,-110,80,76,-4,156,1022001092,39,32,0,1,0,1,0,0,0,76,80,4,71,-7,home,away,32,7
8/28/2020,401230844,2020,CON,LAS,home,5.5,-110,159,-110,76,80,4,156,1022001092,39,32,1,0,1,0,1,1,1,76,80,4,71,-7,home,home,39,-7
8/28/2020,401230845,2020,WAS,PHO,away,2.5,-109,169.5,100,72,94,22,166,1022001093,33,41,0,0,1,1,1,1,1,94,72,-22,74,8,away,away,41,-8
8/28/2020,401230845,2020,PHO,WAS,home,-2.5,-111,169.5,-120,94,72,-22,166,1022001093,33,41,1,1,0,0,0,0,0,94,72,-22,74,8,away,home,33,8
8/28/2021,401320715,2021,LVA,IND,away,-12.5,-110,164.5,-115,87,71,-16,158,1022100151,31,50,1,1,1,1,1,1,1,71,87,16,81,19,away,away,50,-19
8/28/2021,401320715,2021,IND,LVA,home,12.5,-110,164.5,-105,71,87,16,158,1022100151,31,50,0,0,0,0,0,0,0,71,87,16,81,19,away,home,31,19
8/28/2021,401320717,2021,DAL,WAS,away,-1,-105,161,-110,75,76,1,151,1022100153,19,35,1,1,1,1,1,1,1,76,75,-1,54,16,away,away,35,-16
8/28/2021,401320717,2021,WAS,DAL,home,1,-115,161,-110,76,75,-1,151,1022100153,19,35,0,0,0,0,0,0,0,76,75,-1,54,16,away,home,19,16
8/28/2021,401320716,2021,LAS,CON,away,9.5,-110,144.5,-110,61,76,15,137,1022100152,40,37,0,1,1,1,1,0,0,76,61,-15,77,-3,home,away,37,3
8/28/2021,401320716,2021,CON,LAS,home,-9.5,-110,144.5,-110,76,61,-15,137,1022100152,40,37,1,0,0,0,0,1,1,76,61,-15,77,-3,home,home,40,-3
8/28/2022,401455660,2022,SEA,LVA,away,5.5,-110,171.5,-110,76,73,-3,149,1042200201,36,43,1,1,1,1,1,1,1,73,76,3,79,7,away,away,43,-7
8/28/2022,401455660,2022,LVA,SEA,home,-5.5,-110,171.5,-110,73,76,3,149,1042200201,36,43,0,0,0,0,0,0,0,73,76,3,79,7,away,home,36,7
8/28/2022,401455661,2022,CON,CHI,away,4,-110,166,-110,68,63,-5,131,1042200211,34,34,1,1,0,0,0,1,1,63,68,5,68,0,tie,away,34,-0
8/28/2022,401455661,2022,CHI,CON,home,-4,-110,166,-110,63,68,5,131,1042200211,34,34,0,0,1,1,1,0,0,63,68,5,68,0,tie,home,34,0
8/28/2023,401507338,2023,LVA,NYL,away,2,-108,174,-110,85,94,9,179,1022300209,47,35,1,1,0,0,0,0,0,94,85,-9,82,-12,home,away,35,12
8/28/2023,401507338,2023,NYL,LVA,home,-2,-112,174.5,-116,94,85,-9,179,1022300209,47,35,0,0,1,1,1,1,1,94,85,-9,82,-12,home,home,47,-12
8/29/2019,401105092,2019,LAS,IND,away,-5.5,-110,158.5,-110,87,83,-4,170,1021900180,42,33,0,0,0,0,0,0,0,83,87,4,75,-9,home,away,33,9
8/29/2019,401105092,2019,IND,LAS,home,5.5,-110,158.5,-110,83,87,4,170,1021900180,42,33,1,1,1,1,1,1,1,83,87,4,75,-9,home,home,42,-9
8/29/2019,401105093,2019,DAL,CHI,away,11.5,-110,159,-110,88,83,-5,171,1021900181,35,38,0,1,1,1,1,1,1,83,88,5,73,3,away,away,38,-3
8/29/2019,401105093,2019,CHI,DAL,home,-11.5,-110,159,-110,83,88,5,171,1021900181,35,38,1,0,0,0,0,0,0,83,88,5,73,3,away,home,35,3
8/29/2019,401105094,2019,PHO,ATL,away,-6,-110,157,-110,65,58,-7,123,1021900182,25,29,1,1,1,1,1,1,1,58,65,7,54,4,away,away,29,-4
8/29/2019,401105094,2019,ATL,PHO,home,6,-110,157,-110,58,65,7,123,1021900182,25,29,0,0,0,0,0,0,0,58,65,7,54,4,away,home,25,4
8/29/2020,401230805,2020,DAL,IND,away,-2,-105,167.5,-110,82,78,-4,160,1022001094,37,44,1,1,1,1,1,1,1,78,82,4,81,7,away,away,44,-7
8/29/2020,401230805,2020,IND,DAL,home,2,-115,167.5,-110,78,82,4,160,1022001094,37,44,0,0,0,0,0,0,0,78,82,4,81,7,away,home,37,7
8/29/2020,401230806,2020,SEA,CHI,away,-6,-110,167,-110,88,74,-14,162,1022001095,34,49,1,1,1,1,1,1,1,74,88,14,83,15,away,away,49,-15
8/29/2020,401230806,2020,CHI,SEA,home,6,-110,167,-110,74,88,14,162,1022001095,34,49,0,0,0,0,0,0,0,74,88,14,83,15,away,home,34,15
8/29/2020,401230807,2020,NYL,LVA,away,16.5,-110,169,-110,63,80,17,143,1022001096,39,35,0,0,0,1,0,0,0,80,63,-17,74,-4,home,away,35,4
8/29/2020,401230807,2020,LVA,NYL,home,-16.5,-110,169,-110,80,63,-17,143,1022001096,39,35,1,1,1,0,1,1,1,80,63,-17,74,-4,home,home,39,-4
8/29/2021,401320718,2021,CHI,SEA,away,6.5,-109,164,-110,107,75,-32,182,1022100154,41,63,1,1,1,1,1,1,1,75,107,32,104,22,away,away,63,-22
8/29/2021,401320718,2021,SEA,CHI,home,-6.5,-111,164,-110,75,107,32,182,1022100154,41,63,0,0,0,0,0,0,0,75,107,32,104,22,away,home,41,22
8/29/2023,401507340,2023,MIN,WAS,away,7,-110,161.5,-110,72,83,11,155,1022300211,42,37,0,0,0,0,0,0,0,83,72,-11,79,-5,home,away,37,5
8/29/2023,401507340,2023,WAS,MIN,home,-7,-107,161.5,-110,83,72,-11,155,1022300211,42,37,1,1,1,1,1,1,1,83,72,-11,79,-5,home,home,42,-5
8/29/2023,401507339,2023,PHO,ATL,away,8,-105,160,-110,76,94,18,170,1022300210,54,26,0,0,0,0,0,0,0,94,76,-18,80,-28,home,away,26,28
8/29/2023,401507339,2023,ATL,PHO,home,-8,-115,159.5,-110,94,76,-18,170,1022300210,54,26,1,1,1,1,1,1,1,94,76,-18,80,-28,home,home,54,-28
8/29/2023,401507341,2023,CHI,LAS,away,5,-118,162,-110,76,75,-1,151,1022300212,43,43,0,0,0,0,0,0,0,75,76,1,86,0,tie,away,43,-0
8/29/2023,401507341,2023,LAS,CHI,home,-5,-102,162,-110,75,76,1,151,1022300212,43,43,1,1,1,1,1,1,1,75,76,1,86,0,tie,home,43,0
8/3/2018,401018941,2018,CHI,ATL,away,8.5,-110,170,-110,74,89,15,163,1021800161,42,43,0,0,0,0,0,0,0,89,74,-15,85,1,away,away,43,-1
8/3/2018,401018941,2018,ATL,CHI,home,-8.5,-110,170,-110,89,74,-15,163,1021800161,42,43,1,1,1,1,1,1,1,89,74,-15,85,1,away,home,42,1
8/3/2018,401018943,2018,MIN,SEA,away,5.5,-110,163,-110,75,85,10,160,1021800163,37,38,1,0,1,1,1,1,1,85,75,-10,75,1,away,away,38,-1
8/3/2018,401018943,2018,SEA,MIN,home,-5.5,-110,163,-110,85,75,-10,160,1021800163,37,38,0,1,0,0,0,0,0,85,75,-10,75,1,away,home,37,1
8/3/2019,401105039,2019,MIN,IND,away,-3,-110,150.5,-110,75,86,11,161,1021900127,38,48,1,1,1,1,1,1,1,86,75,-11,86,10,away,away,48,-10
8/3/2019,401105039,2019,IND,MIN,home,3,-110,150.5,-110,86,75,-11,161,1021900127,38,48,0,0,0,0,0,0,0,86,75,-11,86,10,away,home,38,10
8/3/2019,401105038,2019,CHI,ATL,away,-4,-110,157.5,-110,87,75,-12,162,1021900126,42,46,0,0,0,0,0,0,0,75,87,12,88,4,away,away,46,-4
8/3/2019,401105038,2019,ATL,CHI,home,4,-110,157.5,-110,75,87,12,162,1021900126,42,46,1,1,1,1,1,1,1,75,87,12,88,4,away,home,42,4
8/3/2019,401105040,2019,LVA,DAL,away,-4.5,-110,145,-110,75,70,-5,145,1021900128,37,42,1,1,1,1,1,1,1,70,75,5,79,5,away,away,42,-5
8/3/2019,401105040,2019,DAL,LVA,home,4.5,-110,145,-110,70,75,5,145,1021900128,37,42,0,0,0,0,0,0,0,70,75,5,79,5,away,home,37,5
8/3/2022,401391836,2022,LAS,NYL,away,7,-110,162.5,-110,61,64,3,125,1022200187,28,39,1,1,1,1,1,1,1,64,61,-3,67,11,away,away,39,-11
8/3/2022,401391836,2022,NYL,LAS,home,-7,-110,162.5,-110,64,61,-3,125,1022200187,28,39,0,0,0,0,0,0,0,64,61,-3,67,11,away,home,28,11
8/3/2022,401391835,2022,IND,ATL,away,10,-110,158,-110,81,91,10,172,1022200186,62,34,0,0,0,0,0,0,0,91,81,-10,96,-28,home,away,34,28
8/3/2022,401391835,2022,ATL,IND,home,-10,-110,158,-110,91,81,-10,172,1022200186,62,34,1,1,1,1,1,1,1,91,81,-10,96,-28,home,home,62,-28
8/3/2022,401391837,2022,MIN,SEA,away,6,-110,162,-110,77,89,12,166,1022200188,56,32,0,0,0,0,0,0,0,89,77,-12,88,-24,home,away,32,24
8/3/2022,401391837,2022,SEA,MIN,home,-6,-110,162,-110,89,77,-12,166,1022200188,56,32,1,1,1,1,1,1,1,89,77,-12,88,-24,home,home,56,-24
8/3/2023,401507285,2023,ATL,PHO,away,-7.5,-110,164,-110,71,91,20,162,1022300156,43,36,1,0,1,1,1,0,0,91,71,-20,79,-7,home,away,36,7
8/3/2023,401507285,2023,PHO,ATL,home,7.5,-110,164,-110,91,71,-20,162,1022300156,43,36,0,1,0,0,0,1,1,91,71,-20,79,-7,home,home,43,-7
8/30/2019,401105095,2019,CON,NYL,away,-10.5,-110,163,-110,94,84,-10,178,1021900183,41,50,0,1,1,1,1,1,1,84,94,10,91,9,away,away,50,-9
8/30/2019,401105095,2019,NYL,CON,home,10.5,-110,163,-110,84,94,10,178,1021900183,41,50,1,0,0,0,0,0,0,84,94,10,91,9,away,home,41,9
8/30/2020,401230846,2020,CON,WAS,away,-7,-110,161,-110,76,63,-13,139,1022001097,28,39,1,1,1,1,1,1,1,63,76,13,67,11,away,away,39,-11
8/30/2020,401230846,2020,WAS,CON,home,7,-110,161,-110,63,76,13,139,1022001097,28,39,0,0,0,0,0,0,0,63,76,13,67,11,away,home,28,11
8/30/2020,401230847,2020,PHO,MIN,away,4.5,-110,164.5,-110,83,79,-4,162,1022001098,36,51,1,1,1,1,1,1,1,79,83,4,87,15,away,away,51,-15
8/30/2020,401230847,2020,MIN,PHO,home,-4.5,-110,164.5,-110,79,83,4,162,1022001098,36,51,0,0,0,0,0,0,0,79,83,4,87,15,away,home,36,15
8/30/2020,401230808,2020,ATL,LAS,away,13.5,-110,164,-110,79,84,5,163,1022001099,37,38,1,0,1,0,1,1,0,84,79,-5,75,1,away,away,38,-1
8/30/2020,401230808,2020,LAS,ATL,home,-13.5,-110,164,-110,84,79,-5,163,1022001099,37,38,0,1,0,1,0,0,1,84,79,-5,75,1,away,home,37,1
8/31/2018,401074473,2018,ATL,WAS,away,1.5,-110,157.5,-110,81,76,-5,157,1041800313,34,37,0,1,1,0,0,1,1,76,81,5,71,3,away,away,37,-3
8/31/2018,401074473,2018,WAS,ATL,home,-1.5,-110,157.5,-110,76,81,5,157,1041800313,34,37,1,0,0,1,1,0,0,76,81,5,71,3,away,home,34,3
8/31/2018,401074461,2018,SEA,PHO,away,2,-110,172,-110,66,86,20,152,1041800303,42,35,0,0,0,0,0,0,0,86,66,-20,77,-7,home,away,35,7
8/31/2018,401074461,2018,PHO,SEA,home,-2,-110,172,-110,86,66,-20,152,1041800303,42,35,1,1,1,1,1,1,1,86,66,-20,77,-7,home,home,42,-7
8/31/2019,401105096,2019,WAS,DAL,away,-11.5,-110,159,-110,91,85,-6,176,1021900184,43,56,1,1,1,1,1,1,1,85,91,6,99,13,away,away,56,-13
8/31/2019,401105096,2019,DAL,WAS,home,11.5,-110,159,-110,85,91,6,176,1021900184,43,56,0,0,0,0,0,0,0,85,91,6,99,13,away,home,43,13
8/31/2019,401105097,2019,LAS,LVA,away,3.5,-110,164.5,-110,86,92,6,178,1021900185,36,44,1,1,1,1,1,1,1,92,86,-6,80,8,away,away,44,-8
8/31/2019,401105097,2019,LVA,LAS,home,-3.5,-110,164.5,-110,92,86,-6,178,1021900185,36,44,0,0,0,0,0,0,0,92,86,-6,80,8,away,home,36,8
8/31/2021,401320719,2021,LAS,IND,away,-5,-110,152.5,-110,72,74,2,146,1022100155,35,30,1,0,1,0,1,0,0,74,72,-2,65,-5,home,away,30,5
8/31/2021,401320719,2021,IND,LAS,home,5,-110,152.5,-110,74,72,-2,146,1022100155,35,30,0,1,0,1,0,1,1,74,72,-2,65,-5,home,home,35,-5
8/31/2021,401320720,2021,CON,WAS,away,-9,-110,149,-110,85,75,-10,160,1022100156,37,45,1,1,1,1,1,1,1,75,85,10,82,8,away,away,45,-8
8/31/2021,401320720,2021,WAS,CON,home,9,-110,149,-110,75,85,10,160,1022100156,37,45,0,0,0,0,0,0,0,75,85,10,82,8,away,home,37,8
8/31/2021,401320721,2021,NYL,MIN,away,9.5,-105,164.5,-110,66,74,8,140,1022100157,39,37,1,1,0,0,0,0,0,74,66,-8,76,-2,home,away,37,2
8/31/2021,401320721,2021,MIN,NYL,home,-9.5,-115,164.5,-110,74,66,-8,140,1022100157,39,37,0,0,1,1,1,1,1,74,66,-8,76,-2,home,home,39,-2
8/31/2021,401320722,2021,CHI,PHO,away,-1.5,-110,167,-110,83,103,20,186,1022100158,49,46,0,0,0,0,0,0,0,103,83,-20,95,-3,home,away,46,3
8/31/2021,401320722,2021,PHO,CHI,home,1.5,-110,167,-110,103,83,-20,186,1022100158,49,46,1,1,1,1,1,1,1,103,83,-20,95,-3,home,home,49,-3
8/31/2022,401455671,2022,CON,CHI,away,5.5,-110,164.5,-115,77,85,8,162,1042200212,47,32,0,0,0,0,0,0,0,85,77,-8,79,-15,home,away,32,15
8/31/2022,401455671,2022,CHI,CON,home,-5.5,-110,164.5,-105,85,77,-8,162,1042200212,47,32,1,1,1,1,1,1,1,85,77,-8,79,-15,home,home,47,-15
8/31/2022,401455674,2022,SEA,LVA,away,6,-110,169.5,-110,73,78,5,151,1042200202,36,36,1,0,1,1,1,1,1,78,73,-5,72,0,tie,away,36,-0
8/31/2022,401455674,2022,LVA,SEA,home,-6,-110,169.5,-110,78,73,-5,151,1042200202,36,36,0,1,0,0,0,0,0,78,73,-5,72,0,tie,home,36,0
8/31/2023,401507342,2023,PHO,CON,away,15,-110,154,-105,74,84,10,158,1022300213,38,41,1,1,1,0,1,1,1,84,74,-10,79,3,away,away,41,-3
8/31/2023,401507342,2023,CON,PHO,home,-15,-110,154,-115,84,74,-10,158,1022300213,38,41,0,0,0,1,0,0,0,84,74,-10,79,3,away,home,38,3
8/31/2023,401507343,2023,WAS,LVA,away,10.5,-110,168.5,-110,75,84,9,159,1022300214,40,30,0,0,0,0,0,0,0,84,75,-9,70,-10,home,away,30,10
8/31/2023,401507343,2023,LVA,WAS,home,-10.5,-110,168.5,-110,84,75,-9,159,1022300214,40,30,1,1,1,1,1,1,1,84,75,-9,70,-10,home,home,40,-10
8/31/2023,401507344,2023,SEA,LAS,away,7,-101,158.5,-105,72,61,-11,133,1022300215,29,38,1,1,1,1,1,1,1,61,72,11,67,9,away,away,38,-9
8/31/2023,401507344,2023,LAS,SEA,home,-7,-119,158.5,-115,61,72,11,133,1022300215,29,38,0,0,0,0,0,0,0,61,72,11,67,9,away,home,29,9
8/4/2018,401018944,2018,IND,NYL,away,7,-110,161.5,-110,68,55,-13,123,1021800164,35,31,0,0,0,0,0,0,0,55,68,13,66,-4,home,away,31,4
8/4/2018,401018944,2018,NYL,IND,home,-7,-110,161.5,-110,55,68,13,123,1021800164,35,31,1,1,1,1,1,1,1,55,68,13,66,-4,home,home,35,-4
8/4/2019,401105041,2019,CON,NYL,away,-6,-110,158,-110,94,79,-15,173,1021900129,38,53,1,1,1,1,1,1,1,79,94,15,91,15,away,away,53,-15
8/4/2019,401105041,2019,NYL,CON,home,6,-110,158,-110,79,94,15,173,1021900129,38,53,0,0,0,0,0,0,0,79,94,15,91,15,away,home,38,15
8/4/2019,401105042,2019,SEA,LAS,away,4.5,-110,148,-110,75,83,8,158,1021900130,50,41,0,0,0,0,0,0,0,83,75,-8,91,-9,home,away,41,9
8/4/2019,401105042,2019,LAS,SEA,home,-4.5,-110,148,-110,83,75,-8,158,1021900130,50,41,1,1,1,1,1,1,1,83,75,-8,91,-9,home,home,50,-9
8/4/2019,401105043,2019,WAS,PHO,away,-7.5,-110,160,-110,82,103,21,185,1021900131,60,43,0,1,1,0,0,0,0,103,82,-21,103,-17,home,away,43,17
8/4/2019,401105043,2019,PHO,WAS,home,7.5,-110,160,-110,103,82,-21,185,1021900131,60,43,1,0,0,1,1,1,1,103,82,-21,103,-17,home,home,60,-17
8/4/2020,401230762,2020,DAL,CHI,away,6.5,-110,172,-110,79,82,3,161,1022001025,43,42,0,0,1,1,0,0,0,82,79,-3,85,-1,home,away,42,1
8/4/2020,401230762,2020,CHI,DAL,home,-6.5,-110,172,-110,82,79,-3,161,1022001025,43,42,1,1,0,0,1,1,1,82,79,-3,85,-1,home,home,43,-1
8/4/2020,401230763,2020,PHO,ATL,away,-6,-115,177.5,-110,81,74,-7,155,1022001026,35,33,1,1,0,0,0,0,0,74,81,7,68,-2,home,away,33,2
8/4/2020,401230763,2020,ATL,PHO,home,6,-105,177.5,-110,74,81,7,155,1022001026,35,33,0,0,1,1,1,1,1,74,81,7,68,-2,home,home,35,-2
8/4/2020,401230764,2020,CON,SEA,away,10.5,-110,156,-110,74,87,13,161,1022001027,38,40,1,1,0,0,1,1,1,87,74,-13,78,2,away,away,40,-2
8/4/2020,401230764,2020,SEA,CON,home,-10.5,-110,156,-110,87,74,-13,161,1022001027,38,40,0,0,1,1,0,0,0,87,74,-13,78,2,away,home,38,2
8/4/2022,401391838,2022,PHO,CON,away,12.5,-110,163.5,-110,64,77,13,141,1022200189,45,45,1,0,0,1,1,1,1,77,64,-13,90,0,tie,away,45,-0
8/4/2022,401391838,2022,CON,PHO,home,-12.5,-110,163.5,-110,77,64,-13,141,1022200189,45,45,0,1,1,0,0,0,0,77,64,-13,90,0,tie,home,45,0
8/4/2022,401391839,2022,LVA,DAL,away,-8.5,-110,171,-110,80,82,2,162,1022200190,42,35,1,0,0,0,0,0,0,82,80,-2,77,-7,home,away,35,7
8/4/2022,401391839,2022,DAL,LVA,home,8.5,-110,171,-110,82,80,-2,162,1022200190,42,35,0,1,1,1,1,1,1,82,80,-2,77,-7,home,home,42,-7
8/4/2023,401507286,2023,CON,IND,away,-8,-110,160.5,-110,88,72,-16,160,1022300157,33,56,0,1,1,1,1,1,1,72,88,16,89,23,away,away,56,-23
8/4/2023,401507286,2023,IND,CON,home,8,-110,160.5,-110,72,88,16,160,1022300157,33,56,1,0,0,0,0,0,0,72,88,16,89,23,away,home,33,23
8/4/2023,401507287,2023,LAS,WAS,away,3,-110,157,-110,77,79,2,156,1022300158,48,40,0,0,0,0,0,0,0,79,77,-2,88,-8,home,away,40,8
8/4/2023,401507287,2023,WAS,LAS,home,-3,-110,157,-110,79,77,-2,156,1022300158,48,40,1,1,1,1,1,1,1,79,77,-2,88,-8,home,home,48,-8
8/4/2023,401507289,2023,NYL,MIN,away,-9,-110,170.5,-110,76,66,-10,142,1022300160,42,41,0,1,1,1,1,1,0,66,76,10,83,-1,home,away,41,1
8/4/2023,401507289,2023,MIN,NYL,home,9,-110,170.5,-110,66,76,10,142,1022300160,42,41,1,0,0,0,0,0,1,66,76,10,83,-1,home,home,42,-1
8/4/2023,401507288,2023,CHI,DAL,away,10.5,-115,165,-110,104,89,-15,193,1022300159,48,58,1,1,1,1,1,1,1,89,104,15,106,10,away,away,58,-10
8/4/2023,401507288,2023,DAL,CHI,home,-10.5,-105,165,-110,89,104,15,193,1022300159,48,58,0,0,0,0,0,0,0,89,104,15,106,10,away,home,48,10
8/5/2018,401018945,2018,LVA,CON,away,8.5,-110,173,-110,88,109,21,197,1021800165,64,49,0,0,0,0,0,0,0,109,88,-21,113,-15,home,away,49,15
8/5/2018,401018945,2018,CON,LVA,home,-8.5,-110,172.5,-110,109,88,-21,197,1021800165,64,49,1,1,1,1,1,1,1,109,88,-21,113,-15,home,home,64,-15
8/5/2018,401018946,2018,WAS,DAL,away,-3.5,-110,171,-110,76,74,-2,150,1021800166,38,43,0,1,1,0,1,1,1,74,76,2,81,5,away,away,43,-5
8/5/2018,401018946,2018,DAL,WAS,home,3.5,-110,171,-110,74,76,2,150,1021800166,38,43,1,0,0,1,0,0,0,74,76,2,81,5,away,home,38,5
8/5/2018,401018948,2018,ATL,MIN,away,6,-110,155.5,-110,86,66,-20,152,1021800168,34,49,0,1,1,0,1,1,1,66,86,20,83,15,away,away,49,-15
8/5/2018,401018948,2018,MIN,ATL,home,-6,-110,155.5,-110,66,86,20,152,1021800168,34,49,1,0,0,1,0,0,0,66,86,20,83,15,away,home,34,15
8/5/2018,401018947,2018,PHO,LAS,away,7.5,-110,161,-110,75,78,3,153,1021800167,40,30,0,0,0,0,0,0,0,78,75,-3,70,-10,home,away,30,10
8/5/2018,401018947,2018,LAS,PHO,home,-7.5,-110,161,-110,78,75,-3,153,1021800167,40,30,1,1,1,1,1,1,1,78,75,-3,70,-10,home,home,40,-10
8/5/2020,401230765,2020,MIN,NYL,away,-5.5,-110,157,-110,92,66,-26,158,1022001028,39,44,0,1,1,1,1,1,1,66,92,26,83,5,away,away,44,-5
8/5/2020,401230765,2020,NYL,MIN,home,5.5,-110,157,-110,66,92,26,158,1022001028,39,44,1,0,0,0,0,0,0,66,92,26,83,5,away,home,39,5
8/5/2020,401230766,2020,LVA,WAS,away,2.5,-110,176,-110,83,77,-6,160,1022001029,37,35,0,0,0,0,0,0,0,77,83,6,72,-2,home,away,35,2
8/5/2020,401230766,2020,WAS,LVA,home,-2.5,-110,176,-110,77,83,6,160,1022001029,37,35,1,1,1,1,1,1,1,77,83,6,72,-2,home,home,37,-2
8/5/2020,401230767,2020,IND,LAS,away,7.5,-110,163.5,-110,75,86,11,161,1022001030,42,31,0,0,0,0,0,0,0,86,75,-11,73,-11,home,away,31,11
8/5/2020,401230767,2020,LAS,IND,home,-8,-110,163.5,-110,86,75,-11,161,1022001030,42,31,1,1,1,1,1,1,1,86,75,-11,73,-11,home,home,42,-11
8/5/2022,401391840,2022,LAS,ATL,away,5.5,-110,157.5,-110,86,88,2,174,1022200191,47,45,0,0,0,0,0,0,0,88,86,-2,92,-2,home,away,45,2
8/5/2022,401391840,2022,ATL,LAS,home,-5.5,-110,157.5,-110,88,86,-2,174,1022200191,47,45,1,1,1,1,1,1,1,88,86,-2,92,-2,home,home,47,-2
8/5/2022,401391841,2022,WAS,CHI,away,6,-110,160.5,-110,83,93,10,176,1022200192,55,34,0,0,0,0,0,0,0,93,83,-10,89,-21,home,away,34,21
8/5/2022,401391841,2022,CHI,WAS,home,-6,-110,160.5,-110,93,83,-10,176,1022200192,55,34,1,1,1,1,1,1,1,93,83,-10,89,-21,home,home,55,-21
8/5/2023,401507290,2023,SEA,PHO,away,4,-110,159,-115,97,91,-6,188,1022300161,50,41,0,0,0,0,0,0,0,91,97,6,91,-9,home,away,41,9
8/5/2023,401507290,2023,PHO,SEA,home,-4,-110,159,-110,91,97,6,188,1022300161,50,41,1,1,1,1,1,1,1,91,97,6,91,-9,home,home,50,-9
8/6/2018,401018949,2018,SEA,NYL,away,-10,-110,163,-110,96,80,-16,176,1021800169,44,44,0,0,1,1,1,1,0,80,96,16,88,0,tie,away,44,-0
8/6/2018,401018949,2018,NYL,SEA,home,9.5,-110,163,-110,80,96,16,176,1021800169,44,44,1,1,0,0,0,0,1,80,96,16,88,0,tie,home,44,0
8/6/2019,401105044,2019,MIN,ATL,away,-5,-110,145.5,-124,85,69,-16,154,1021900132,41,41,0,0,0,0,0,1,1,69,85,16,82,0,tie,away,41,-0
8/6/2019,401105044,2019,ATL,MIN,home,5,-110,145.5,104,69,85,16,154,1021900132,41,41,1,1,1,1,1,0,0,69,85,16,82,0,tie,home,41,0
8/6/2020,401230768,2020,SEA,ATL,away,-11,-110,157,-110,93,92,-1,185,1022001031,39,54,0,1,1,1,1,1,1,92,93,1,93,15,away,away,54,-15
8/6/2020,401230768,2020,ATL,SEA,home,11,-110,157,-110,92,93,1,185,1022001031,39,54,1,0,0,0,0,0,0,92,93,1,93,15,away,home,39,15
8/6/2020,401230769,2020,CON,DAL,away,-3.5,-110,160,-110,91,68,-23,159,1022001032,31,43,1,1,1,1,1,1,1,68,91,23,74,12,away,away,43,-12
8/6/2020,401230769,2020,DAL,CON,home,3.5,-110,160,-110,68,91,23,159,1022001032,31,43,0,0,0,0,0,0,0,68,91,23,74,12,away,home,31,12
8/6/2020,401230770,2020,CHI,PHO,away,-4.5,-110,176.5,-110,86,96,10,182,1022001033,55,49,1,1,0,0,0,0,0,96,86,-10,104,-6,home,away,49,6
8/6/2020,401230770,2020,PHO,CHI,home,4.5,-110,176.5,-110,96,86,-10,182,1022001033,55,49,0,0,1,1,1,1,1,96,86,-10,104,-6,home,home,55,-6
8/6/2022,401391842,2022,IND,DAL,away,13.5,-115,164.5,-110,91,95,4,186,1022200193,38,50,1,1,1,1,1,1,1,95,91,-4,88,12,away,away,50,-12
8/6/2022,401391842,2022,DAL,IND,home,-13.5,-105,164.5,-110,95,91,-4,186,1022200193,38,50,0,0,0,0,0,0,0,95,91,-4,88,12,away,home,38,12
8/6/2022,401391843,2022,NYL,PHO,away,-5.5,-115,158,-110,62,76,14,138,1022200194,43,34,0,0,0,0,0,0,0,76,62,-14,77,-9,home,away,34,9
8/6/2022,401391843,2022,PHO,NYL,home,5.5,-105,158,-110,76,62,-14,138,1022200194,43,34,1,1,1,1,1,1,1,76,62,-14,77,-9,home,home,43,-9
8/6/2023,401507293,2023,LAS,WAS,away,3,-115,155.5,-110,91,83,-8,174,1022300164,36,43,0,0,1,1,0,1,1,83,91,8,79,7,away,away,43,-7
8/6/2023,401507293,2023,WAS,LAS,home,-3,-110,155.5,-110,83,91,8,174,1022300164,36,43,1,1,0,0,1,0,0,83,91,8,79,7,away,home,36,7
8/6/2023,401507291,2023,IND,ATL,away,8,-110,167,-105,73,82,9,155,1022300162,43,34,0,0,0,0,0,0,0,82,73,-9,77,-9,home,away,34,9
8/6/2023,401507291,2023,ATL,IND,home,-8,-110,167,-115,82,73,-9,155,1022300162,43,34,1,1,1,1,1,1,1,82,73,-9,77,-9,home,home,43,-9
8/6/2023,401507292,2023,LVA,NYL,away,-5,-105,176.5,-110,61,99,38,160,1022300163,49,44,0,0,1,0,0,0,0,99,61,-38,93,-5,home,away,44,5
8/6/2023,401507292,2023,NYL,LVA,home,5,-115,176.5,-110,99,61,-38,160,1022300163,49,44,1,1,0,1,1,1,1,99,61,-38,93,-5,home,home,49,-5
8/6/2023,401507294,2023,CHI,DAL,away,9,-109,166.5,-110,104,96,-8,200,1022300165,37,46,1,1,0,0,1,1,1,96,104,8,83,9,away,away,46,-9
8/6/2023,401507294,2023,DAL,CHI,home,-9,-110,166.5,-110,96,104,8,200,1022300165,37,46,0,0,1,1,0,0,0,96,104,8,83,9,away,home,37,9
8/7/2018,401018950,2018,LVA,ATL,away,8,-110,167.5,-110,100,109,9,209,1021800170,56,60,1,1,1,1,1,0,0,109,100,-9,116,4,away,away,60,-4
8/7/2018,401018950,2018,ATL,LVA,home,-8,-110,167.5,-110,109,100,-9,209,1021800170,56,60,0,0,0,0,0,1,1,109,100,-9,116,4,away,home,56,4
8/7/2018,401018951,2018,SEA,IND,away,-11.5,-110,167,-110,94,79,-15,173,1021800171,44,51,1,0,0,0,1,1,1,79,94,15,95,7,away,away,51,-7
8/7/2018,401018951,2018,IND,SEA,home,11.5,-115,167,-110,79,94,15,173,1021800171,44,51,0,1,1,1,0,0,0,79,94,15,95,7,away,home,44,7
8/7/2018,401018952,2018,MIN,CHI,away,-4,-110,166.5,-110,85,64,-21,149,1021800172,38,39,0,0,0,0,0,0,1,64,85,21,77,1,away,away,39,-1
8/7/2018,401018952,2018,CHI,MIN,home,4,-110,166,-110,64,85,21,149,1021800172,38,39,1,1,1,1,1,1,0,64,85,21,77,1,away,home,38,1
8/7/2018,401018953,2018,WAS,PHO,away,2,-105,171.5,-110,103,98,-5,201,1021800173,50,57,1,1,1,1,1,1,1,98,103,5,107,7,away,away,57,-7
8/7/2018,401018953,2018,PHO,WAS,home,-2,-115,171.5,-110,98,103,5,201,1021800173,50,57,0,0,0,0,0,0,0,98,103,5,107,7,away,home,50,7
8/7/2019,401105045,2019,NYL,CHI,away,7.5,-115,165,-110,92,101,9,193,1021900133,42,49,1,0,1,1,1,1,1,101,92,-9,91,7,away,away,49,-7
8/7/2019,401105045,2019,CHI,NYL,home,-7.5,-105,165,-110,101,92,-9,193,1021900133,42,49,0,1,0,0,0,0,0,101,92,-9,91,7,away,home,42,7
8/7/2020,401230771,2020,IND,MIN,away,5,-105,158.5,-110,80,87,7,167,1022001034,41,34,0,1,1,1,0,0,0,87,80,-7,75,-7,home,away,34,7
8/7/2020,401230771,2020,MIN,IND,home,-5,-115,158,-115,87,80,-7,167,1022001034,41,34,1,0,0,0,1,1,1,87,80,-7,75,-7,home,home,41,-7
8/7/2020,401230772,2020,NYL,WAS,away,16.5,-110,167,-110,74,66,-8,140,1022001035,31,40,0,1,1,1,1,1,1,66,74,8,71,9,away,away,40,-9
8/7/2020,401230772,2020,WAS,NYL,home,-16.5,-110,167,-110,66,74,8,140,1022001035,31,40,1,0,0,0,0,0,0,66,74,8,71,9,away,home,31,9
8/7/2020,401230773,2020,LAS,LVA,away,5,-115,166,-110,82,86,4,168,1022001036,43,42,0,0,0,0,0,0,0,86,82,-4,85,-1,home,away,42,1
8/7/2020,401230773,2020,LVA,LAS,home,-5,-105,166,-110,86,82,-4,168,1022001036,43,42,1,1,1,1,1,1,1,86,82,-4,85,-1,home,home,43,-1
8/7/2022,401391844,2022,CON,CHI,away,4,-110,166.5,-110,91,94,3,185,1022200195,50,46,0,0,0,0,0,0,0,94,91,-3,96,-4,home,away,46,4
8/7/2022,401391844,2022,CHI,CON,home,-4,-110,166.5,-110,94,91,-3,185,1022200195,50,46,1,1,1,1,1,1,1,94,91,-3,96,-4,home,home,50,-4
8/7/2022,401391846,2022,LVA,SEA,away,2.5,-103,166.5,-110,89,81,-8,170,1022200197,43,44,0,1,1,1,1,1,1,81,89,8,87,1,away,away,44,-1
8/7/2022,401391846,2022,SEA,LVA,home,-2.5,-117,166.5,-110,81,89,8,170,1022200197,43,44,1,0,0,0,0,0,0,81,89,8,87,1,away,home,43,1
8/7/2022,401391845,2022,LAS,WAS,away,10.5,-110,159,-110,79,76,-3,155,1022200196,32,40,1,1,1,1,1,1,1,76,79,3,72,8,away,away,40,-8
8/7/2022,401391845,2022,WAS,LAS,home,-10.5,-110,159,-110,76,79,3,155,1022200196,32,40,0,0,0,0,0,0,0,76,79,3,72,8,away,home,32,8
8/7/2022,401391847,2022,ATL,MIN,away,6,-110,162.5,-112,71,81,10,152,1022200198,41,36,0,0,0,0,0,0,0,81,71,-10,77,-5,home,away,36,5
8/7/2022,401391847,2022,MIN,ATL,home,-6,-110,162.5,-108,81,71,-10,152,1022200198,41,36,1,1,1,1,1,1,1,81,71,-10,77,-5,home,home,41,-5
8/8/2018,401018954,2018,LAS,NYL,away,-9,-110,155,-110,82,81,-1,163,1021800174,41,41,0,0,0,0,0,0,1,81,82,1,82,0,tie,away,41,-0
8/8/2018,401018954,2018,NYL,LAS,home,9,-110,155,-110,81,82,1,163,1021800174,41,41,1,1,1,1,1,1,0,81,82,1,82,0,tie,home,41,0
8/8/2018,401018955,2018,CON,DAL,away,-2,-110,175,-110,101,92,-9,193,1021800175,32,48,0,1,1,1,1,1,1,92,101,9,80,16,away,away,48,-16
8/8/2018,401018955,2018,DAL,CON,home,2,-110,175,-110,92,101,9,193,1021800175,32,48,1,0,0,0,0,0,0,92,101,9,80,16,away,home,32,16
8/8/2019,401105046,2019,IND,WAS,away,13,-112,164.5,-110,78,91,13,169,1021900134,44,42,0,0,0,0,0,0,1,91,78,-13,86,-2,home,away,42,2
8/8/2019,401105046,2019,WAS,IND,home,-13,-108,164.5,-110,91,78,-13,169,1021900134,44,42,1,1,1,1,1,1,0,91,78,-13,86,-2,home,home,44,-2
8/8/2019,401105047,2019,PHO,LAS,away,6,-106,152,-110,74,84,10,158,1021900135,44,32,0,0,0,0,0,0,0,84,74,-10,76,-12,home,away,32,12
8/8/2019,401105047,2019,LAS,PHO,home,-6,-114,152,-110,84,74,-10,158,1021900135,44,32,1,1,1,1,1,1,1,84,74,-10,76,-12,home,home,44,-12
8/8/2019,401105048,2019,DAL,SEA,away,9.5,-115,146,-110,57,69,12,126,1021900136,37,38,1,1,1,1,1,1,0,69,57,-12,75,1,away,away,38,-1
8/8/2019,401105048,2019,SEA,DAL,home,-9.5,-105,146,-110,69,57,-12,126,1021900136,37,38,0,0,0,0,0,0,1,69,57,-12,75,1,away,home,37,1
8/8/2020,401230774,2020,ATL,DAL,away,1.5,-110,167,-110,75,85,10,160,1022001037,41,42,0,0,0,0,1,1,1,85,75,-10,83,1,away,away,42,-1
8/8/2020,401230774,2020,DAL,ATL,home,-1.5,-110,165.5,-110,85,75,-10,160,1022001037,41,42,1,1,1,1,0,0,0,85,75,-10,83,1,away,home,41,1
8/8/2020,401230775,2020,PHO,SEA,away,5,-110,166.5,-110,68,74,6,142,1022001038,42,23,1,1,0,0,0,0,0,74,68,-6,65,-19,home,away,23,19
8/8/2020,401230775,2020,SEA,PHO,home,-5,-110,166.5,-110,74,68,-6,142,1022001038,42,23,0,0,1,1,1,1,1,74,68,-6,65,-19,home,home,42,-19
8/8/2020,401230776,2020,CHI,CON,away,-2.5,-115,168.5,-110,100,93,-7,193,1022001039,46,52,1,1,1,1,1,1,1,93,100,7,98,6,away,away,52,-6
8/8/2020,401230776,2020,CON,CHI,home,2.5,-105,167,-115,93,100,7,193,1022001039,46,52,0,0,0,0,0,0,0,93,100,7,98,6,away,home,46,6
8/8/2022,401391848,2022,NYL,DAL,away,4.5,-110,162,-110,77,86,9,163,1022200199,44,38,0,0,0,0,0,0,0,86,77,-9,82,-6,home,away,38,6
8/8/2022,401391848,2022,DAL,NYL,home,-4.5,-110,162,-110,86,77,-9,163,1022200199,44,38,1,1,1,1,1,1,1,86,77,-9,82,-6,home,home,44,-6
8/8/2023,401507295,2023,CON,SEA,away,-7.5,-115,160.5,-110,81,69,-12,150,1022300166,34,50,0,0,0,1,1,1,1,69,81,12,84,16,away,away,50,-16
8/8/2023,401507295,2023,SEA,CON,home,7.5,-105,160.5,-110,69,81,12,150,1022300166,34,50,1,1,1,0,0,0,0,69,81,12,84,16,away,home,34,16
8/8/2023,401507296,2023,LAS,IND,away,-0.5,-110,157.5,-110,87,80,-7,167,1022300167,41,40,1,1,1,0,0,0,0,80,87,7,81,-1,home,away,40,1
8/8/2023,401507296,2023,IND,LAS,home,-0.5,-110,157.5,-110,80,87,7,167,1022300167,41,40,0,0,0,1,1,1,1,80,87,7,81,-1,home,home,41,-1
8/8/2023,401507298,2023,LVA,DAL,away,-8.5,-110,177.5,-110,104,84,-20,188,1022300169,26,54,1,1,1,1,1,1,1,84,104,20,80,28,away,away,54,-28
8/8/2023,401507298,2023,DAL,LVA,home,8.5,-110,177.5,-110,84,104,20,188,1022300169,26,54,0,0,0,0,0,0,0,84,104,20,80,28,away,home,26,28
8/8/2023,401507297,2023,MIN,CHI,away,3,-109,164.5,-110,88,79,-9,167,1022300168,38,45,1,1,1,1,1,1,1,79,88,9,83,7,away,away,45,-7
8/8/2023,401507297,2023,CHI,MIN,home,-3,-111,164.5,-110,79,88,9,167,1022300168,38,45,0,0,0,0,0,0,0,79,88,9,83,7,away,home,38,7
8/8/2023,401507299,2023,WAS,PHO,away,3.5,-110,159.5,-110,72,91,19,163,1022300170,44,34,0,0,0,0,0,0,0,91,72,-19,78,-10,home,away,34,10
8/8/2023,401507299,2023,PHO,WAS,home,-3.5,-110,159.5,-110,91,72,-19,163,1022300170,44,34,1,1,1,1,1,1,1,91,72,-19,78,-10,home,home,44,-10
8/9/2018,401018956,2018,SEA,WAS,away,-0.5,-110,172,-110,77,100,23,177,1021800176,57,40,0,0,0,0,0,0,0,100,77,-23,97,-17,home,away,40,17
8/9/2018,401018956,2018,WAS,SEA,home,-1,-120,172,-110,100,77,-23,177,1021800176,57,40,1,1,1,1,1,1,1,100,77,-23,97,-17,home,home,57,-17
8/9/2018,401018957,2018,LAS,ATL,away,-1.5,-110,155.5,-110,73,79,6,152,1021800177,36,33,1,1,0,1,1,0,0,79,73,-6,69,-3,home,away,33,3
8/9/2018,401018957,2018,ATL,LAS,home,1.5,-110,155.5,-110,79,73,-6,152,1021800177,36,33,0,0,1,0,0,1,1,79,73,-6,69,-3,home,home,36,-3
8/9/2018,401018958,2018,MIN,LVA,away,1.5,-115,167.5,-110,89,73,-16,162,1021800178,37,43,0,0,1,1,1,1,1,73,89,16,80,6,away,away,43,-6
8/9/2018,401018958,2018,LVA,MIN,home,-1.5,-105,167.5,-110,73,89,16,162,1021800178,37,43,1,1,0,0,0,0,0,73,89,16,80,6,away,home,37,6
8/9/2019,401105049,2019,CON,MIN,away,-3,-110,155,-110,57,89,32,146,1021900137,54,25,0,0,0,0,0,0,0,89,57,-32,79,-29,home,away,25,29
8/9/2019,401105049,2019,MIN,CON,home,3,-110,155,-110,89,57,-32,146,1021900137,54,25,1,1,1,1,1,1,1,89,57,-32,79,-29,home,home,54,-29
8/9/2019,401105050,2019,CHI,LVA,away,7,-110,164.5,-110,87,84,-3,171,1021900138,41,48,1,1,1,1,1,1,1,84,87,3,89,7,away,away,48,-7
8/9/2019,401105050,2019,LVA,CHI,home,-7,-110,164.5,-110,84,87,3,171,1021900138,41,48,0,0,0,0,0,0,0,84,87,3,89,7,away,home,41,7
8/9/2020,401230777,2020,LVA,NYL,away,-13.5,-110,164,-110,78,76,-2,154,1022001040,44,37,0,0,0,0,1,0,0,76,78,2,81,-7,home,away,37,7
8/9/2020,401230777,2020,NYL,LVA,home,13.5,-110,164,-110,76,78,2,154,1022001040,44,37,1,1,1,1,0,1,1,76,78,2,81,-7,home,home,44,-7
8/9/2020,401230778,2020,WAS,IND,away,-4,-110,167.5,-110,84,91,7,175,1022001041,52,39,1,0,1,1,1,1,0,91,84,-7,91,-13,home,away,39,13
8/9/2020,401230778,2020,IND,WAS,home,4,-110,167.5,-110,91,84,-7,175,1022001041,52,39,0,1,0,0,0,0,1,91,84,-7,91,-13,home,home,52,-13
8/9/2020,401230779,2020,MIN,LAS,away,8,-110,152,-110,81,97,16,178,1022001042,48,38,0,0,0,0,0,0,0,97,81,-16,86,-10,home,away,38,10
8/9/2020,401230779,2020,LAS,MIN,home,-8,-110,152,-110,97,81,-16,178,1022001042,48,38,1,1,1,1,1,1,1,97,81,-16,86,-10,home,home,48,-10
8/9/2022,401391849,2022,SEA,CHI,away,5,-110,165,-110,111,100,-11,211,1022200200,55,66,1,1,1,1,1,1,1,100,111,11,121,11,away,away,66,-11
8/9/2022,401391849,2022,CHI,SEA,home,-5,-110,165,-110,100,111,11,211,1022200200,55,66,0,0,0,0,0,0,0,100,111,11,121,11,away,home,55,11
8/9/2022,401391850,2022,ATL,LVA,away,13,-110,166.5,-110,90,97,7,187,1022200201,47,44,0,0,1,0,1,0,0,97,90,-7,91,-3,home,away,44,3
8/9/2022,401391850,2022,LVA,ATL,home,-13,-110,166.5,-110,97,90,-7,187,1022200201,47,44,1,1,0,1,0,1,1,97,90,-7,91,-3,home,home,47,-3
8/9/2022,401391851,2022,CON,LAS,away,-8.5,-110,159.5,-110,97,71,-26,168,1022200202,32,53,0,1,1,1,1,1,1,71,97,26,85,21,away,away,53,-21
8/9/2022,401391851,2022,LAS,CON,home,8.5,-110,159.5,-110,71,97,26,168,1022200202,32,53,1,0,0,0,0,0,0,71,97,26,85,21,away,home,32,21
9/1/2019,401105098,2019,PHO,CHI,away,4,-115,169,-110,78,105,27,183,1021900186,54,53,0,0,0,0,0,0,0,105,78,-27,107,-1,home,away,53,1
9/1/2019,401105098,2019,CHI,PHO,home,-4,-110,169,-110,105,78,-27,183,1021900186,54,53,1,1,1,1,1,1,1,105,78,-27,107,-1,home,home,54,-1
9/1/2019,401105100,2019,ATL,SEA,away,8.5,-105,148.5,-110,75,92,17,167,1021900188,53,36,0,0,0,0,0,0,0,92,75,-17,89,-17,home,away,36,17
9/1/2019,401105100,2019,SEA,ATL,home,-8.5,-115,148.5,-110,92,75,-17,167,1021900188,53,36,1,1,1,1,1,1,1,92,75,-17,89,-17,home,home,53,-17
9/1/2019,401105099,2019,IND,MIN,away,9.5,-110,158,-110,73,81,8,154,1021900187,38,41,0,0,1,1,1,1,1,81,73,-8,79,3,away,away,41,-3
9/1/2019,401105099,2019,MIN,IND,home,-9.5,-110,158,-110,81,73,-8,154,1021900187,38,41,1,1,0,0,0,0,0,81,73,-8,79,3,away,home,38,3
9/1/2020,401230848,2020,CON,NYL,away,-11.5,-105,156.5,-110,70,65,-5,135,1022001100,32,29,1,1,1,0,0,1,1,65,70,5,61,-3,home,away,29,3
9/1/2020,401230848,2020,NYL,CON,home,11.5,-115,156.5,-110,65,70,5,135,1022001100,32,29,0,0,0,1,1,0,0,65,70,5,61,-3,home,home,32,-3
9/1/2020,401230849,2020,IND,ATL,away,1.5,-105,167,-110,90,102,12,192,1022001101,43,38,1,0,1,0,0,0,0,102,90,-12,81,-5,home,away,38,5
9/1/2020,401230849,2020,ATL,IND,home,-1.5,-115,167,-110,102,90,-12,192,1022001101,43,38,0,1,0,1,1,1,1,102,90,-12,81,-5,home,home,43,-5
9/1/2020,401230850,2020,PHO,LVA,away,8.5,-110,170.5,-110,92,85,-7,177,1022001102,45,52,1,1,1,1,1,1,1,85,92,7,97,7,away,away,52,-7
9/1/2020,401230850,2020,LVA,PHO,home,-8.5,-110,170,-110,85,92,7,177,1022001102,45,52,0,0,0,0,0,0,0,85,92,7,97,7,away,home,45,7
9/1/2023,401507345,2023,DAL,IND,away,-4.5,-115,170.5,-115,110,100,-10,210,1022300216,46,54,0,0,0,0,1,1,1,100,110,10,100,8,away,away,54,-8
9/1/2023,401507345,2023,IND,DAL,home,4.5,-105,170.5,-110,100,110,10,210,1022300216,46,54,1,1,1,1,0,0,0,100,110,10,100,8,away,home,46,8
9/1/2023,401507346,2023,CON,NYL,away,7.5,-108,160.5,-110,58,89,31,147,1022300217,49,32,0,0,0,0,0,0,0,89,58,-31,81,-17,home,away,32,17
9/1/2023,401507346,2023,NYL,CON,home,-7.5,-112,160.5,-110,89,58,-31,147,1022300217,49,32,1,1,1,1,1,1,1,89,58,-31,81,-17,home,home,49,-17
9/1/2023,401507347,2023,ATL,MIN,away,1.5,-110,164,-110,85,91,6,176,1022300218,43,43,0,0,0,1,1,0,0,91,85,-6,86,0,tie,away,43,-0
9/1/2023,401507347,2023,MIN,ATL,home,-1.5,-110,164,-110,91,85,-6,176,1022300218,43,43,1,1,1,0,0,1,1,91,85,-6,86,0,tie,home,43,0
9/10/2020,401230864,2020,NYL,IND,away,5.5,-112,165,-110,75,85,10,160,1022001124,46,42,1,1,1,1,0,0,0,85,75,-10,88,-4,home,away,42,4
9/10/2020,401230864,2020,IND,NYL,home,-5.5,-108,165,-110,85,75,-10,160,1022001124,46,42,0,0,0,0,1,1,1,85,75,-10,88,-4,home,home,46,-4
9/10/2020,401230865,2020,LVA,MIN,away,-5.5,-110,165.5,-115,104,89,-15,193,1022001125,54,56,1,0,1,1,0,0,1,89,104,15,110,2,away,away,56,-2
9/10/2020,401230865,2020,MIN,LVA,home,5.5,-110,165.5,-105,89,104,15,193,1022001125,54,56,0,1,0,0,1,1,0,89,104,15,110,2,away,home,54,2
9/10/2020,401230866,2020,WAS,LAS,away,7.5,-110,161.5,-115,80,72,-8,152,1022001126,45,39,0,0,0,1,1,1,0,72,80,8,84,-6,home,away,39,6
9/10/2020,401230866,2020,LAS,WAS,home,-7.5,-110,161.5,-110,72,80,8,152,1022001126,45,39,1,1,1,0,0,0,1,72,80,8,84,-6,home,home,45,-6
9/10/2021,401320737,2021,ATL,WAS,away,5,-110,156,-110,74,82,8,156,1022100173,40,34,1,1,0,1,0,0,0,82,74,-8,74,-6,home,away,34,6
9/10/2021,401320737,2021,WAS,ATL,home,-5,-110,156,-110,82,74,-8,156,1022100173,40,34,0,0,1,0,1,1,1,82,74,-8,74,-6,home,home,40,-6
9/10/2021,401320738,2021,IND,MIN,away,11.5,-112,158,-110,72,89,17,161,1022100174,39,34,0,1,1,1,1,0,0,89,72,-17,73,-5,home,away,34,5
9/10/2021,401320738,2021,MIN,IND,home,-11.5,-108,158,-110,89,72,-17,161,1022100174,39,34,1,0,0,0,0,1,1,89,72,-17,73,-5,home,home,39,-5
9/10/2023,401507366,2023,MIN,IND,away,-2.5,-110,165.5,-110,72,87,15,159,1022300237,56,44,0,0,0,0,0,0,0,87,72,-15,100,-12,home,away,44,12
9/10/2023,401507366,2023,IND,MIN,home,2.5,-110,165.5,-110,87,72,-15,159,1022300237,56,44,1,1,1,1,1,1,1,87,72,-15,100,-12,home,home,56,-12
9/10/2023,401507367,2023,WAS,NYL,away,10,-105,162,-112,90,88,-2,178,1022300238,50,50,0,0,0,0,0,0,0,88,90,2,100,0,tie,away,50,-0
9/10/2023,401507367,2023,NYL,WAS,home,-10,-115,162,-108,88,90,2,178,1022300238,50,50,1,1,1,1,1,1,1,88,90,2,100,0,tie,home,50,0
9/10/2023,401507365,2023,CHI,CON,away,9.5,-107,159,-110,102,91,-11,193,1022300236,43,41,1,1,1,1,0,1,0,91,102,11,84,-2,home,away,41,2
9/10/2023,401507365,2023,CON,CHI,home,-9.5,-113,159,-110,91,102,11,193,1022300236,43,41,0,0,0,0,1,0,1,91,102,11,84,-2,home,home,43,-2
9/10/2023,401507364,2023,DAL,ATL,away,1,-110,172,-115,94,77,-17,171,1022300235,39,44,1,1,1,1,1,1,1,77,94,17,83,5,away,away,44,-5
9/10/2023,401507364,2023,ATL,DAL,home,-1,-110,172,-105,77,94,17,171,1022300235,39,44,0,0,0,0,0,0,0,77,94,17,83,5,away,home,39,5
9/10/2023,401507369,2023,LAS,SEA,away,-2,-110,158.5,-115,91,89,-2,180,1022300240,53,44,0,0,0,0,0,0,0,89,91,2,97,-9,home,away,44,9
9/10/2023,401507369,2023,SEA,LAS,home,2,-110,158.5,-105,89,91,2,180,1022300240,53,44,1,1,1,1,1,1,1,89,91,2,97,-9,home,home,53,-9
9/10/2023,401507368,2023,PHO,LVA,away,21,-110,166,-110,85,100,15,185,1022300239,53,41,0,0,0,0,0,0,0,100,85,-15,94,-12,home,away,41,12
9/10/2023,401507368,2023,LVA,PHO,home,-21,-105,166,-110,100,85,-15,185,1022300239,53,41,1,1,1,1,1,1,1,100,85,-15,94,-12,home,home,53,-12
9/11/2019,401165793,2019,PHO,CHI,away,7,-110,171.5,-110,76,105,29,181,1041900101,44,41,0,0,0,0,0,0,0,105,76,-29,85,-3,home,away,41,3
9/11/2019,401165793,2019,CHI,PHO,home,-7,-110,171.5,-110,105,76,-29,181,1041900101,44,41,1,1,1,1,1,1,1,105,76,-29,85,-3,home,home,44,-3
9/11/2019,401165794,2019,MIN,SEA,away,2.5,-115,149.5,-110,74,84,10,158,1041900111,47,41,0,0,0,0,0,0,0,84,74,-10,88,-6,home,away,41,6
9/11/2019,401165794,2019,SEA,MIN,home,-2.5,-105,149.5,-110,84,74,-10,158,1041900111,47,41,1,1,1,1,1,1,1,84,74,-10,88,-6,home,home,47,-6
9/11/2020,401230867,2020,ATL,CON,away,2,-110,166,-115,82,75,-7,157,1022001127,36,33,0,0,0,0,0,0,0,75,82,7,69,-3,home,away,33,3
9/11/2020,401230867,2020,CON,ATL,home,-2,-110,166,-105,75,82,7,157,1022001127,36,33,1,1,1,1,1,1,1,75,82,7,69,-3,home,home,36,-3
9/11/2020,401230868,2020,CHI,DAL,away,-5,-110,172.5,-110,95,88,-7,183,1022001128,44,50,1,0,1,1,0,0,1,88,95,7,94,6,away,away,50,-6
9/11/2020,401230868,2020,DAL,CHI,home,5.5,-115,172.5,-110,88,95,7,183,1022001128,44,50,0,1,0,0,1,1,0,88,95,7,94,6,away,home,44,6
9/11/2020,401230869,2020,SEA,PHO,away,-4.5,-110,166.5,-110,83,60,-23,143,1022001129,26,50,1,1,1,1,1,1,1,60,83,23,76,24,away,away,50,-24
9/11/2020,401230869,2020,PHO,SEA,home,4.5,-110,166.5,-110,60,83,23,143,1022001129,26,50,0,0,0,0,0,0,0,60,83,23,76,24,away,home,26,24
9/11/2021,401320739,2021,NYL,DAL,away,4.5,-110,158.5,-105,76,77,1,153,1022100175,40,41,1,0,0,0,1,0,1,77,76,-1,81,1,away,away,41,-1
9/11/2021,401320739,2021,DAL,NYL,home,-4.5,-110,158.5,-115,77,76,-1,153,1022100175,40,41,0,1,1,1,0,1,0,77,76,-1,81,1,away,home,40,1
9/11/2021,401320740,2021,CON,PHO,away,-3.5,-110,148.5,-110,76,67,-9,143,1022100176,43,49,0,0,1,1,1,1,1,67,76,9,92,6,away,away,49,-6
9/11/2021,401320740,2021,PHO,CON,home,3.5,-110,148.5,-110,67,76,9,143,1022100176,43,49,1,1,0,0,0,0,0,67,76,9,92,6,away,home,43,6
9/11/2022,401455681,2022,CON,LVA,away,6,-110,168,-110,64,67,3,131,1042200301,34,38,0,0,0,0,1,1,1,67,64,-3,72,4,away,away,38,-4
9/11/2022,401455681,2022,LVA,CON,home,-6,-110,168.5,-110,67,64,-3,131,1042200301,34,38,1,1,1,1,0,0,0,67,64,-3,72,4,away,home,34,4
9/12/2018,401079695,2018,SEA,WAS,away,5,-110,168,-110,98,82,-16,180,1041800403,30,47,1,1,1,1,1,1,1,82,98,16,77,17,away,away,47,-17
9/12/2018,401079695,2018,WAS,SEA,home,-5,-110,168,-110,82,98,16,180,1041800403,30,47,0,0,0,0,0,0,0,82,98,16,77,17,away,home,30,17
9/12/2020,401230817,2020,WAS,NYL,away,-8,-110,156,-110,75,58,-17,133,1022001130,29,36,1,1,1,1,1,1,1,58,75,17,65,7,away,away,36,-7
9/12/2020,401230817,2020,NYL,WAS,home,8,-110,156,-110,58,75,17,133,1022001130,29,36,0,0,0,0,0,0,0,58,75,17,65,7,away,home,29,7
9/12/2020,401230818,2020,MIN,IND,away,-5,-110,168,-110,98,86,-12,184,1022001131,48,49,1,1,1,1,1,1,1,86,98,12,97,1,away,away,49,-1
9/12/2020,401230818,2020,IND,MIN,home,5,-110,168,-110,86,98,12,184,1022001131,48,49,0,0,0,0,0,0,0,86,98,12,97,1,away,home,48,1
9/12/2020,401230819,2020,LVA,LAS,away,-4,-110,168,-110,84,70,-14,154,1022001132,35,43,1,1,1,1,1,1,1,70,84,14,78,8,away,away,43,-8
9/12/2020,401230819,2020,LAS,LVA,home,4,-110,168,-110,70,84,14,154,1022001132,35,43,0,0,0,0,0,0,0,70,84,14,78,8,away,home,35,8
9/12/2021,401320741,2021,WAS,CHI,away,8.5,-110,166.5,-110,79,71,-8,150,1022100177,37,47,0,1,1,1,1,1,1,71,79,8,84,10,away,away,47,-10
9/12/2021,401320741,2021,CHI,WAS,home,-8.5,-110,166.5,-110,71,79,8,150,1022100177,37,47,1,0,0,0,0,0,0,71,79,8,84,10,away,home,37,10
9/12/2021,401320742,2021,IND,MIN,away,11.5,-110,159.5,-110,80,90,10,170,1022100178,46,36,0,0,0,0,0,0,0,90,80,-10,82,-10,home,away,36,10
9/12/2021,401320742,2021,MIN,IND,home,-11.5,-110,159.5,-110,90,80,-10,170,1022100178,46,36,1,1,1,1,1,1,1,90,80,-10,82,-10,home,home,46,-10
9/12/2021,401320743,2021,SEA,LAS,away,-6,-110,152,-110,53,81,28,134,1022100179,45,27,0,0,0,0,0,0,0,81,53,-28,72,-18,home,away,27,18
9/12/2021,401320743,2021,LAS,SEA,home,6,-110,152,-110,81,53,-28,134,1022100179,45,27,1,1,1,1,1,1,1,81,53,-28,72,-18,home,home,45,-18
9/13/2021,401320744,2021,DAL,LVA,away,10.5,-110,164,-110,75,85,10,160,1022100180,36,45,1,1,1,1,1,1,1,85,75,-10,81,9,away,away,45,-9
9/13/2021,401320744,2021,LVA,DAL,home,-10.5,-110,164,-110,85,75,-10,160,1022100180,36,45,0,0,0,0,0,0,0,85,75,-10,81,9,away,home,36,9
9/13/2022,401455682,2022,CON,LVA,away,4.5,-110,161.5,-110,71,85,14,156,1042200302,45,37,0,0,0,0,0,0,0,85,71,-14,82,-8,home,away,37,8
9/13/2022,401455682,2022,LVA,CON,home,-4.5,-110,161.5,-110,85,71,-14,156,1042200302,45,37,1,1,1,1,1,1,1,85,71,-14,82,-8,home,home,45,-8
9/13/2023,401578549,2023,MIN,CON,away,9,-107,159.5,-110,60,90,30,150,1042300121,46,32,0,0,0,0,0,0,0,90,60,-30,78,-14,home,away,32,14
9/13/2023,401578549,2023,CON,MIN,home,-9,-113,159.5,-110,90,60,-30,150,1042300121,46,32,1,1,1,1,1,1,1,90,60,-30,78,-14,home,home,46,-14
9/13/2023,401578550,2023,CHI,LVA,away,16.5,-110,172.5,-110,59,87,28,146,1042300101,53,36,0,0,0,0,0,0,0,87,59,-28,89,-17,home,away,36,17
9/13/2023,401578550,2023,LVA,CHI,home,-16.5,-110,172.5,-110,87,59,-28,146,1042300101,53,36,1,1,1,1,1,1,1,87,59,-28,89,-17,home,home,53,-17
9/14/2021,401320745,2021,IND,ATL,away,3.5,-110,154.5,-110,78,85,7,163,1022100181,39,43,1,1,1,1,1,1,1,85,78,-7,82,4,away,away,43,-4
9/14/2021,401320745,2021,ATL,IND,home,-3.5,-110,154.5,-110,85,78,-7,163,1022100181,39,43,0,0,0,0,0,0,0,85,78,-7,82,4,away,home,39,4
9/15/2019,401165795,2019,SEA,LAS,away,7,-110,155,-110,69,92,23,161,1041900201,43,36,0,1,0,0,0,0,0,92,69,-23,79,-7,home,away,36,7
9/15/2019,401165795,2019,LAS,SEA,home,-7,-110,155,-110,92,69,-23,161,1041900201,43,36,1,0,1,1,1,1,1,92,69,-23,79,-7,home,home,43,-7
9/15/2019,401165796,2019,CHI,LVA,away,4,-110,176,-115,92,93,1,185,1041900211,45,51,1,1,1,1,1,1,0,93,92,-1,96,6,away,away,51,-6
9/15/2019,401165796,2019,LVA,CHI,home,-4,-115,176,-106,93,92,-1,185,1041900211,45,51,0,0,0,0,0,0,1,93,92,-1,96,6,away,home,45,6
9/15/2020,401244169,2020,CON,CHI,away,2,-105,165.5,-110,94,81,-13,175,1042000111,41,41,0,0,1,1,1,1,0,81,94,13,82,0,tie,away,41,-0
9/15/2020,401244169,2020,CHI,CON,home,-2,-105,165.5,-110,81,94,13,175,1042000111,41,41,1,1,0,0,0,0,1,81,94,13,82,0,tie,home,41,0
9/15/2020,401244170,2020,WAS,PHO,away,4.5,-110,164.5,-110,84,85,1,169,1042000101,35,46,1,1,1,1,1,1,1,85,84,-1,81,11,away,away,46,-11
9/15/2020,401244170,2020,PHO,WAS,home,-4.5,-110,164.5,-110,85,84,-1,169,1042000101,35,46,0,0,0,0,0,0,0,85,84,-1,81,11,away,home,35,11
9/15/2021,401320746,2021,NYL,CON,away,13,-110,147,-110,69,98,29,167,1022100182,98,69,1,1,1,1,0,1,0,98,69,-29,167,-29,home,away,69,29
9/15/2021,401320746,2021,CON,NYL,home,-13,-110,147,-110,98,69,-29,167,1022100182,98,69,0,0,0,0,1,0,1,98,69,-29,167,-29,home,home,98,-29
9/15/2022,401455683,2022,LVA,CON,away,1,-107,160.5,-110,76,105,29,181,1042200303,53,42,1,1,0,0,0,0,0,105,76,-29,95,-11,home,away,42,11
9/15/2022,401455683,2022,CON,LVA,home,-1,-113,160.5,-110,105,76,-29,181,1042200303,53,42,0,0,1,1,1,1,1,105,76,-29,95,-11,home,home,53,-11
9/15/2023,401578551,2023,WAS,NYL,away,10,-110,163.5,-110,75,90,15,165,1042300111,46,42,1,1,1,1,0,1,0,90,75,-15,88,-4,home,away,42,4
9/15/2023,401578551,2023,NYL,WAS,home,-10,-110,164,-116,90,75,-15,165,1042300111,46,42,0,0,0,0,1,0,1,90,75,-15,88,-4,home,home,46,-4
9/15/2023,401578552,2023,ATL,DAL,away,6,-110,169,-110,82,94,12,176,1042300131,49,49,1,1,1,1,1,1,1,94,82,-12,98,0,tie,away,49,-0
9/15/2023,401578552,2023,DAL,ATL,home,-6,-110,169.5,-112,94,82,-12,176,1042300131,49,49,0,0,0,0,0,0,0,94,82,-12,98,0,tie,home,49,0
9/16/2021,401320747,2021,LAS,ATL,away,-2.5,-110,147.5,-110,74,68,-6,142,1022100183,31,34,0,0,0,1,1,1,1,68,74,6,65,3,away,away,34,-3
9/16/2021,401320747,2021,ATL,LAS,home,2.5,-110,147.5,-110,68,74,6,142,1022100183,31,34,1,1,1,0,0,0,0,68,74,6,65,3,away,home,31,3
9/17/2019,401165802,2019,LAS,CON,away,1.5,-115,162.5,-110,75,84,9,159,1041900311,37,40,1,0,0,0,0,0,1,84,75,-9,77,3,away,away,40,-3
9/17/2019,401165802,2019,CON,LAS,home,-1.5,-105,162.5,-110,84,75,-9,159,1041900311,37,40,0,1,1,1,1,1,0,84,75,-9,77,3,away,home,37,3
9/17/2019,401165797,2019,LVA,WAS,away,10,-105,174,-110,95,97,2,192,1041900301,50,57,1,0,0,0,0,0,0,97,95,-2,107,7,away,away,57,-7
9/17/2019,401165797,2019,WAS,LVA,home,-10,-115,174,-110,97,95,-2,192,1041900301,50,57,0,1,1,1,1,1,1,97,95,-2,107,7,away,home,50,7
9/17/2020,401244171,2020,PHO,MIN,away,4.5,-110,167.5,-110,79,80,1,159,1042000211,37,46,1,1,1,0,1,0,1,80,79,-1,83,9,away,away,46,-9
9/17/2020,401244171,2020,MIN,PHO,home,-4.5,-110,167,100,80,79,-1,159,1042000211,37,46,0,0,0,1,0,1,0,80,79,-1,83,9,away,home,37,9
9/17/2020,401244172,2020,CON,LAS,away,5,-105,159,-110,73,59,-14,132,1042000201,23,39,1,1,1,1,1,1,1,59,73,14,62,16,away,away,39,-16
9/17/2020,401244172,2020,LAS,CON,home,-5,-115,158,-102,59,73,14,132,1042000201,23,39,0,0,0,0,0,0,0,59,73,14,62,16,away,home,23,16
9/17/2021,401320749,2021,WAS,NYL,away,-1.5,-115,163,-110,80,91,11,171,1022100185,46,29,0,0,0,0,0,0,0,91,80,-11,75,-17,home,away,29,17
9/17/2021,401320749,2021,NYL,WAS,home,1.5,-105,163,-110,91,80,-11,171,1022100185,46,29,1,1,1,1,1,1,1,91,80,-11,75,-17,home,home,46,-17
9/17/2021,401320748,2021,MIN,IND,away,-9.5,-110,163,-110,92,73,-19,165,1022100184,44,51,1,1,1,1,1,1,1,73,92,19,95,7,away,away,51,-7
9/17/2021,401320748,2021,IND,MIN,home,9.5,-110,163,-110,73,92,19,165,1022100184,44,51,0,0,0,0,0,0,0,73,92,19,95,7,away,home,44,7
9/17/2021,401320750,2021,LVA,CHI,away,-3.5,-115,171.5,-110,103,70,-33,173,1022100186,39,61,1,0,0,1,1,1,1,70,103,33,100,22,away,away,61,-22
9/17/2021,401320750,2021,CHI,LVA,home,3.5,-105,171.5,-110,70,103,33,173,1022100186,39,61,0,1,1,0,0,0,0,70,103,33,100,22,away,home,39,22
9/17/2021,401320751,2021,PHO,SEA,away,-2.5,-115,156,-110,85,94,9,179,1022100187,61,47,0,0,0,0,0,0,0,94,85,-9,108,-14,home,away,47,14
9/17/2021,401320751,2021,SEA,PHO,home,2.5,-105,156,-110,94,85,-9,179,1022100187,61,47,1,1,1,1,1,1,1,94,85,-9,108,-14,home,home,61,-14
9/17/2023,401578553,2023,MIN,CON,away,9.5,-115,159,-110,82,75,-7,157,1042300122,39,44,1,1,1,1,1,1,1,75,82,7,83,5,away,away,44,-5
9/17/2023,401578553,2023,CON,MIN,home,-9.5,-105,159,-110,75,82,7,157,1042300122,39,44,0,0,0,0,0,0,0,75,82,7,83,5,away,home,39,5
9/17/2023,401578554,2023,CHI,LVA,away,17.5,-105,170.5,-110,70,92,22,162,1042300102,44,29,0,0,0,0,0,0,0,92,70,-22,73,-15,home,away,29,15
9/17/2023,401578554,2023,LVA,CHI,home,-17.5,-115,170.5,-110,92,70,-22,162,1042300102,44,29,1,1,1,1,1,1,1,92,70,-22,73,-15,home,home,44,-15
9/18/2022,401455684,2022,LVA,CON,away,-1.5,-110,163,-110,78,71,-7,149,1042200304,28,30,1,1,1,1,1,1,0,71,78,7,58,2,away,away,30,-2
9/18/2022,401455684,2022,CON,LVA,home,1.5,-110,163,-110,71,78,7,149,1042200304,28,30,0,0,0,0,0,0,1,71,78,7,58,2,away,home,28,2
9/19/2019,401165803,2019,LAS,CON,away,1.5,-110,163,-110,68,94,26,162,1041900312,41,40,1,1,1,1,1,1,1,94,68,-26,81,-1,home,away,40,1
9/19/2019,401165803,2019,CON,LAS,home,-1.5,-110,163,-110,94,68,-26,162,1041900312,41,40,0,0,0,0,0,0,0,94,68,-26,81,-1,home,home,41,-1
9/19/2019,401165798,2019,LVA,WAS,away,10,-115,179,-110,91,103,12,194,1041900302,50,49,1,0,0,0,0,0,0,103,91,-12,99,-1,home,away,49,1
9/19/2019,401165798,2019,WAS,LVA,home,-10,-105,178.5,-115,103,91,-12,194,1041900302,50,49,0,1,1,1,1,1,1,103,91,-12,99,-1,home,home,50,-1
9/19/2021,401320752,2021,ATL,CON,away,13,-110,150,-110,64,84,20,148,1022100188,46,37,0,0,0,0,0,0,0,84,64,-20,83,-9,home,away,37,9
9/19/2021,401320752,2021,CON,ATL,home,-13,-110,150,-110,84,64,-20,148,1022100188,46,37,1,1,1,1,1,1,1,84,64,-20,83,-9,home,home,46,-9
9/19/2021,401320754,2021,MIN,WAS,away,-5.5,-105,164,-115,83,77,-6,160,1022100190,41,41,1,1,1,1,1,1,0,77,83,6,82,0,tie,away,41,-0
9/19/2021,401320754,2021,WAS,MIN,home,5.5,-115,164,-105,77,83,6,160,1022100190,41,41,0,0,0,0,0,0,1,77,83,6,82,0,tie,home,41,0
9/19/2021,401320753,2021,LVA,PHO,away,-3.5,-110,168,-110,84,83,-1,167,1022100189,47,43,1,0,0,0,0,0,0,83,84,1,90,-4,home,away,43,4
9/19/2021,401320753,2021,PHO,LVA,home,3.5,-110,168,-110,83,84,1,167,1022100189,47,43,0,1,1,1,1,1,1,83,84,1,90,-4,home,home,47,-4
9/19/2021,401320755,2021,LAS,DAL,away,3,-110,147.5,-110,84,87,3,171,1022100191,44,41,1,0,0,0,0,1,0,87,84,-3,85,-3,home,away,41,3
9/19/2021,401320755,2021,DAL,LAS,home,-3,-110,147.5,-110,87,84,-3,171,1022100191,44,41,0,1,1,1,1,0,1,87,84,-3,85,-3,home,home,44,-3
9/19/2021,401320756,2021,IND,CHI,away,12.5,-110,166,-110,87,98,11,185,1022100192,46,46,0,0,1,0,0,0,1,98,87,-11,92,0,tie,away,46,-0
9/19/2021,401320756,2021,CHI,IND,home,-12.5,-110,166,-110,98,87,-11,185,1022100192,46,46,1,1,0,1,1,1,0,98,87,-11,92,0,tie,home,46,0
9/19/2023,401578556,2023,ATL,DAL,away,7,-110,169.5,-105,74,101,27,175,1042300132,52,34,0,1,1,0,0,0,0,101,74,-27,86,-18,home,away,34,18
9/19/2023,401578556,2023,DAL,ATL,home,-7,-110,169.5,-115,101,74,-27,175,1042300132,52,34,1,0,0,1,1,1,1,101,74,-27,86,-18,home,home,52,-18
9/19/2023,401578555,2023,WAS,NYL,away,10.5,-110,162,-110,85,90,5,175,1042300112,46,35,1,1,0,0,0,0,0,90,85,-5,81,-11,home,away,35,11
9/19/2023,401578555,2023,NYL,WAS,home,-10.5,-110,162,-110,90,85,-5,175,1042300112,46,35,0,0,1,1,1,1,1,90,85,-5,81,-11,home,home,46,-11
9/2/2018,401074463,2018,PHO,SEA,home,-3.5,-110,170.5,-110,86,84,-2,170,1041800304,42,53,0,0,0,0,0,0,0,86,84,-2,95,11,away,home,42,11
9/2/2018,401074463,2018,SEA,PHO,away,3,-117,170.5,-110,84,86,2,170,1041800304,42,53,1,1,1,1,1,1,1,86,84,-2,95,11,away,away,53,-11
9/2/2018,401074462,2018,WAS,ATL,home,-4,-110,162,-110,97,76,-21,173,1041800314,44,35,0,1,1,1,1,1,1,97,76,-21,79,-9,home,home,44,-9
9/2/2018,401074462,2018,ATL,WAS,away,4,-115,162,-110,76,97,21,173,1041800314,44,35,1,0,0,0,0,0,0,97,76,-21,79,-9,home,away,35,9
9/2/2020,401230851,2020,MIN,CHI,away,3,-105,167.5,-110,86,83,-3,169,1022001103,40,50,1,1,1,1,1,1,1,83,86,3,90,10,away,away,50,-10
9/2/2020,401230851,2020,CHI,MIN,home,-3,-115,167.5,-110,83,86,3,169,1022001103,40,50,0,0,0,0,0,0,0,83,86,3,90,10,away,home,40,10
9/2/2020,401230809,2020,LAS,DAL,away,-6.5,-105,164,-110,91,83,-8,174,1022001104,39,48,0,0,0,0,0,1,1,83,91,8,87,9,away,away,48,-9
9/2/2020,401230809,2020,DAL,LAS,home,6.5,-115,164,-110,83,91,8,174,1022001104,39,48,1,1,1,1,1,0,0,83,91,8,87,9,away,home,39,9
9/2/2020,401230852,2020,WAS,SEA,away,15,-110,160,-110,64,71,7,135,1022001105,38,30,0,0,0,0,0,0,0,71,64,-7,68,-8,home,away,30,8
9/2/2020,401230852,2020,SEA,WAS,home,-15,-110,160,-110,71,64,-7,135,1022001105,38,30,1,1,1,1,1,1,1,71,64,-7,68,-8,home,home,38,-8
9/2/2021,401320723,2021,ATL,DAL,away,6.5,-105,159,-110,68,72,4,140,1022100159,36,31,0,0,0,1,1,0,0,72,68,-4,67,-5,home,away,31,5
9/2/2021,401320723,2021,DAL,ATL,home,-6.5,-115,159,-110,72,68,-4,140,1022100159,36,31,1,1,1,0,0,1,1,72,68,-4,67,-5,home,home,36,-5
9/2/2021,401320724,2021,LAS,MIN,away,7.5,-110,152,-110,57,66,9,123,1022100160,35,41,0,0,1,1,1,1,1,66,57,-9,76,6,away,away,41,-6
9/2/2021,401320724,2021,MIN,LAS,home,-7.5,-110,152,-110,66,57,-9,123,1022100160,35,41,1,1,0,0,0,0,0,66,57,-9,76,6,away,home,35,6
9/2/2021,401320726,2021,NYL,SEA,away,12,-110,163.5,-110,75,85,10,160,1022100162,40,45,0,0,0,1,1,1,1,85,75,-10,85,5,away,away,45,-5
9/2/2021,401320726,2021,SEA,NYL,home,-12,-110,163.5,-110,85,75,-10,160,1022100162,40,45,1,1,1,0,0,0,0,85,75,-10,85,5,away,home,40,5
9/2/2021,401320725,2021,CHI,LVA,away,3.5,-115,171,-110,83,90,7,173,1022100161,52,36,0,0,0,0,0,0,0,90,83,-7,88,-16,home,away,36,16
9/2/2021,401320725,2021,LVA,CHI,home,-3.5,-105,171,-110,90,83,-7,173,1022100161,52,36,1,1,1,1,1,1,1,90,83,-7,88,-16,home,home,52,-16
9/2/2023,401507348,2023,SEA,LVA,away,20,-114,170,-110,77,103,26,180,1022300219,49,43,0,0,0,0,0,0,0,103,77,-26,92,-6,home,away,43,6
9/2/2023,401507348,2023,LVA,SEA,home,-20,-106,170,-110,103,77,-26,180,1022300219,49,43,1,1,1,1,1,1,1,103,77,-26,92,-6,home,home,49,-6
9/20/2020,401244173,2020,CON,LVA,away,6,-110,162.5,-110,87,62,-25,149,1042000301,25,36,0,1,1,1,1,1,1,62,87,25,61,11,away,away,36,-11
9/20/2020,401244173,2020,LVA,CON,home,-6,-110,162.5,-110,62,87,25,149,1042000301,25,36,1,0,0,0,0,0,0,62,87,25,61,11,away,home,25,11
9/20/2023,401578557,2023,CON,MIN,away,-5.5,-117,155,-110,90,75,-15,165,1042300123,34,49,1,1,1,1,1,1,1,75,90,15,83,15,away,away,49,-15
9/20/2023,401578557,2023,MIN,CON,home,5.5,-110,155,-110,75,90,15,165,1042300123,34,49,0,0,0,0,0,0,0,75,90,15,83,15,away,home,34,15
9/22/2019,401165892,2019,CON,LAS,away,5.5,-105,162,-110,78,56,-22,134,1041900313,32,40,1,0,1,1,1,1,1,56,78,22,72,8,away,away,40,-8
9/22/2019,401165892,2019,LAS,CON,home,-5.5,-115,162,-110,56,78,22,134,1041900313,32,40,0,1,0,0,0,0,0,56,78,22,72,8,away,home,32,8
9/22/2019,401165887,2019,WAS,LVA,away,-4,-110,181.5,-110,75,92,17,167,1041900303,47,37,0,0,1,0,1,0,0,92,75,-17,84,-10,home,away,37,10
9/22/2019,401165887,2019,LVA,WAS,home,4,-110,181.5,-110,92,75,-17,167,1041900303,47,37,1,1,0,1,0,1,1,92,75,-17,84,-10,home,home,47,-10
9/22/2020,401244175,2020,MIN,SEA,away,9,-110,163,-110,86,88,2,174,1042000311,50,45,1,1,1,1,1,1,1,88,86,-2,95,-5,home,away,45,5
9/22/2020,401244175,2020,SEA,MIN,home,-9,-110,163,-110,88,86,-2,174,1042000311,50,45,0,0,0,0,0,0,0,88,86,-2,95,-5,home,home,50,-5
9/22/2020,401244176,2020,CON,LVA,away,5.5,-110,161,-110,75,83,8,158,1042000302,38,39,0,0,1,1,1,1,0,83,75,-8,77,1,away,away,39,-1
9/22/2020,401244176,2020,LVA,CON,home,-5.5,-110,161,-110,83,75,-8,158,1042000302,38,39,1,1,0,0,0,0,1,83,75,-8,77,1,away,home,38,1
9/23/2021,401370430,2021,DAL,CHI,away,5,-110,167,-110,64,81,17,145,1042100111,44,29,0,0,0,0,0,0,0,81,64,-17,73,-15,home,away,29,15
9/23/2021,401370430,2021,CHI,DAL,home,-5,-110,167,-110,81,64,-17,145,1042100111,44,29,1,1,1,1,1,1,1,81,64,-17,73,-15,home,home,44,-15
9/23/2021,401370431,2021,NYL,PHO,away,10,-105,165,-110,82,83,1,165,1042100101,37,41,0,0,0,1,1,1,1,83,82,-1,78,4,away,away,41,-4
9/23/2021,401370431,2021,PHO,NYL,home,-10,-115,165,-110,83,82,-1,165,1042100101,37,41,1,1,1,0,0,0,0,83,82,-1,78,4,away,home,37,4
9/24/2019,401165888,2019,WAS,LVA,away,-4.5,-110,180.5,-110,94,90,-4,184,1041900304,43,45,1,0,0,0,0,0,0,90,94,4,88,2,away,away,45,-2
9/24/2019,401165888,2019,LVA,WAS,home,4.5,-110,180.5,-110,90,94,4,184,1041900304,43,45,0,1,1,1,1,1,1,90,94,4,88,2,away,home,43,2
9/24/2020,401244177,2020,LVA,CON,away,-6,-110,160.5,-110,68,77,9,145,1042000303,38,32,1,1,0,1,0,0,0,77,68,-9,70,-6,home,away,32,6
9/24/2020,401244177,2020,CON,LVA,home,6,-110,160.5,-110,77,68,-9,145,1042000303,38,32,0,0,1,0,1,1,1,77,68,-9,70,-6,home,home,38,-6
9/24/2020,401244178,2020,MIN,SEA,away,8,-105,164,-110,79,89,10,168,1042000312,46,33,1,0,0,0,0,0,0,89,79,-10,79,-13,home,away,33,13
9/24/2020,401244178,2020,SEA,MIN,home,-8,-115,164,-110,89,79,-10,168,1042000312,46,33,0,1,1,1,1,1,1,89,79,-10,79,-13,home,home,46,-13
9/24/2023,401578561,2023,CON,NYL,away,8.5,-112,162,-115,78,63,-15,141,1042300211,40,37,1,1,1,1,1,1,0,63,78,15,77,-3,home,away,37,3
9/24/2023,401578561,2023,NYL,CON,home,-8.5,-108,162,-105,63,78,15,141,1042300211,40,37,0,0,0,0,0,0,1,63,78,15,77,-3,home,home,40,-3
9/24/2023,401578562,2023,DAL,LVA,away,10,-110,174,-110,83,97,14,180,1042300201,49,45,0,0,0,0,0,0,0,97,83,-14,94,-4,home,away,45,4
9/24/2023,401578562,2023,LVA,DAL,home,-10,-110,174,-110,97,83,-14,180,1042300201,49,45,1,1,1,1,1,1,1,97,83,-14,94,-4,home,home,49,-4
9/26/2021,401370432,2021,CHI,MIN,away,4,-110,166,-110,89,76,-13,165,1042100201,38,42,0,0,0,0,1,1,1,76,89,13,80,4,away,away,42,-4
9/26/2021,401370432,2021,MIN,CHI,home,-4,-110,166,-110,76,89,13,165,1042100201,38,42,1,1,1,1,0,0,0,76,89,13,80,4,away,home,38,4
9/26/2021,401370433,2021,PHO,SEA,away,-3.5,-110,159.5,-110,85,80,-5,165,1042100211,35,32,1,1,1,1,1,0,0,80,85,5,67,-3,home,away,32,3
9/26/2021,401370433,2021,SEA,PHO,home,3.5,-110,159.5,-110,80,85,5,165,1042100211,35,32,0,0,0,0,0,1,1,80,85,5,67,-3,home,home,35,-3
9/26/2023,401578563,2023,CON,NYL,away,9.5,-110,159,-115,77,84,7,161,1042300212,38,42,0,0,1,1,1,1,1,84,77,-7,80,4,away,away,42,-4
9/26/2023,401578563,2023,NYL,CON,home,-9.5,-110,159,-105,84,77,-7,161,1042300212,38,42,1,1,0,0,0,0,0,84,77,-7,80,4,away,home,38,4
9/26/2023,401578564,2023,DAL,LVA,away,10.5,-108,175,-110,84,91,7,175,1042300202,44,37,0,0,0,0,0,0,0,91,84,-7,81,-7,home,away,37,7
9/26/2023,401578564,2023,LVA,DAL,home,-10.5,-112,175,-110,91,84,-7,175,1042300202,44,37,1,1,1,1,1,1,1,91,84,-7,81,-7,home,home,44,-7
9/27/2020,401244179,2020,LVA,CON,away,-2.5,-110,156.5,-110,84,75,-9,159,1042000304,38,37,1,1,0,0,0,0,1,75,84,9,75,-1,home,away,37,1
9/27/2020,401244179,2020,CON,LVA,home,2.5,-110,156.5,-110,75,84,9,159,1042000304,38,37,0,0,1,1,1,1,0,75,84,9,75,-1,home,home,38,-1
9/27/2020,401244180,2020,SEA,MIN,away,-8.5,-105,165,-110,92,71,-21,163,1042000313,31,46,1,1,1,1,1,1,1,71,92,21,77,15,away,away,46,-15
9/27/2020,401244180,2020,MIN,SEA,home,8.5,-115,165,-110,71,92,21,163,1042000313,31,46,0,0,0,0,0,0,0,71,92,21,77,15,away,home,31,15
9/28/2021,401370434,2021,CHI,CON,away,7.5,-110,154,-110,101,95,-6,196,1042100301,46,47,1,1,1,1,1,0,0,95,101,6,93,1,away,away,47,-1
9/28/2021,401370434,2021,CON,CHI,home,-7.5,-110,154,-110,95,101,6,196,1042100301,46,47,0,0,0,0,0,1,1,95,101,6,93,1,away,home,46,1
9/28/2021,401370435,2021,PHO,LVA,away,6.5,-110,169.5,-110,90,96,6,186,1042100311,52,49,1,1,1,1,1,1,0,96,90,-6,101,-3,home,away,49,3
9/28/2021,401370435,2021,LVA,PHO,home,-6.5,-110,169.5,-110,96,90,-6,186,1042100311,52,49,0,0,0,0,0,0,1,96,90,-6,101,-3,home,home,52,-3
9/29/2019,401165807,2019,CON,WAS,away,8.5,-113,167,-110,86,95,9,181,1041900401,55,46,0,0,0,0,0,0,0,95,86,-9,101,-9,home,away,46,9
9/29/2019,401165807,2019,WAS,CON,home,-8.5,-110,167,-110,95,86,-9,181,1041900401,55,46,1,1,1,1,1,1,1,95,86,-9,101,-9,home,home,55,-9
9/29/2020,401248413,2020,CON,LVA,away,3,-110,157,-110,63,66,3,129,1042000305,39,45,1,1,1,1,1,1,1,66,63,-3,84,6,away,away,45,-6
9/29/2020,401248413,2020,LVA,CON,home,-2.5,-115,157,-110,66,63,-3,129,1042000305,39,45,0,0,0,0,0,0,0,66,63,-3,84,6,away,home,39,6
9/29/2023,401578565,2023,NYL,CON,away,-4.5,100,158.5,-110,92,81,-11,173,1042300213,40,54,1,1,1,1,1,1,1,81,92,11,94,14,away,away,54,-14
9/29/2023,401578565,2023,CON,NYL,home,4.5,-120,159,-105,81,92,11,173,1042300213,40,54,0,0,0,0,0,0,0,81,92,11,94,14,away,home,40,14
9/29/2023,401578566,2023,LVA,DAL,away,-6.5,-112,175,-105,64,61,-3,125,1042300203,36,31,1,1,0,0,0,0,1,61,64,3,67,-5,home,away,31,5
9/29/2023,401578566,2023,DAL,LVA,home,6.5,-108,175,-115,61,64,3,125,1042300203,36,31,0,0,1,1,1,1,0,61,64,3,67,-5,home,home,36,-5
9/3/2019,401105101,2019,WAS,NYL,away,-14.5,-110,172.5,-110,93,77,-16,170,1021900189,40,58,1,1,1,1,1,1,1,77,93,16,98,18,away,away,58,-18
9/3/2019,401105101,2019,NYL,WAS,home,14.5,-115,172.5,-110,77,93,16,170,1021900189,40,58,0,0,0,0,0,0,0,77,93,16,98,18,away,home,40,18
9/3/2019,401105102,2019,SEA,PHO,away,5.5,-110,154,-110,82,70,-12,152,1021900190,35,50,1,1,1,1,1,1,1,70,82,12,85,15,away,away,50,-15
9/3/2019,401105102,2019,PHO,SEA,home,-5.5,-110,154.5,-110,70,82,12,152,1021900190,35,50,0,0,0,0,0,0,0,70,82,12,85,15,away,home,35,15
9/3/2019,401105103,2019,ATL,LAS,away,10.5,-110,158.5,-110,60,70,10,130,1021900191,34,35,1,1,1,1,0,1,0,70,60,-10,69,1,away,away,35,-1
9/3/2019,401105103,2019,LAS,ATL,home,-10.5,-110,158.5,-110,70,60,-10,130,1021900191,34,35,0,0,0,0,1,0,1,70,60,-10,69,1,away,home,34,1
9/3/2020,401230810,2020,ATL,NYL,away,-6.5,-110,165.5,-110,62,56,-6,118,1022001106,29,31,0,0,0,1,1,1,1,56,62,6,60,2,away,away,31,-2
9/3/2020,401230810,2020,NYL,ATL,home,6.5,-110,165.5,-110,56,62,6,118,1022001106,29,31,1,1,1,0,0,0,0,56,62,6,60,2,away,home,29,2
9/3/2020,401230811,2020,LVA,CON,away,-9,-110,159.5,-110,93,78,-15,171,1022001107,36,43,0,1,1,1,1,1,1,78,93,15,79,7,away,away,43,-7
9/3/2020,401230811,2020,CON,LVA,home,9,-110,159.5,-110,78,93,15,171,1022001107,36,43,1,0,0,0,0,0,0,78,93,15,79,7,away,home,36,7
9/3/2020,401230812,2020,IND,PHO,away,7,-105,173.5,-110,81,105,24,186,1022001108,54,46,0,0,0,0,0,0,0,105,81,-24,100,-8,home,away,46,8
9/3/2020,401230812,2020,PHO,IND,home,-7,-115,173.5,-110,105,81,-24,186,1022001108,54,46,1,1,1,1,1,1,1,105,81,-24,100,-8,home,home,54,-8
9/3/2023,401507349,2023,NYL,CHI,away,-8.5,-107,164.5,-110,86,69,-17,155,1022300220,36,41,0,1,1,1,1,1,1,69,86,17,77,5,away,away,41,-5
9/3/2023,401507349,2023,CHI,NYL,home,8.5,-113,164.5,-110,69,86,17,155,1022300220,36,41,1,0,0,0,0,0,0,69,86,17,77,5,away,home,36,5
9/3/2023,401507350,2023,IND,DAL,away,9,-105,171,-110,97,84,-13,181,1022300221,36,39,1,1,1,1,1,1,1,84,97,13,75,3,away,away,39,-3
9/3/2023,401507350,2023,DAL,IND,home,-9,-115,171,-110,84,97,13,181,1022300221,36,39,0,0,0,0,0,0,0,84,97,13,75,3,away,home,36,3
9/3/2023,401507351,2023,PHO,MIN,away,8,-110,157,-112,73,86,13,159,1022300222,41,41,1,0,1,1,1,1,0,86,73,-13,82,0,tie,away,41,-0
9/3/2023,401507351,2023,MIN,PHO,home,-8,-110,157,-108,86,73,-13,159,1022300222,41,41,0,1,0,0,0,0,1,86,73,-13,82,0,tie,home,41,0
9/3/2023,401507352,2023,WAS,LAS,away,-3.5,-127,157.5,-110,64,72,8,136,1022300223,38,34,0,0,1,0,0,0,0,72,64,-8,72,-4,home,away,34,4
9/3/2023,401507352,2023,LAS,WAS,home,3.5,107,157.5,-110,72,64,-8,136,1022300223,38,34,1,1,0,1,1,1,1,72,64,-8,72,-4,home,home,38,-4
9/30/2021,401370436,2021,CHI,CON,away,8,-110,155.5,-110,68,79,11,147,1042100302,45,39,1,1,1,1,1,1,0,79,68,-11,84,-6,home,away,39,6
9/30/2021,401370436,2021,CON,CHI,home,-8,-110,155.5,-110,79,68,-11,147,1042100302,45,39,0,0,0,0,0,0,1,79,68,-11,84,-6,home,home,45,-6
9/30/2021,401370437,2021,PHO,LVA,away,6,-110,170.5,-110,117,91,-26,208,1042100312,52,68,1,1,1,1,1,1,1,91,117,26,120,16,away,away,68,-16
9/30/2021,401370437,2021,LVA,PHO,home,-6,-110,170.5,-110,91,117,26,208,1042100312,52,68,0,0,0,0,0,0,0,91,117,26,120,16,away,home,52,16
9/4/2018,401074464,2018,PHO,SEA,away,5.5,-110,171.5,-110,84,94,10,178,1041800305,41,46,1,1,1,1,1,1,1,94,84,-10,87,5,away,away,46,-5
9/4/2018,401074464,2018,SEA,PHO,home,-5.5,-110,171.5,-110,94,84,-10,178,1041800305,41,46,0,0,0,0,0,0,0,94,84,-10,87,5,away,home,41,5
9/4/2018,401074465,2018,WAS,ATL,away,-4,-110,159,-110,86,81,-5,167,1041800315,50,49,1,1,1,0,1,0,1,81,86,5,99,-1,home,away,49,1
9/4/2018,401074465,2018,ATL,WAS,home,4,-110,159,-110,81,86,5,167,1041800315,50,49,0,0,0,1,0,1,0,81,86,5,99,-1,home,home,50,-1
9/4/2019,401105104,2019,DAL,CON,away,11,-110,156,-110,72,102,30,174,1021900192,49,26,0,0,0,0,0,0,0,102,72,-30,75,-23,home,away,26,23
9/4/2019,401105104,2019,CON,DAL,home,-11,-110,156,-110,102,72,-30,174,1021900192,49,26,1,1,1,1,1,1,1,102,72,-30,75,-23,home,home,49,-23
9/4/2020,401230853,2020,CHI,WAS,away,-8.5,-110,165.5,-112,69,79,10,148,1022001109,45,40,0,0,0,0,0,0,0,79,69,-10,85,-5,home,away,40,5
9/4/2020,401230853,2020,WAS,CHI,home,8.5,-110,165.5,-110,79,69,-10,148,1022001109,45,40,1,1,1,1,1,1,1,79,69,-10,85,-5,home,home,45,-5
9/4/2020,401230854,2020,MIN,DAL,away,-4,-110,165.5,-110,88,75,-13,163,1022001110,49,41,1,1,1,1,0,0,0,75,88,13,90,-8,home,away,41,8
9/4/2020,401230854,2020,DAL,MIN,home,4,-110,165,-104,75,88,13,163,1022001110,49,41,0,0,0,0,1,1,1,75,88,13,90,-8,home,home,49,-8
9/4/2020,401230813,2020,SEA,LAS,away,-6.5,-115,161,-120,90,89,-1,179,1022001111,49,45,0,0,0,0,0,0,0,89,90,1,94,-4,home,away,45,4
9/4/2020,401230813,2020,LAS,SEA,home,6.5,-105,161,100,89,90,1,179,1022001111,49,45,1,1,1,1,1,1,1,89,90,1,94,-4,home,home,49,-4
9/4/2021,401320727,2021,PHO,IND,away,-7.5,-110,160,-110,87,65,-22,152,1022100163,44,40,1,1,0,0,0,0,0,65,87,22,84,-4,home,away,40,4
9/4/2021,401320727,2021,IND,PHO,home,7.5,-110,160,-110,65,87,22,152,1022100163,44,40,0,0,1,1,1,1,1,65,87,22,84,-4,home,home,44,-4
9/4/2021,401320728,2021,WAS,MIN,away,7.5,-110,159.5,-110,75,93,18,168,1022100164,50,35,0,0,0,0,0,0,0,93,75,-18,85,-15,home,away,35,15
9/4/2021,401320728,2021,MIN,WAS,home,-7.5,-110,159.5,-110,93,75,-18,168,1022100164,50,35,1,1,1,1,1,1,1,93,75,-18,85,-15,home,home,50,-15
9/4/2022,401455675,2022,CHI,CON,away,0.5,-110,162,-110,76,72,-4,148,1042200213,38,40,1,0,0,0,0,0,1,72,76,4,78,2,away,away,40,-2
9/4/2022,401455675,2022,CON,CHI,home,-0.5,-110,162,-110,72,76,4,148,1042200213,38,40,0,1,1,1,1,1,0,72,76,4,78,2,away,home,38,2
9/4/2022,401455676,2022,LVA,SEA,away,1,-110,165,-110,110,98,-12,208,1042200203,40,48,1,1,1,1,1,1,1,98,110,12,88,8,away,away,48,-8
9/4/2022,401455676,2022,SEA,LVA,home,-1,-110,165,-110,98,110,12,208,1042200203,40,48,0,0,0,0,0,0,0,98,110,12,88,8,away,home,40,8
9/5/2019,401105105,2019,LVA,ATL,away,-11.5,-110,162.5,-115,74,78,4,152,1021900193,37,42,1,1,1,1,1,1,1,78,74,-4,79,5,away,away,42,-5
9/5/2019,401105105,2019,ATL,LVA,home,11.5,-110,162.5,-105,78,74,-4,152,1021900193,37,42,0,0,0,0,0,0,0,78,74,-4,79,5,away,home,37,5
9/5/2019,401105106,2019,SEA,LAS,away,6.5,-110,155,-110,68,102,34,170,1021900194,50,35,1,1,0,0,0,0,0,102,68,-34,85,-15,home,away,35,15
9/5/2019,401105106,2019,LAS,SEA,home,-6.5,-110,155,-110,102,68,-34,170,1021900194,50,35,0,0,1,1,1,1,1,102,68,-34,85,-15,home,home,50,-15
9/5/2020,401230855,2020,CON,IND,away,-7,-110,160.5,-110,96,77,-19,173,1022001112,37,47,1,1,1,1,1,1,1,77,96,19,84,10,away,away,47,-10
9/5/2020,401230855,2020,IND,CON,home,7,-110,160.5,-110,77,96,19,173,1022001112,37,47,0,0,0,0,0,0,0,77,96,19,84,10,away,home,37,10
9/5/2020,401230814,2020,LVA,ATL,away,-10.5,-110,170,-110,89,79,-10,168,1022001113,44,45,0,0,0,0,1,0,0,79,89,10,89,1,away,away,45,-1
9/5/2020,401230814,2020,ATL,LVA,home,10.5,-110,170,-110,79,89,10,168,1022001113,44,45,1,1,1,1,0,1,1,79,89,10,89,1,away,home,44,1
9/5/2020,401230815,2020,NYL,PHO,away,12.5,-105,167.5,-108,67,83,16,150,1022001114,45,38,0,0,0,1,1,0,0,83,67,-16,83,-7,home,away,38,7
9/5/2020,401230815,2020,PHO,NYL,home,-12.5,-115,167.5,-112,83,67,-16,150,1022001114,45,38,1,1,1,0,0,1,1,83,67,-16,83,-7,home,home,45,-7
9/5/2021,401320729,2021,LVA,CHI,away,-2,-105,169.5,-110,84,92,8,176,1022100165,54,46,0,0,0,0,0,0,0,92,84,-8,100,-8,home,away,46,8
9/5/2021,401320729,2021,CHI,LVA,home,2,-115,169.5,-110,92,84,-8,176,1022100165,54,46,1,1,1,1,1,1,1,92,84,-8,100,-8,home,home,54,-8
9/5/2021,401320730,2021,ATL,DAL,away,6.5,-110,156,-110,69,64,-5,133,1022100166,32,32,1,1,1,1,0,0,1,64,69,5,64,0,tie,away,32,-0
9/5/2021,401320730,2021,DAL,ATL,home,-6.5,-110,156,-110,64,69,5,133,1022100166,32,32,0,0,0,0,1,1,0,64,69,5,64,0,tie,home,32,0
9/5/2023,401507354,2023,CHI,IND,away,1,-110,165,-110,96,69,-27,165,1022300225,34,49,1,1,1,1,1,1,1,69,96,27,83,15,away,away,49,-15
9/5/2023,401507354,2023,IND,CHI,home,-1,-110,165,-110,69,96,27,165,1022300225,34,49,0,0,0,0,0,0,0,69,96,27,83,15,away,home,34,15
9/5/2023,401507353,2023,LAS,CON,away,10.5,-110,151.5,-110,76,90,14,166,1022300224,49,36,0,0,0,0,0,0,0,90,76,-14,85,-13,home,away,36,13
9/5/2023,401507353,2023,CON,LAS,home,-10.5,-110,151.5,-110,90,76,-14,166,1022300224,49,36,1,1,1,1,1,1,1,90,76,-14,85,-13,home,home,49,-13
9/5/2023,401507355,2023,NYL,DAL,away,-6.5,-110,172.5,-110,94,93,-1,187,1022300226,51,53,1,1,1,1,0,0,0,93,94,1,104,2,away,away,53,-2
9/5/2023,401507355,2023,DAL,NYL,home,6.5,-110,172.5,-110,93,94,1,187,1022300226,51,53,0,0,0,0,1,1,1,93,94,1,104,2,away,home,51,2
9/5/2023,401507356,2023,WAS,PHO,away,-7,-110,153.5,-110,100,77,-23,177,1022300227,33,50,1,1,1,1,1,1,1,77,100,23,83,17,away,away,50,-17
9/5/2023,401507356,2023,PHO,WAS,home,7,-110,153.5,-110,77,100,23,177,1022300227,33,50,0,0,0,0,0,0,0,77,100,23,83,17,away,home,33,17
9/6/2019,401105107,2019,DAL,WAS,away,17.5,-117,166,-110,73,86,13,159,1021900195,51,33,0,0,0,0,0,0,0,86,73,-13,84,-18,home,away,33,18
9/6/2019,401105107,2019,WAS,DAL,home,-17.5,-103,166,-113,86,73,-13,159,1021900195,51,33,1,1,1,1,1,1,1,86,73,-13,84,-18,home,home,51,-18
9/6/2019,401105109,2019,IND,NYL,away,-2,-105,163.5,-110,86,81,-5,167,1021900197,49,43,0,0,0,0,0,0,0,81,86,5,92,-6,home,away,43,6
9/6/2019,401105109,2019,NYL,IND,home,2,-115,163.5,-110,81,86,5,167,1021900197,49,43,1,1,1,1,1,1,1,81,86,5,92,-6,home,home,49,-6
9/6/2019,401105108,2019,CHI,CON,away,6,-104,174.5,-110,109,104,-5,213,1021900196,52,52,1,1,1,0,0,0,0,104,109,5,104,0,tie,away,52,-0
9/6/2019,401105108,2019,CON,CHI,home,-6,-110,174.5,-110,104,109,5,213,1021900196,52,52,0,0,0,1,1,1,1,104,109,5,104,0,tie,home,52,0
9/6/2019,401105110,2019,MIN,PHO,away,2.5,-115,157.5,-110,83,69,-14,152,1021900198,44,40,1,0,0,0,0,0,0,69,83,14,84,-4,home,away,40,4
9/6/2019,401105110,2019,PHO,MIN,home,-2.5,-110,157.5,-110,69,83,14,152,1021900198,44,40,0,1,1,1,1,1,1,69,83,14,84,-4,home,home,44,-4
9/6/2020,401230856,2020,DAL,WAS,away,1,-110,161,-110,101,94,-7,195,1022001115,44,38,1,1,1,1,1,0,0,94,101,7,82,-6,home,away,38,6
9/6/2020,401230856,2020,WAS,DAL,home,-1,-110,161,-110,94,101,7,195,1022001115,44,38,0,0,0,0,0,1,1,94,101,7,82,-6,home,home,44,-6
9/6/2020,401230857,2020,SEA,MIN,away,-7,-110,161.5,-110,103,88,-15,191,1022001116,38,45,0,1,1,1,1,1,1,88,103,15,83,7,away,away,45,-7
9/6/2020,401230857,2020,MIN,SEA,home,7,-110,161.5,-110,88,103,15,191,1022001116,38,45,1,0,0,0,0,0,0,88,103,15,83,7,away,home,38,7
9/6/2020,401230858,2020,CHI,LAS,away,5,100,170,-105,80,86,6,166,1022001117,47,48,1,1,1,1,1,1,1,86,80,-6,95,1,away,away,48,-1
9/6/2020,401230858,2020,LAS,CHI,home,-5,-120,170,-115,86,80,-6,166,1022001117,47,48,0,0,0,0,0,0,0,86,80,-6,95,1,away,home,47,1
9/6/2021,401320731,2021,PHO,IND,away,-11,-110,159.5,-110,86,81,-5,167,1022100167,42,43,0,0,0,0,0,1,1,81,86,5,85,1,away,away,43,-1
9/6/2021,401320731,2021,IND,PHO,home,11,-110,159.5,-110,81,86,5,167,1022100167,42,43,1,1,1,1,1,0,0,81,86,5,85,1,away,home,42,1
9/6/2022,401455678,2022,LVA,SEA,away,1,-110,165,-110,97,92,-5,189,1042200204,47,44,0,0,0,0,0,0,0,92,97,5,91,-3,home,away,44,3
9/6/2022,401455678,2022,SEA,LVA,home,-1,-110,165,-110,92,97,5,189,1042200204,47,44,1,1,1,1,1,1,1,92,97,5,91,-3,home,home,47,-3
9/6/2022,401455677,2022,CHI,CON,away,1.5,-110,160,-110,80,104,24,184,1042200214,58,41,0,0,0,0,0,0,0,104,80,-24,99,-17,home,away,41,17
9/6/2022,401455677,2022,CON,CHI,home,-1.5,-110,160,-110,104,80,-24,184,1042200214,58,41,1,1,1,1,1,1,1,104,80,-24,99,-17,home,home,58,-17
9/6/2023,401507357,2023,SEA,ATL,away,9,-110,164,-108,68,79,11,147,1022300228,47,40,1,1,1,1,1,1,0,79,68,-11,87,-7,home,away,40,7
9/6/2023,401507357,2023,ATL,SEA,home,-9,-110,164,-112,79,68,-11,147,1022300228,47,40,0,0,0,0,0,0,1,79,68,-11,87,-7,home,home,47,-7
9/7/2018,401079693,2018,WAS,SEA,away,4.5,-110,172.5,-110,76,89,13,165,1041800401,48,32,0,0,0,0,0,0,0,89,76,-13,80,-16,home,away,32,16
9/7/2018,401079693,2018,SEA,WAS,home,-4.5,-115,172.5,-110,89,76,-13,165,1041800401,48,32,1,1,1,1,1,1,1,89,76,-13,80,-16,home,home,48,-16
9/7/2021,401320732,2021,CON,DAL,away,-9,-110,148.5,-110,83,56,-27,139,1022100168,25,48,1,1,1,1,1,1,1,56,83,27,73,23,away,away,48,-23
9/7/2021,401320732,2021,DAL,CON,home,9,-110,148.5,-110,56,83,27,139,1022100168,25,48,0,0,0,0,0,0,0,56,83,27,73,23,away,home,25,23
9/7/2021,401320733,2021,WAS,SEA,away,10,-110,163.5,-110,71,105,34,176,1022100169,54,39,0,0,0,0,0,0,0,105,71,-34,93,-15,home,away,39,15
9/7/2021,401320733,2021,SEA,WAS,home,-10,-110,163.5,-110,105,71,-34,176,1022100169,54,39,1,1,1,1,1,1,1,105,71,-34,93,-15,home,home,54,-15
9/7/2023,401507358,2023,LAS,NYL,away,16,-110,160.5,-110,89,96,7,185,1022300229,43,50,0,0,0,1,1,1,1,96,89,-7,93,7,away,away,50,-7
9/7/2023,401507358,2023,NYL,LAS,home,-16,-110,160.5,-110,96,89,-7,185,1022300229,43,50,1,1,1,0,0,0,0,96,89,-7,93,7,away,home,43,7
9/8/2019,401105112,2019,CON,IND,away,-3.5,-110,160,-112,76,104,28,180,1021900200,48,39,0,0,0,0,0,0,0,104,76,-28,87,-9,home,away,39,9
9/8/2019,401105112,2019,IND,CON,home,3.5,-110,160,-110,104,76,-28,180,1021900200,48,39,1,1,1,1,1,1,1,104,76,-28,87,-9,home,home,48,-9
9/8/2019,401105114,2019,SEA,DAL,away,-4.5,-115,151,-110,78,64,-14,142,1021900202,26,44,0,1,1,1,1,1,1,64,78,14,70,18,away,away,44,-18
9/8/2019,401105114,2019,DAL,SEA,home,4.5,-105,151,-110,64,78,14,142,1021900202,26,44,1,0,0,0,0,0,0,64,78,14,70,18,away,home,26,18
9/8/2019,401105111,2019,NYL,ATL,away,2.5,-110,160.5,-110,71,63,-8,134,1021900199,38,44,1,1,1,1,1,1,1,63,71,8,82,6,away,away,44,-6
9/8/2019,401105111,2019,ATL,NYL,home,-2.5,-110,160.5,-110,63,71,8,134,1021900199,38,44,0,0,0,0,0,0,0,63,71,8,82,6,away,home,38,6
9/8/2019,401105115,2019,LVA,PHO,away,-3.5,-110,162,-110,98,89,-9,187,1021900203,48,52,0,0,1,1,1,1,1,89,98,9,100,4,away,away,52,-4
9/8/2019,401105115,2019,PHO,LVA,home,3.5,-110,162,-110,89,98,9,187,1021900203,48,52,1,1,0,0,0,0,0,89,98,9,100,4,away,home,48,4
9/8/2019,401105113,2019,CHI,WAS,away,7,-110,179,-110,86,100,14,186,1021900201,56,39,0,0,0,0,0,0,0,100,86,-14,95,-17,home,away,39,17
9/8/2019,401105113,2019,WAS,CHI,home,-7,-105,179,-110,100,86,-14,186,1021900201,56,39,1,1,1,1,1,1,1,100,86,-14,95,-17,home,home,56,-17
9/8/2019,401105116,2019,MIN,LAS,away,4,-115,158,-110,68,77,9,145,1021900204,36,34,1,1,1,1,1,0,0,77,68,-9,70,-2,home,away,34,2
9/8/2019,401105116,2019,LAS,MIN,home,-4,-105,158,-110,77,68,-9,145,1021900204,36,34,0,0,0,0,0,1,1,77,68,-9,70,-2,home,home,36,-2
9/8/2020,401230859,2020,LAS,NYL,away,-13.5,-108,160,-110,96,70,-26,166,1022001118,31,42,1,1,1,1,1,1,1,70,96,26,73,11,away,away,42,-11
9/8/2020,401230859,2020,NYL,LAS,home,13.5,-112,160,-110,70,96,26,166,1022001118,31,42,0,0,0,0,0,0,0,70,96,26,73,11,away,home,31,11
9/8/2020,401230860,2020,MIN,WAS,away,-8,-110,158.5,-110,86,89,3,175,1022001119,48,41,0,0,0,0,0,0,0,89,86,-3,89,-7,home,away,41,7
9/8/2020,401230860,2020,WAS,MIN,home,8,-110,158.5,-110,89,86,-3,175,1022001119,48,41,1,1,1,1,1,1,1,89,86,-3,89,-7,home,home,48,-7
9/8/2020,401230861,2020,IND,LVA,away,14.5,-110,172.5,-110,86,92,6,178,1022001120,58,41,0,0,0,0,0,0,0,92,86,-6,99,-17,home,away,41,17
9/8/2020,401230861,2020,LVA,IND,home,-14.5,-110,172.5,-110,92,86,-6,178,1022001120,58,41,1,1,1,1,1,1,1,92,86,-6,99,-17,home,home,58,-17
9/8/2021,401320734,2021,PHO,ATL,away,-4,-110,155,-110,76,75,-1,151,1022100170,48,34,0,0,0,0,0,0,0,75,76,1,82,-14,home,away,34,14
9/8/2021,401320734,2021,ATL,PHO,home,4,-110,155,-110,75,76,1,151,1022100170,48,34,1,1,1,1,1,1,1,75,76,1,82,-14,home,home,48,-14
9/8/2021,401320735,2021,MIN,LVA,away,4,-110,167,-110,81,102,21,183,1022100171,55,41,1,0,0,0,0,0,0,102,81,-21,96,-14,home,away,41,14
9/8/2021,401320735,2021,LVA,MIN,home,-4,-110,167,-110,102,81,-21,183,1022100171,55,41,0,1,1,1,1,1,1,102,81,-21,96,-14,home,home,55,-14
9/8/2022,401455679,2022,CON,CHI,away,4,-110,158.5,-110,72,63,-9,135,1042200215,40,40,1,1,1,1,1,1,0,63,72,9,80,0,tie,away,40,-0
9/8/2022,401455679,2022,CHI,CON,home,-4,-110,158.5,-110,63,72,9,135,1042200215,40,40,0,0,0,0,0,0,1,63,72,9,80,0,tie,home,40,0
9/8/2023,401507360,2023,ATL,WAS,away,5.5,-110,162,-110,80,75,-5,155,1022300231,35,42,1,1,1,1,1,1,1,75,80,5,77,7,away,away,42,-7
9/8/2023,401507360,2023,WAS,ATL,home,-5.5,-110,162,-110,75,80,5,155,1022300231,35,42,0,0,0,0,0,0,0,75,80,5,77,7,away,home,35,7
9/8/2023,401507359,2023,IND,CON,away,10,-110,161,-110,59,76,17,135,1022300230,37,31,0,0,0,0,0,0,0,76,59,-17,68,-6,home,away,31,6
9/8/2023,401507359,2023,CON,IND,home,-10,-110,161,-110,76,59,-17,135,1022300230,37,31,1,1,1,1,1,1,1,76,59,-17,68,-6,home,home,37,-6
9/8/2023,401507361,2023,MIN,CHI,away,4,-105,165,-110,87,92,5,179,1022300232,44,39,1,1,1,1,1,0,0,92,87,-5,83,-5,home,away,39,5
9/8/2023,401507361,2023,CHI,MIN,home,-4.5,-110,165.5,-110,92,87,-5,179,1022300232,44,39,0,0,0,0,0,1,1,92,87,-5,83,-5,home,home,44,-5
9/8/2023,401507362,2023,SEA,DAL,away,11.5,-110,169.5,-110,91,106,15,197,1022300233,56,45,0,0,0,0,0,0,0,106,91,-15,101,-11,home,away,45,11
9/8/2023,401507362,2023,DAL,SEA,home,-11.5,-110,169.5,-112,106,91,-15,197,1022300233,56,45,1,1,1,1,1,1,1,106,91,-15,101,-11,home,home,56,-11
9/8/2023,401507363,2023,LVA,PHO,away,-19.5,-110,164.5,-110,94,73,-21,167,1022300234,31,48,1,1,1,1,1,1,1,73,94,21,79,17,away,away,48,-17
9/8/2023,401507363,2023,PHO,LVA,home,19.5,-110,164.5,-110,73,94,21,167,1022300234,31,48,0,0,0,0,0,0,0,73,94,21,79,17,away,home,31,17
9/9/2018,401079694,2018,WAS,SEA,away,5.5,-105,170,-110,73,75,2,148,1041800402,36,40,0,0,0,0,0,0,1,75,73,-2,76,4,away,away,40,-4
9/9/2018,401079694,2018,SEA,WAS,home,-5.5,-115,170,-110,75,73,-2,148,1041800402,36,40,1,1,1,1,1,1,0,75,73,-2,76,4,away,home,36,4
9/9/2020,401230862,2020,PHO,CON,away,-4,-105,161.5,-110,100,95,-5,195,1022001121,31,51,1,1,1,1,1,1,1,95,100,5,82,20,away,away,51,-20
9/9/2020,401230862,2020,CON,PHO,home,4,-115,161.5,-110,95,100,5,195,1022001121,31,51,0,0,0,0,0,0,0,95,100,5,82,20,away,home,31,20
9/9/2020,401230863,2020,ATL,CHI,away,7.5,-110,169.5,-110,97,89,-8,186,1022001122,55,45,1,0,0,0,0,0,0,89,97,8,100,-10,home,away,45,10
9/9/2020,401230863,2020,CHI,ATL,home,-7.5,-110,169.5,-110,89,97,8,186,1022001122,55,45,0,1,1,1,1,1,1,89,97,8,100,-10,home,home,55,-10
9/9/2020,401230816,2020,DAL,SEA,away,12.5,-105,166,-110,95,107,12,202,1022001123,55,54,1,1,1,1,0,0,1,107,95,-12,109,-1,home,away,54,1
9/9/2020,401230816,2020,SEA,DAL,home,-12.5,-115,166,-110,107,95,-12,202,1022001123,55,54,0,0,0,0,1,1,0,107,95,-12,109,-1,home,home,55,-1
9/9/2021,401320736,2021,CON,LAS,away,-10,-110,142,-105,75,57,-18,132,1022100172,28,45,1,1,1,1,1,1,1,57,75,18,73,17,away,away,45,-17
9/9/2021,401320736,2021,LAS,CON,home,10,-110,142,-115,57,75,18,132,1022100172,28,45,0,0,0,0,0,0,0,57,75,18,73,17,away,home,28,17
5/19/2007,270519003,2007,TUL,SAC,home,-4.5,-110,141,-110,75,68,-7,143,1020700001,42,35,0,0,1,1,1,1,1,75,68,-7,77,-7,home,home,42,-7
5/19/2007,270519016,2007,WAS,CON,home,-1,-110,151,-110,80,89,9,169,1020700002,42,49,0,0,0,0,0,0,0,80,89,9,91,7,away,home,42,7
5/19/2007,270519005,2007,IND,MIN,home,-8.5,-110,134.5,-110,83,64,-19,147,1020700003,36,26,1,1,1,1,1,1,1,83,64,-19,62,-10,home,home,36,-10
5/19/2007,270519011,2007,PHO,SAS,home,-3.5,-110,167.5,-110,81,72,-9,153,1020700004,48,28,1,1,1,1,1,1,1,81,72,-9,76,-20,home,home,48,-20
5/19/2007,270519014,2007,SEA,HOU,home,-7.5,-110,147,-110,82,69,-13,151,1020700005,37,46,1,0,0,1,0,1,0,82,69,-13,83,9,away,home,37,9
5/20/2007,270520009,2007,NYL,CHI,home,-4,-110,144,-110,83,71,-12,154,1020700006,33,42,1,1,0,0,0,0,0,83,71,-12,75,9,away,home,33,9
5/20/2007,270520008,2007,MIN,SAC,home,5.5,-110,144,-110,64,74,10,138,1020700007,27,40,1,1,0,0,0,0,0,64,74,10,67,13,away,home,27,13
5/22/2007,270522003,2007,TUL,MIN,home,-13,-110,144.5,-110,85,75,-10,160,1020700010,48,40,0,0,0,0,1,1,1,85,75,-10,88,-8,home,home,48,-8
5/22/2007,270522016,2007,WAS,SAC,home,0,-110,151,-110,52,70,18,122,1020700008,34,29,1,1,1,1,1,1,0,52,70,18,63,-5,home,home,34,-5
5/22/2007,270522019,2007,CHI,LAS,home,6,-110,145.5,-110,64,81,17,145,1020700009,30,38,0,0,0,0,0,0,0,64,81,17,68,8,away,home,30,8
5/23/2007,270523017,2007,SAS,CON,home,4,-110,147.5,-110,74,71,-3,145,1020700012,39,18,1,1,1,1,1,1,1,74,71,-3,57,-21,home,home,39,-21
5/23/2007,270523014,2007,SEA,PHO,home,-5.5,-110,168.5,-110,100,87,-13,187,1020700011,55,33,1,1,1,1,1,1,1,100,87,-13,88,-22,home,home,55,-22
5/24/2007,270524009,2007,NYL,WAS,home,4,-110,149.5,-110,81,76,-5,157,1020700013,37,34,1,1,0,1,1,1,1,81,76,-5,71,-3,home,home,37,-3
5/24/2007,270524005,2007,IND,LAS,home,-4,-110,140.5,-110,83,70,-13,153,1020700014,42,33,1,0,1,1,1,1,1,83,70,-13,75,-9,home,home,42,-9
5/25/2007,270525017,2007,SAS,SEA,home,3.5,-110,152.5,-110,82,71,-11,153,1020700015,45,30,1,1,1,1,1,1,1,82,71,-11,75,-15,home,home,45,-15
5/25/2007,270525008,2007,MIN,CHI,home,-7.5,-110,147.5,-110,77,82,5,159,1020700016,31,35,0,0,0,0,0,0,0,77,82,5,66,4,away,home,31,4
5/25/2007,270525011,2007,PHO,HOU,home,-6,-110,166,-110,111,85,-26,196,1020700017,50,47,0,0,0,1,0,0,0,111,85,-26,97,-3,home,home,50,-3
5/26/2007,270526018,2007,CON,LAS,home,-5.5,-110,149.5,-110,68,88,20,156,1020700018,32,52,0,0,0,0,0,0,0,68,88,20,84,20,away,home,32,20
5/29/2007,270529008,2007,MIN,IND,home,6,-110,143.5,-110,75,89,14,164,1020700019,37,40,0,0,0,0,0,1,0,75,89,14,77,3,away,home,37,3
5/29/2007,270529004,2007,HOU,SAS,home,-2,-110,147,-110,71,82,11,153,1020700021,28,35,1,1,1,1,0,0,0,71,82,11,63,7,away,home,28,7
5/29/2007,270529011,2007,PHO,SAC,home,-2,-110,167.5,-110,76,75,-1,151,1020700020,38,48,0,0,0,0,0,0,0,76,75,-1,86,10,away,home,38,10
5/30/2007,270530003,2007,TUL,WAS,home,-9,-110,152,-110,94,79,-15,173,1020700022,45,36,1,0,0,0,0,1,1,94,79,-15,81,-9,home,home,45,-9
5/31/2007,270531017,2007,SAS,PHO,home,-4,-110,171.5,-110,85,97,12,182,1020700023,31,44,0,0,0,0,0,0,0,85,97,12,75,13,away,home,31,13
5/31/2007,270531019,2007,CHI,CON,home,7,-110,150.5,-110,97,102,5,199,1020700024,56,43,1,1,1,1,1,1,1,97,102,5,99,-13,home,home,56,-13
6/1/2007,270601016,2007,WAS,CHI,home,-8.5,-110,157,-110,70,75,5,145,1020700025,34,30,0,0,0,0,1,0,0,70,75,5,64,-4,home,home,34,-4
6/1/2007,270601008,2007,MIN,NYL,home,-1.5,-110,151.5,-110,60,70,10,130,1020700026,26,31,0,0,0,0,0,0,0,60,70,10,57,5,away,home,26,5
6/2/2007,270602018,2007,CON,PHO,home,-2,-110,173,-110,76,67,-9,143,1020700027,35,27,1,1,1,1,1,1,1,76,67,-9,62,-8,home,home,35,-8
6/2/2007,270602004,2007,HOU,TUL,home,6.5,-110,151,-110,71,77,6,148,1020700029,33,32,1,0,1,1,0,0,1,71,77,6,65,-1,home,home,33,-1
6/2/2007,270602013,2007,SAC,LAS,home,-4.5,-110,142,-110,88,85,-3,173,1020700028,35,46,1,1,1,1,1,0,0,88,85,-3,81,11,away,home,35,11
6/2/2007,270602014,2007,SEA,SAS,home,-7,-110,159,-110,68,78,10,146,1020700030,35,37,1,0,1,1,1,0,0,68,78,10,72,2,away,home,35,2
6/3/2007,270603009,2007,NYL,PHO,home,2,-110,165.5,-110,83,82,-1,165,1020700031,41,45,0,0,0,0,0,0,0,83,82,-1,86,4,away,home,41,4
6/3/2007,270603005,2007,IND,WAS,home,-10.5,-110,153,-110,70,66,-4,136,1020700033,36,29,0,0,0,1,1,1,1,70,66,-4,65,-7,home,home,36,-7
6/3/2007,270603019,2007,CHI,MIN,home,-5.5,-110,150.5,-110,78,72,-6,150,1020700032,42,28,1,1,1,1,1,1,1,78,72,-6,70,-14,home,home,42,-14
6/5/2007,270605009,2007,NYL,IND,home,4.5,-110,146.5,-110,78,67,-11,145,1020700034,37,26,0,0,1,1,1,1,1,78,67,-11,63,-11,home,home,37,-11
6/5/2007,270605013,2007,SAC,SAS,home,-4,-110,146.5,-110,74,57,-17,131,1020700035,28,26,1,1,1,1,1,1,1,74,57,-17,54,-2,home,home,28,-2
6/5/2007,270605011,2007,PHO,MIN,home,-12.5,-110,164.5,-110,85,90,5,175,1020700036,43,54,0,0,0,0,0,0,0,85,90,5,97,11,away,home,43,11
6/6/2007,270606005,2007,IND,HOU,home,-10.5,-110,150,-110,84,59,-25,143,1020700037,44,27,1,1,1,1,1,1,1,84,59,-25,71,-17,home,home,44,-17
6/7/2007,270607011,2007,PHO,CHI,home,-7,-110,168,-110,80,66,-14,146,1020700039,42,32,1,1,1,1,1,1,1,80,66,-14,74,-10,home,home,42,-10
6/7/2007,270607013,2007,SAC,SEA,home,-8.5,-110,144.5,-110,81,72,-9,153,1020700038,33,28,1,1,1,1,1,1,1,81,72,-9,61,-5,home,home,33,-5
6/8/2007,270608016,2007,WAS,IND,home,4.5,-110,147.5,-110,69,74,5,143,1020700040,25,37,0,0,0,0,0,0,0,69,74,5,62,12,away,home,25,12
6/8/2007,270608009,2007,NYL,TUL,home,3,-110,147,-110,57,67,10,124,1020700041,27,33,1,1,1,0,0,0,0,57,67,10,60,6,away,home,27,6
6/8/2007,270608004,2007,HOU,CON,home,6.5,-110,152,-110,77,88,11,165,1020700042,46,30,1,1,1,1,1,1,1,77,88,11,76,-16,home,home,46,-16
6/8/2007,270608006,2007,LAS,MIN,home,-13,-110,153.5,-110,90,87,-3,177,1020700043,49,38,1,0,1,0,1,1,1,90,87,-3,87,-11,home,home,49,-11
6/9/2007,270609013,2007,SAC,PHO,home,-6.5,-110,158,-110,70,74,4,144,1020700045,33,40,0,1,0,0,0,0,0,70,74,4,73,7,away,home,33,7
6/9/2007,270609014,2007,SEA,MIN,home,-10,-110,159,-110,90,76,-14,166,1020700046,51,42,1,1,0,0,1,1,1,90,76,-14,93,-9,home,home,51,-9
6/10/2007,270610018,2007,CON,TUL,home,2,-110,148,-110,74,79,5,153,1020700047,30,37,0,0,0,0,0,0,0,74,79,5,67,7,away,home,30,7
6/10/2007,270610005,2007,IND,NYL,home,-7,-110,141,-110,80,61,-19,141,1020700048,38,20,1,1,1,1,1,1,1,80,61,-19,58,-18,home,home,38,-18
6/11/2007,270611004,2007,HOU,SAC,home,7,-110,146,-110,67,82,15,149,1020700049,26,32,0,0,0,0,0,0,0,67,82,15,58,6,away,home,26,6
6/12/2007,270612009,2007,NYL,WAS,home,-4,-110,145,-110,79,69,-10,148,1020700051,43,25,1,1,1,1,1,1,1,79,69,-10,68,-18,home,home,43,-18
6/12/2007,270612019,2007,CHI,SEA,home,2.5,-110,153.5,-110,69,81,12,150,1020700050,35,33,1,1,1,1,1,1,0,69,81,12,68,-2,home,home,35,-2
6/13/2007,270613016,2007,WAS,PHO,home,5,-110,161.5,-110,86,70,-16,155,1020700052,35,31,0,1,1,1,1,1,0,86,69,-17,66,-4,home,home,35,-4
6/13/2007,270613005,2007,IND,SEA,home,-7.5,-110,149,-110,90,62,-28,152,1020700053,50,30,0,0,0,0,1,1,1,90,62,-28,80,-20,home,home,50,-20
6/13/2007,270613008,2007,MIN,CON,home,6,-110,160,-110,77,73,-4,150,1020700054,36,30,0,0,0,0,0,1,1,77,73,-4,66,-6,home,home,36,-6
6/13/2007,270613006,2007,LAS,HOU,home,-8,-110,154,-110,74,71,-3,145,1020700055,42,36,1,1,1,1,1,1,1,74,71,-3,78,-6,home,home,42,-6
6/15/2007,270615016,2007,WAS,LAS,home,-1.5,-110,153,-110,80,89,9,169,1020700056,40,44,0,0,1,0,0,0,0,80,89,9,84,4,away,home,40,4
6/15/2007,270615005,2007,IND,PHO,home,-9.5,-110,157,-110,78,89,11,167,1020700057,41,39,1,1,1,1,1,1,1,78,89,11,80,-2,home,home,41,-2
6/15/2007,270615003,2007,TUL,CON,home,-8,-110,150,-110,75,72,-3,147,1020700058,37,39,0,0,0,1,1,0,0,75,72,-3,76,2,away,home,37,2
6/15/2007,270615019,2007,CHI,NYL,home,-2,-110,139.5,-110,73,66,-7,139,1020700059,35,31,0,1,1,1,1,1,1,73,66,-7,66,-4,home,home,35,-4
6/15/2007,270615014,2007,SEA,HOU,home,-11,-110,158,-110,84,71,-13,155,1020700060,45,40,1,1,1,1,1,1,1,84,71,-13,85,-5,home,home,45,-5
6/16/2007,270616003,2007,TUL,IND,home,-4,-110,145.5,-110,67,77,10,144,1020700062,28,37,0,0,0,0,0,0,0,67,77,10,65,9,away,home,28,9
6/16/2007,270616017,2007,SAS,NYL,home,-7.5,-110,140.5,-110,79,71,-8,150,1020700063,42,31,1,1,1,1,1,1,1,79,71,-8,73,-11,home,home,42,-11
6/16/2007,270616008,2007,MIN,LAS,home,2,-110,156.5,-110,83,58,-25,141,1020700061,37,33,1,1,1,1,1,1,1,83,58,-25,70,-4,home,home,37,-4
6/16/2007,270616013,2007,SAC,HOU,home,-12.5,-110,147,-110,75,63,-12,138,1020700064,26,30,0,0,0,0,0,0,0,75,63,-12,56,4,away,home,26,4
6/17/2007,270617018,2007,CON,CHI,home,-7,-110,145.5,-110,74,87,13,161,1020700065,34,40,0,0,0,0,0,0,0,74,87,13,74,6,away,home,34,6
6/18/2007,270618006,2007,LAS,TUL,home,4.5,-110,150,-110,73,79,6,152,1020700066,37,48,0,0,0,0,0,0,0,73,79,6,85,11,away,home,37,11
6/19/2007,270619019,2007,CHI,SAC,home,4,-110,144.5,-110,52,54,2,106,1020700067,29,30,0,0,0,0,0,0,0,52,54,2,59,1,away,home,29,1
6/20/2007,270620017,2007,SAS,MIN,home,-6.5,-110,150,-110,80,73,-7,153,1020700068,46,29,1,1,1,1,1,1,1,80,73,-7,75,-17,home,home,46,-17
6/20/2007,270620004,2007,HOU,LAS,home,2,-110,151,-110,74,64,-10,138,1020700069,37,29,1,1,1,1,1,1,1,74,64,-10,66,-8,home,home,37,-8
6/20/2007,270620011,2007,PHO,WAS,home,-8.5,-110,160,-110,101,106,5,207,1020700071,41,46,1,1,1,1,0,0,0,101,106,5,87,5,away,home,41,5
6/20/2007,270620014,2007,SEA,TUL,home,1.5,-110,153.5,-110,71,87,16,158,1020700072,35,44,0,0,0,0,0,0,0,71,87,16,79,9,away,home,35,9
6/22/2007,270622005,2007,IND,CON,home,-8.5,-110,149,-110,74,78,4,152,1020700075,29,28,1,1,1,1,0,1,0,74,78,4,57,-1,home,home,29,-1
6/22/2007,270622009,2007,NYL,SAS,home,1,-110,143.5,-110,63,70,7,133,1020700074,37,28,1,1,1,1,1,1,1,63,70,7,65,-9,home,home,37,-9
6/22/2007,270622008,2007,MIN,SEA,home,-1.5,-110,155.5,-110,78,76,-2,154,1020700073,35,39,1,0,0,0,0,0,0,78,76,-2,74,4,away,home,35,4
6/22/2007,270622004,2007,HOU,WAS,home,-1.5,-110,156,-110,95,85,-10,180,1020700077,43,43,0,0,0,0,0,0,0,95,85,-10,86,0,tie,home,43,0
6/22/2007,270622011,2007,PHO,TUL,home,4,-110,161.5,-110,84,87,3,171,1020700078,53,46,0,0,0,0,1,1,1,84,87,3,99,-7,home,home,53,-7
6/22/2007,270622006,2007,LAS,SAC,home,6,-110,139,-110,96,88,-8,184,1020700076,32,41,0,0,0,0,0,0,0,96,88,-8,73,9,away,home,32,9
6/23/2007,270623018,2007,CON,SAS,home,-2.5,-110,149.5,-110,58,71,13,129,1020700079,36,39,1,0,0,0,0,0,0,58,71,13,75,3,away,home,36,3
6/23/2007,270623019,2007,CHI,WAS,home,-5.5,-110,152,-110,86,99,13,185,1020700080,36,46,0,0,1,0,0,0,0,86,99,13,82,10,away,home,36,10
6/23/2007,270623013,2007,SAC,TUL,home,-1,-110,142.5,-110,85,75,-10,160,1020700081,36,30,1,1,1,1,1,1,1,85,75,-10,66,-6,home,home,36,-6
6/24/2007,270624009,2007,NYL,IND,home,5.5,-110,145,-110,63,74,11,137,1020700082,22,38,0,0,0,0,0,0,0,63,74,11,60,16,away,home,22,16
6/24/2007,270624011,2007,PHO,HOU,home,-3.5,-110,165,-110,90,85,-5,175,1020700083,53,44,1,1,1,1,1,1,1,90,85,-5,97,-9,home,home,53,-9
6/24/2007,270624006,2007,LAS,SEA,home,-1,-110,154,-110,71,83,12,154,1020700084,34,46,0,0,0,0,0,0,0,71,83,12,80,12,away,home,34,12
6/26/2007,270626018,2007,CON,WAS,home,-2,-110,163,-110,75,91,16,166,1020700085,28,37,0,1,0,0,0,0,0,75,91,16,65,9,away,home,28,9
6/26/2007,270626004,2007,HOU,SAS,home,3.5,-110,145,-110,75,67,-8,142,1020700086,35,38,0,0,0,1,1,1,0,75,67,-8,73,3,away,home,35,3
6/26/2007,270626013,2007,SAC,NYL,home,-10,-110,141,-110,59,46,-13,105,1020700088,26,15,1,1,1,1,1,1,1,59,46,-13,41,-11,home,home,26,-11
6/26/2007,270626014,2007,SEA,CHI,home,-6,-110,153.5,-110,94,76,-18,170,1020700087,43,29,1,1,1,1,1,1,1,94,76,-18,72,-14,home,home,43,-14
6/27/2007,270627003,2007,TUL,CON,home,-10,-110,152,-110,77,74,-3,151,1020700089,36,39,0,0,0,0,0,0,0,77,74,-3,75,3,away,home,36,3
6/27/2007,270627006,2007,LAS,SAC,home,5.5,-110,142.5,-110,74,66,-8,140,1020700090,43,29,1,0,0,1,1,1,1,74,66,-8,72,-14,home,home,43,-14
6/28/2007,270628004,2007,HOU,SEA,home,3.5,-110,158.5,-110,81,76,-5,157,1020700091,38,35,0,0,0,0,0,1,1,81,76,-5,73,-3,home,home,38,-3
6/29/2007,270629016,2007,WAS,TUL,home,2.5,-110,163.5,-110,65,64,-1,129,1020700093,24,40,1,1,0,0,0,0,0,65,64,-1,64,16,away,home,24,16
6/29/2007,270629018,2007,CON,IND,home,6,-110,145.5,-110,72,67,-5,139,1020700092,27,31,0,0,0,0,0,1,1,72,67,-5,58,4,away,home,27,4
6/29/2007,270629017,2007,SAS,MIN,home,-6,-110,148,-110,66,77,11,143,1020700094,32,38,1,1,0,0,0,0,0,66,77,11,70,6,away,home,32,6
6/29/2007,270629013,2007,SAC,CHI,home,-7.5,-110,140,-110,84,92,8,176,1020700095,37,41,0,0,0,1,0,1,0,84,92,8,78,4,away,home,37,4
6/29/2007,270629006,2007,LAS,NYL,home,-5.5,-110,144,-110,68,80,12,148,1020700096,30,36,0,0,0,0,0,0,0,68,80,12,66,6,away,home,30,6
6/30/2007,270630004,2007,HOU,PHO,home,-2,-110,168,-110,75,92,17,167,1020700097,36,42,1,0,0,1,0,0,0,75,92,17,78,6,away,home,36,6
7/1/2007,270701016,2007,WAS,IND,home,-1.5,-110,152,-110,62,69,7,131,1020700098,29,41,1,0,0,0,0,0,0,62,69,7,70,12,away,home,29,12
7/1/2007,270701003,2007,TUL,SAS,home,-6.5,-110,143.5,-110,68,71,3,139,1020700099,34,33,1,1,1,1,1,1,1,68,71,3,67,-1,home,home,34,-1
7/1/2007,270701013,2007,SAC,MIN,home,-5,-110,144,-110,76,68,-8,144,1020700100,41,34,0,0,1,0,0,1,1,76,68,-8,75,-7,home,home,41,-7
7/1/2007,270701014,2007,SEA,NYL,home,-7,-110,151.5,-110,84,53,-31,137,1020700102,45,28,1,1,1,1,1,1,1,84,53,-31,73,-17,home,home,45,-17
7/1/2007,270701006,2007,LAS,CHI,home,1.5,-110,153.5,-110,71,74,3,145,1020700101,32,27,0,0,1,1,1,0,0,71,74,3,59,-5,home,home,32,-5
7/3/2007,270703016,2007,WAS,SAS,home,-3,-110,147.5,-110,79,84,5,163,1020700104,34,40,0,0,0,0,0,0,0,79,84,5,74,6,away,home,34,6
7/3/2007,270703008,2007,MIN,PHO,home,1.5,-110,166,-110,79,95,16,174,1020700103,30,46,0,0,0,0,0,0,0,79,95,16,76,16,away,home,30,16
7/3/2007,270703014,2007,SEA,LAS,home,-10,-110,152.5,-110,90,71,-19,161,1020700105,40,36,0,0,1,0,1,1,1,90,71,-19,76,-4,home,home,40,-4
7/5/2007,270705006,2007,LAS,IND,home,6,-110,145.5,-110,56,57,1,113,1020700106,23,27,1,0,0,0,1,1,0,56,57,1,50,4,away,home,23,4
7/6/2007,270706003,2007,TUL,NYL,home,-11,-110,140,-110,81,82,1,163,1020700109,37,32,0,0,1,1,1,1,1,81,82,1,69,-5,home,home,37,-5
7/6/2007,270706008,2007,MIN,SAC,home,2.5,-110,144.5,-110,80,85,5,165,1020700107,38,43,1,1,1,0,0,1,0,80,85,5,81,5,away,home,38,5
7/6/2007,270706004,2007,HOU,SEA,home,1,-110,154,-110,55,71,16,126,1020700108,33,35,0,0,1,0,0,0,0,55,71,16,68,2,away,home,33,2
7/6/2007,270706011,2007,PHO,CON,home,-5.5,-110,168.5,-110,111,109,-2,220,1020700110,43,49,0,0,0,0,0,0,0,111,109,-2,92,6,away,home,43,6
7/7/2007,270707019,2007,CHI,WAS,home,-2,-110,157.5,-110,73,77,4,150,1020700112,32,28,1,1,1,1,1,0,1,73,77,4,60,-4,home,home,32,-4
7/7/2007,270707017,2007,SAS,SEA,home,-3,-110,147,-110,80,73,-7,153,1020700111,42,25,1,1,1,1,1,1,1,80,73,-7,67,-17,home,home,42,-17
7/7/2007,270707006,2007,LAS,CON,home,0,-110,148,-110,89,110,21,199,1020700113,39,57,0,0,0,0,0,0,0,89,110,21,96,18,away,home,39,18
7/8/2007,270708009,2007,NYL,SAC,home,3.5,-110,136.5,-110,71,61,-10,132,1020700114,48,28,1,1,1,1,1,1,1,71,61,-10,76,-20,home,home,48,-20
7/8/2007,270708003,2007,TUL,PHO,home,-4,-110,166.5,-110,111,82,-29,193,1020700115,39,41,0,0,0,0,0,0,0,111,82,-29,80,2,away,home,39,2
7/8/2007,270708008,2007,MIN,HOU,home,-5,-110,153.5,-110,67,79,12,146,1020700117,37,45,0,0,0,0,0,0,0,67,79,12,82,8,away,home,37,8
7/8/2007,270708005,2007,IND,CHI,home,-8,-110,144,-110,86,70,-16,156,1020700116,50,26,1,1,1,1,1,1,1,86,70,-16,76,-24,home,home,50,-24
7/10/2007,270710006,2007,LAS,SEA,home,3.5,-110,152,-110,47,82,35,129,1020700118,20,30,0,0,0,0,0,0,0,47,82,35,50,10,away,home,20,10
7/10/2007,270710003,2007,TUL,CHI,home,-9,-110,148,-110,92,84,-8,176,1020700120,40,41,0,1,1,1,0,0,0,92,84,-8,81,1,away,home,40,1
7/10/2007,270710016,2007,WAS,MIN,home,-5.5,-110,159,-110,91,83,-8,174,1020700119,37,43,1,1,1,0,1,0,0,91,83,-8,80,6,away,home,37,6
7/10/2007,270710004,2007,HOU,IND,home,6,-110,141.5,-110,77,79,2,156,1020700121,45,38,1,1,1,0,1,1,1,77,79,2,83,-7,home,home,45,-7
7/11/2007,270711014,2007,SEA,CON,home,-5,-110,155.5,-110,63,76,13,139,1020700123,32,42,0,0,0,0,0,0,0,63,76,13,74,10,away,home,32,10
7/11/2007,270711011,2007,PHO,SAS,home,-3,-110,167,-110,77,87,10,164,1020700122,34,40,1,0,1,0,0,0,0,77,87,10,74,6,away,home,34,6
7/12/2007,270712004,2007,HOU,MIN,home,-5.5,-110,152,-110,87,77,-10,164,1020700124,50,37,0,1,1,1,1,1,1,87,77,-10,87,-13,home,home,50,-13
7/12/2007,270712005,2007,IND,NYL,home,-8.5,-110,140,-110,79,63,-16,142,1020700125,45,28,1,1,1,1,1,1,1,79,63,-16,73,-17,home,home,45,-17
7/12/2007,270712019,2007,CHI,TUL,home,4,-110,153,-110,65,78,13,143,1020700126,37,40,1,1,1,1,0,1,0,65,78,13,77,3,away,home,37,3
7/12/2007,270712013,2007,SAC,CON,home,-5.5,-110,147,-110,78,82,4,160,1020700127,30,34,0,1,1,1,1,0,0,78,82,4,64,4,away,home,30,4
7/17/2007,270717018,2007,CON,MIN,home,-8,-110,156,-110,84,79,-5,163,1020700128,45,39,0,1,1,1,1,1,1,84,79,-5,84,-6,home,home,45,-6
7/17/2007,270717011,2007,PHO,SEA,home,-3,-110,170.5,-110,89,79,-10,168,1020700129,45,41,0,0,1,1,1,1,1,89,79,-10,86,-4,home,home,45,-4
7/17/2007,270717006,2007,LAS,SAS,home,5,-110,147.5,-110,61,63,2,124,1020700130,29,30,0,0,1,0,0,1,0,61,63,2,59,1,away,home,29,1
7/18/2007,270718016,2007,WAS,HOU,home,-4.5,-110,158,-110,65,58,-7,123,1020700131,22,36,0,0,0,0,0,0,0,65,58,-7,58,14,away,home,22,14
7/18/2007,270718003,2007,TUL,NYL,home,-9,-110,144,-110,87,82,-5,169,1020700132,33,39,1,0,0,0,0,0,0,87,82,-5,72,6,away,home,33,6
7/18/2007,270718005,2007,IND,CHI,home,-9,-110,147.5,-110,75,74,-1,149,1020700133,38,39,0,0,1,1,1,1,1,75,74,-1,77,1,away,home,38,1
7/20/2007,270720018,2007,CON,SEA,home,-3,-110,153,-110,76,58,-18,134,1020700134,37,41,0,1,0,0,0,0,0,76,58,-18,78,4,away,home,37,4
7/20/2007,270720005,2007,IND,TUL,home,-3,-110,145.5,-110,80,89,9,169,1020700137,43,47,0,0,0,0,0,0,0,80,89,9,90,4,away,home,43,4
7/20/2007,270720009,2007,NYL,HOU,home,-5,-110,143.5,-110,74,80,6,154,1020700136,38,38,1,0,0,0,0,1,0,74,80,6,76,0,tie,home,38,0
7/20/2007,270720017,2007,SAS,SAC,home,-3.5,-110,140,-110,81,71,-10,152,1020700135,40,41,0,0,0,0,0,0,1,81,71,-10,81,1,away,home,40,1
7/20/2007,270720008,2007,MIN,WAS,home,1,-110,156,-110,87,91,4,178,1020700139,35,25,1,1,1,1,1,1,1,87,91,4,60,-10,home,home,35,-10
7/20/2007,270720011,2007,PHO,LAS,home,-8.5,-110,166,-110,77,87,10,164,1020700138,38,44,0,0,0,0,0,0,0,77,87,10,82,6,away,home,38,6
7/21/2007,270721003,2007,TUL,WAS,home,-8,-110,155.5,-110,66,58,-8,124,1020700140,29,13,1,1,1,1,1,1,1,66,58,-8,42,-16,home,home,29,-16
7/21/2007,270721019,2007,CHI,IND,home,1.5,-110,145,-110,68,65,-3,133,1020700141,32,36,1,1,1,1,0,0,0,68,65,-3,68,4,away,home,32,4
7/22/2007,270722009,2007,NYL,SEA,home,2,-110,142.5,-110,75,77,2,152,1020700142,34,35,1,1,1,0,0,0,0,75,77,2,69,1,away,home,34,1
7/22/2007,270722018,2007,CON,HOU,home,-6,-110,151,-110,81,79,-2,160,1020700143,34,34,1,1,1,1,1,0,0,81,79,-2,68,0,tie,home,34,0
7/22/2007,270722019,2007,CHI,SAS,home,4,-110,145,-110,84,82,-2,166,1020700144,36,34,0,0,1,1,1,1,1,84,82,-2,70,-2,home,home,36,-2
7/22/2007,270722011,2007,PHO,MIN,home,-8.5,-110,173.5,-110,106,93,-13,199,1020700145,53,38,0,0,0,0,1,1,1,106,93,-13,91,-15,home,home,53,-15
7/24/2007,270724016,2007,WAS,SEA,home,1.5,-110,150,-110,97,96,-1,193,1020700146,40,40,1,1,1,1,1,1,1,97,96,-1,80,0,tie,home,40,0
7/24/2007,270724005,2007,IND,SAS,home,-1.5,-110,141.5,-110,63,71,8,134,1020700147,29,22,0,1,1,1,1,1,1,63,71,8,51,-7,home,home,29,-7
7/24/2007,270724018,2007,CON,TUL,home,2,-110,150,-110,88,92,4,180,1020700149,45,41,0,1,1,1,1,1,1,88,92,4,86,-4,home,home,45,-4
7/24/2007,270724013,2007,SAC,LAS,home,-7,-110,144,-110,67,59,-8,126,1020700148,30,25,1,1,1,1,1,1,1,67,59,-8,55,-5,home,home,30,-5
7/25/2007,270725008,2007,MIN,PHO,home,3.5,-110,174,-110,79,103,24,182,1020700150,35,47,0,0,0,0,0,0,0,79,103,24,82,12,away,home,35,12
7/26/2007,270726013,2007,SAC,IND,home,-5.5,-110,136.5,-110,60,50,-10,110,1020700151,32,22,1,1,1,1,1,1,1,60,50,-10,54,-10,home,home,32,-10
7/26/2007,270726018,2007,CON,NYL,home,-4.5,-110,147.5,-110,79,75,-4,154,1020700153,31,36,0,0,0,0,0,0,1,79,75,-4,67,5,away,home,31,5
7/26/2007,270726003,2007,TUL,CHI,home,-6.5,-110,149.5,-110,73,83,10,156,1020700152,36,42,0,0,0,0,0,0,0,73,83,10,78,6,away,home,36,6
7/27/2007,270727017,2007,SAS,HOU,home,-7,-110,147,-110,63,69,6,132,1020700156,29,37,1,0,0,0,0,0,0,63,69,6,66,8,away,home,29,8
7/27/2007,270727008,2007,MIN,LAS,home,-1,-110,153.5,-110,85,76,-9,161,1020700154,42,37,1,1,0,1,1,1,1,85,76,-9,79,-5,home,home,42,-5
7/27/2007,270727019,2007,CHI,PHO,home,3,-110,170,-110,96,98,2,194,1020700155,52,44,0,0,0,1,1,1,1,96,98,2,96,-8,home,home,52,-8
7/27/2007,270727014,2007,SEA,IND,home,-8.5,-110,143.5,-110,89,75,-14,164,1020700157,50,27,1,1,1,1,1,1,1,89,75,-14,77,-23,home,home,50,-23
7/28/2007,270728016,2007,WAS,TUL,home,2,-110,157,-110,64,76,12,140,1020700158,28,37,0,1,1,0,0,0,0,64,76,12,65,9,away,home,28,9
7/29/2007,270729009,2007,NYL,CON,home,-1,-110,150,-110,61,67,6,128,1020700160,36,33,0,1,1,1,1,1,1,61,67,6,69,-3,home,home,36,-3
7/29/2007,270729003,2007,TUL,LAS,home,-7,-110,152,-110,75,73,-2,148,1020700159,34,39,0,0,0,0,0,0,0,75,73,-2,73,5,away,home,34,5
7/29/2007,270729019,2007,CHI,HOU,home,-3,-110,151,-110,88,70,-18,158,1020700161,47,27,1,1,1,1,1,1,1,88,70,-18,74,-20,home,home,47,-20
7/29/2007,270729011,2007,PHO,IND,home,-9,-110,165,-110,80,75,-5,155,1020700162,32,34,0,1,0,1,1,1,1,80,75,-5,66,2,away,home,32,2
7/29/2007,270729013,2007,SAC,MIN,home,-8,-110,146,-110,73,78,5,151,1020700163,29,32,1,0,0,0,0,0,0,73,78,5,61,3,away,home,29,3
7/29/2007,270729014,2007,SEA,SAS,home,-5.5,-110,150,-110,88,92,4,180,1020700164,42,43,0,0,1,1,1,0,0,88,92,4,85,1,away,home,42,1
7/31/2007,270731018,2007,CON,CHI,home,-3.5,-110,155.5,-110,74,56,-18,130,1020700167,41,35,1,1,1,1,1,1,1,74,56,-18,76,-6,home,home,41,-6
7/31/2007,270731005,2007,IND,WAS,home,-3.5,-110,144.5,-110,66,57,-9,123,1020700168,30,24,1,1,1,1,1,1,1,66,57,-9,54,-6,home,home,30,-6
7/31/2007,270731009,2007,NYL,LAS,home,-3,-110,144,-110,63,73,10,136,1020700165,31,41,1,1,1,0,0,0,0,63,73,10,72,10,away,home,31,10
7/31/2007,270731017,2007,SAS,TUL,home,-2,-110,146.5,-110,79,84,5,163,1020700170,44,42,0,0,0,0,0,0,0,79,84,5,86,-2,home,home,44,-2
7/31/2007,270731004,2007,HOU,PHO,home,3.5,-110,171.5,-110,74,76,2,150,1020700166,35,35,1,1,1,0,0,0,1,74,76,2,70,0,tie,home,35,0
7/31/2007,270731014,2007,SEA,SAC,home,-4.5,-110,148,-110,74,78,4,152,1020700169,39,43,1,1,1,0,0,0,0,74,78,4,82,4,away,home,39,4
8/2/2007,270802009,2007,NYL,MIN,home,-3.5,-110,149,-110,71,66,-5,137,1020700172,37,25,1,1,1,1,1,1,1,71,66,-5,62,-12,home,home,37,-12
8/2/2007,270802017,2007,SAS,PHO,home,-2.5,-110,166.5,-110,79,84,5,163,1020700171,45,38,0,1,1,1,1,1,1,79,84,5,83,-7,home,home,45,-7
8/3/2007,270803016,2007,WAS,NYL,home,-4.5,-110,142.5,-110,80,68,-12,148,1020700174,33,29,1,1,1,1,1,1,1,80,68,-12,62,-4,home,home,33,-4
8/3/2007,270803004,2007,HOU,LAS,home,-2,-110,147,-110,66,56,-10,122,1020700173,31,25,1,1,1,1,1,1,1,66,56,-10,56,-6,home,home,31,-6
8/3/2007,270803019,2007,CHI,TUL,home,3.5,-110,151.5,-110,60,66,6,126,1020700176,29,34,1,0,0,0,0,0,0,60,66,6,63,5,away,home,29,5
8/3/2007,270803013,2007,SAC,SEA,home,-4,-110,148.5,-110,82,76,-6,158,1020700175,35,40,0,0,0,0,0,0,0,82,76,-6,75,5,away,home,35,5
8/4/2007,270804018,2007,CON,IND,home,-5.5,-110,143.5,-110,84,59,-25,143,1020700178,49,24,1,1,1,1,1,1,1,84,59,-25,73,-25,home,home,49,-25
8/4/2007,270804017,2007,SAS,LAS,home,-6,-110,144.5,-110,86,67,-19,153,1020700177,44,39,1,1,1,1,1,1,1,86,67,-19,83,-5,home,home,44,-5
8/4/2007,270804008,2007,MIN,HOU,home,-2.5,-110,153.5,-110,77,80,3,157,1020700179,30,37,0,0,0,0,0,0,1,77,80,3,67,7,away,home,30,7
8/4/2007,270804014,2007,SEA,PHO,home,1.5,-110,173,-110,111,101,-10,212,1020700180,61,43,1,1,1,1,1,1,1,111,101,-10,104,-18,home,home,61,-18
8/5/2007,270805016,2007,WAS,CHI,home,-3,-110,151,-110,71,66,-5,137,1020700181,40,35,1,0,0,0,1,1,1,71,66,-5,75,-5,home,home,40,-5
8/5/2007,270805005,2007,IND,SAC,home,3,-110,135,-110,63,55,-8,118,1020700182,40,23,1,1,1,1,1,1,1,63,55,-8,63,-17,home,home,40,-17
8/7/2007,270807017,2007,SAS,WAS,home,-5,-110,147.5,-110,73,77,4,150,1020700187,34,36,1,1,1,1,1,0,1,73,77,4,70,2,away,home,34,2
8/7/2007,270807018,2007,CON,SAC,home,-5.5,-110,143.75,-110,79,81,2,160,1020700183,39,39,1,1,1,1,1,0,0,79,81,2,78,0,tie,home,39,0
8/7/2007,270807008,2007,MIN,SEA,home,-3.5,-110,159.75,-110,95,74,-21,169,1020700184,41,31,1,1,1,1,1,1,1,95,74,-21,72,-10,home,home,41,-10
8/7/2007,270807019,2007,CHI,IND,home,-4,-110,140,-110,70,75,5,145,1020700186,34,32,0,0,1,1,1,1,1,70,75,5,66,-2,home,home,34,-2
8/7/2007,270807004,2007,HOU,NYL,home,-4,-110,142.5,-110,71,77,6,148,1020700188,37,39,0,0,0,0,0,0,0,71,77,6,76,2,away,home,37,2
8/7/2007,270807006,2007,LAS,PHO,home,4.5,-110,168,-110,93,96,3,189,1020700185,40,39,0,0,0,0,0,0,1,93,96,3,79,-1,home,home,40,-1
8/9/2007,270809003,2007,TUL,SEA,home,-9,-110,152.75,-110,97,70,-27,167,1020700189,45,32,1,1,1,1,1,1,1,97,70,-27,77,-13,home,home,45,-13
8/9/2007,270809017,2007,SAS,SAC,home,1,-110,141.5,-110,72,61,-11,133,1020700190,40,34,0,1,1,1,1,1,1,72,61,-11,74,-6,home,home,40,-6
8/9/2007,270809011,2007,PHO,NYL,home,-8.5,-110,167.25,-110,97,86,-11,183,1020700191,44,35,1,0,0,1,1,1,1,97,86,-11,79,-9,home,home,44,-9
8/9/2007,270809006,2007,LAS,WAS,home,1,-110,149.25,-110,75,80,5,155,1020700192,40,41,1,1,1,0,1,0,1,75,80,5,81,1,away,home,40,1
8/10/2007,270810004,2007,HOU,SAC,home,-1,-110,142,-110,83,75,-8,158,1020700193,41,36,0,0,1,1,1,1,1,83,75,-8,77,-5,home,home,41,-5
8/11/2007,270811003,2007,TUL,IND,home,-7,-110,142,-110,74,69,-5,143,1020700194,31,41,0,0,0,0,0,0,0,74,69,-5,72,10,away,home,31,10
8/11/2007,270811017,2007,SAS,HOU,home,-6.5,-110,146.5,-110,63,60,-3,123,1020700195,29,29,0,1,0,0,0,0,0,63,60,-3,58,0,tie,home,29,0
8/11/2007,270811019,2007,CHI,CON,home,1.5,-110,151.75,-110,66,88,22,154,1020700197,33,41,0,0,0,0,0,0,0,66,88,22,74,8,away,home,33,8
8/11/2007,270811011,2007,PHO,LAS,home,-10.5,-110,174,-110,100,83,-17,183,1020700196,47,38,1,1,1,1,1,1,1,100,83,-17,85,-9,home,home,47,-9
8/11/2007,270811014,2007,SEA,WAS,home,-4,-110,157.5,-110,91,68,-23,159,1020700198,43,38,1,1,1,1,1,1,1,91,68,-23,81,-5,home,home,43,-5
8/12/2007,270812009,2007,NYL,TUL,home,1.5,-110,143.5,-110,85,84,-1,169,1020700199,49,49,1,1,1,1,1,1,1,85,84,-1,98,0,tie,home,49,0
8/12/2007,270812013,2007,SAC,WAS,home,-3,-110,144,-110,86,82,-4,168,1020700201,31,34,1,1,0,1,0,1,1,86,82,-4,65,3,away,home,31,3
8/12/2007,270812006,2007,LAS,MIN,home,-2.5,-110,158.5,-110,89,80,-9,169,1020700200,41,27,1,1,1,1,1,1,1,89,80,-9,68,-14,home,home,41,-14
8/14/2007,270814016,2007,WAS,CON,home,2,-110,154,-110,65,64,-1,129,1020700203,30,36,0,0,0,0,0,0,0,65,64,-1,66,6,away,home,30,6
8/14/2007,270814003,2007,TUL,HOU,home,-6.5,-110,152,-110,73,81,8,154,1020700202,41,47,0,0,0,0,0,0,0,73,81,8,88,6,away,home,41,6
8/14/2007,270814019,2007,CHI,NYL,home,-3.5,-110,145.25,-110,77,65,-12,142,1020700204,34,38,1,1,1,0,0,0,1,77,65,-12,72,4,away,home,34,4
8/14/2007,270814014,2007,SEA,MIN,home,-9,-110,166,-110,81,67,-14,148,1020700205,40,37,1,1,1,1,1,1,1,81,67,-14,77,-3,home,home,40,-3
8/14/2007,270814006,2007,LAS,SAS,home,5,-110,148,-110,77,84,7,161,1020700206,40,37,1,0,0,0,0,0,1,77,84,7,77,-3,home,home,40,-3
8/15/2007,270815005,2007,IND,CON,home,-1,-110,143,-110,74,77,3,151,1020700207,38,48,0,0,0,0,0,0,0,74,77,3,86,10,away,home,38,10
8/15/2007,270815013,2007,SAC,SAS,home,-2.5,-110,139.5,-110,81,74,-7,155,1020700208,36,43,1,1,0,0,0,0,0,81,74,-7,79,7,away,home,36,7
8/16/2007,270816016,2007,WAS,NYL,home,-5,-110,147,-110,72,73,1,145,1020700209,33,39,1,1,0,0,0,0,0,72,73,1,72,6,away,home,33,6
8/16/2007,270816008,2007,MIN,TUL,home,-2.5,-110,155,-110,87,77,-10,164,1020700211,49,43,1,1,1,1,1,1,1,87,77,-10,92,-6,home,home,49,-6
8/16/2007,270816004,2007,HOU,CHI,home,-5,-110,154.5,-110,70,81,11,151,1020700210,34,41,0,0,0,0,0,0,0,70,81,11,75,7,away,home,34,7
8/17/2007,270817009,2007,NYL,CON,home,1.5,-110,146.5,-110,74,66,-8,140,1020700214,36,29,1,1,1,1,1,1,1,74,66,-8,65,-7,home,home,36,-7
8/17/2007,270817017,2007,SAS,IND,home,-5,-110,139,-110,55,59,4,114,1020700215,26,20,1,1,1,1,1,0,1,55,59,4,46,-6,home,home,26,-6
8/17/2007,270817013,2007,SAC,PHO,home,-1,-110,165,-110,91,101,10,192,1020700212,37,46,1,1,1,1,0,0,0,91,101,10,83,9,away,home,37,9
8/17/2007,270817014,2007,SEA,LAS,home,-8,-110,161,-110,97,77,-20,174,1020700213,37,41,1,1,1,1,1,0,0,97,77,-20,78,4,away,home,37,4
8/19/2007,270819018,2007,CON,WAS,home,4.5,-110,151,-110,74,76,2,150,1020700216,49,38,1,1,1,1,1,1,1,74,76,2,87,-11,home,home,49,-11
8/19/2007,270819009,2007,NYL,CHI,home,-8,-110,146,-110,58,52,-6,110,1020700217,28,21,1,1,1,1,0,0,0,58,52,-6,49,-7,home,home,28,-7
8/19/2007,270819008,2007,MIN,SAS,home,1,-110,150,-110,81,55,-26,136,1020700219,28,31,0,0,1,0,0,0,1,81,55,-26,59,3,away,home,28,3
8/19/2007,270819005,2007,IND,TUL,home,-3.5,-110,143,-110,72,66,-6,138,1020700220,33,35,0,0,0,1,1,0,1,72,66,-6,68,2,away,home,33,2
8/19/2007,270819011,2007,PHO,SAC,home,-6.5,-110,170.5,-110,87,73,-14,160,1020700218,43,40,0,1,1,1,1,0,1,87,73,-14,83,-3,home,home,43,-3
8/19/2007,270819006,2007,LAS,HOU,home,-1.5,-110,152.5,-110,72,82,10,154,1020700221,40,44,1,1,1,0,0,1,0,72,82,10,84,4,away,home,40,4
8/23/2007,270823018,2007,CON,IND,home,-4.5,-110,142.75,-110,93,88,-5,181,1040700111,32,25,1,1,1,1,1,1,1,93,88,-5,57,-7,home,home,32,-7
8/23/2007,270823013,2007,SAC,SAS,home,-2.5,-110,141.75,-110,86,65,-21,151,1040700131,38,34,1,1,1,1,1,1,1,86,65,-21,72,-4,home,home,38,-4
8/24/2007,270824009,2007,NYL,TUL,home,5,-110,143,-110,73,51,-22,124,1040700101,25,25,1,1,1,1,1,1,1,73,51,-22,50,0,tie,home,25,0
8/24/2007,270824014,2007,SEA,PHO,home,-2,-110,173,-110,84,101,17,185,1040700121,33,45,1,0,0,0,0,0,0,84,101,17,78,12,away,home,33,12
8/25/2007,270825017,2007,SAS,SAC,home,-3.5,-110,141,-110,86,61,-25,147,1040700132,43,25,1,1,1,1,1,1,1,86,61,-25,68,-18,home,home,43,-18
8/25/2007,270825005,2007,IND,CON,home,-2.5,-110,141,-110,78,59,-19,137,1040700112,40,21,0,1,1,1,1,1,1,78,59,-19,61,-19,home,home,40,-19
8/26/2007,270826003,2007,TUL,NYL,home,-9,-110,144,-110,76,73,-3,149,1040700102,42,31,1,0,0,1,1,1,1,76,73,-3,73,-11,home,home,42,-11
8/26/2007,270826011,2007,PHO,SEA,home,-7.5,-110,178,-110,95,89,-6,184,1040700122,51,38,1,1,1,1,1,1,1,95,89,-6,89,-13,home,home,51,-13
8/27/2007,270827005,2007,IND,CON,home,-4,-110,138.5,-110,93,88,-5,181,1040700113,32,44,0,0,0,0,0,0,0,93,88,-5,76,12,away,home,32,12
8/27/2007,270827017,2007,SAS,SAC,home,-4,-110,143,-110,80,78,-2,158,1040700133,49,36,1,1,1,1,1,1,1,80,78,-2,85,-13,home,home,49,-13
8/28/2007,270828003,2007,TUL,NYL,home,-7,-110,146,-110,71,70,-1,141,1040700103,23,33,1,0,0,0,0,0,0,71,70,-1,56,10,away,home,23,10
8/30/2007,270830017,2007,SAS,PHO,home,1.5,-110,169.25,-110,100,102,2,202,1040700211,47,50,1,0,0,1,1,0,1,100,102,2,97,3,away,home,47,3
8/31/2007,270831005,2007,IND,TUL,home,-2.5,-110,140,-110,75,65,-10,140,1040700201,33,31,1,1,1,1,1,1,1,75,65,-10,64,-2,home,home,33,-2
9/1/2007,270901011,2007,PHO,SAS,home,-6,-110,177,-110,98,92,-6,190,1040700212,42,47,0,0,0,0,0,0,0,98,92,-6,89,5,away,home,42,5
9/2/2007,270902003,2007,TUL,IND,home,-4.5,-110,141,-110,77,63,-14,140,1040700202,41,32,0,0,0,1,1,1,1,77,63,-14,73,-9,home,home,41,-9
9/3/2007,270903003,2007,TUL,IND,home,-5,-110,140.5,-110,81,65,-16,146,1040700203,35,30,0,0,0,0,1,1,1,81,65,-16,65,-5,home,home,35,-5
9/5/2007,270905003,2007,TUL,PHO,home,-2,-110,178,-110,108,100,-8,208,1040700301,41,35,0,0,0,0,1,1,1,108,100,-8,76,-6,home,home,41,-6
9/8/2007,270908003,2007,TUL,PHO,home,-3,-110,184,-110,70,98,28,168,1040700302,32,48,0,0,0,0,0,0,0,70,98,28,80,16,away,home,32,16
9/11/2007,270911011,2007,PHO,TUL,home,-6,-110,180.5,-110,83,88,5,171,1040700303,45,50,0,0,0,0,0,0,0,83,88,5,95,5,away,home,45,5
9/13/2007,270913011,2007,PHO,TUL,home,-6.5,-110,180.5,-110,77,76,-1,153,1040700304,33,35,0,1,1,1,1,0,0,77,76,-1,68,2,away,home,33,2
9/16/2007,270916003,2007,TUL,PHO,home,-3,-110,173,-110,92,108,16,200,1040700305,43,55,0,0,0,0,0,0,0,92,108,16,98,12,away,home,43,12
5/19/2007,270519003,2007,SAC,TUL,away,4.5,-110,141,-110,68,75,7,143,1020700001,42,35,1,1,0,0,0,0,0,75,68,-7,77,-7,home,away,35,7
5/19/2007,270519016,2007,CON,WAS,away,1,-110,151,-110,89,80,-9,169,1020700002,42,49,1,1,1,1,1,1,1,80,89,9,91,7,away,away,49,-7
5/19/2007,270519005,2007,MIN,IND,away,8.5,-110,134.5,-110,64,83,19,147,1020700003,36,26,0,0,0,0,0,0,0,83,64,-19,62,-10,home,away,26,10
5/19/2007,270519011,2007,SAS,PHO,away,3.5,-110,167.5,-110,72,81,9,153,1020700004,48,28,0,0,0,0,0,0,0,81,72,-9,76,-20,home,away,28,20
5/19/2007,270519014,2007,HOU,SEA,away,7.5,-110,147,-110,69,82,13,151,1020700005,37,46,0,1,1,0,1,0,1,82,69,-13,83,9,away,away,46,-9
5/20/2007,270520009,2007,CHI,NYL,away,4,-110,144,-110,71,83,12,154,1020700006,33,42,0,0,1,1,1,1,1,83,71,-12,75,9,away,away,42,-9
5/20/2007,270520008,2007,SAC,MIN,away,-5.5,-110,144,-110,74,64,-10,138,1020700007,27,40,0,0,1,1,1,1,1,64,74,10,67,13,away,away,40,-13
5/22/2007,270522003,2007,MIN,TUL,away,13,-110,144.5,-110,75,85,10,160,1020700010,48,40,1,1,1,1,0,0,0,85,75,-10,88,-8,home,away,40,8
5/22/2007,270522016,2007,SAC,WAS,away,-0,-110,151,-110,70,52,-18,122,1020700008,34,29,0,0,0,0,0,0,1,52,70,18,63,-5,home,away,29,5
5/22/2007,270522019,2007,LAS,CHI,away,-6,-110,145.5,-110,81,64,-17,145,1020700009,30,38,1,1,1,1,1,1,1,64,81,17,68,8,away,away,38,-8
5/23/2007,270523017,2007,CON,SAS,away,-4,-110,147.5,-110,71,74,3,145,1020700012,39,18,0,0,0,0,0,0,0,74,71,-3,57,-21,home,away,18,21
5/23/2007,270523014,2007,PHO,SEA,away,5.5,-110,168.5,-110,87,100,13,187,1020700011,55,33,0,0,0,0,0,0,0,100,87,-13,88,-22,home,away,33,22
5/24/2007,270524009,2007,WAS,NYL,away,-4,-110,149.5,-110,76,81,5,157,1020700013,37,34,0,0,1,0,0,0,0,81,76,-5,71,-3,home,away,34,3
5/24/2007,270524005,2007,LAS,IND,away,4,-110,140.5,-110,70,83,13,153,1020700014,42,33,0,1,0,0,0,0,0,83,70,-13,75,-9,home,away,33,9
5/25/2007,270525017,2007,SEA,SAS,away,-3.5,-110,152.5,-110,71,82,11,153,1020700015,45,30,0,0,0,0,0,0,0,82,71,-11,75,-15,home,away,30,15
5/25/2007,270525008,2007,CHI,MIN,away,7.5,-110,147.5,-110,82,77,-5,159,1020700016,31,35,1,1,1,1,1,1,1,77,82,5,66,4,away,away,35,-4
5/25/2007,270525011,2007,HOU,PHO,away,6,-110,166,-110,85,111,26,196,1020700017,50,47,1,1,1,0,1,1,1,111,85,-26,97,-3,home,away,47,3
5/26/2007,270526018,2007,LAS,CON,away,5.5,-110,149.5,-110,88,68,-20,156,1020700018,32,52,1,1,1,1,1,1,1,68,88,20,84,20,away,away,52,-20
5/29/2007,270529008,2007,IND,MIN,away,-6,-110,143.5,-110,89,75,-14,164,1020700019,37,40,1,1,1,1,1,0,1,75,89,14,77,3,away,away,40,-3
5/29/2007,270529004,2007,SAS,HOU,away,2,-110,147,-110,82,71,-11,153,1020700021,28,35,0,0,0,0,1,1,1,71,82,11,63,7,away,away,35,-7
5/29/2007,270529011,2007,SAC,PHO,away,2,-110,167.5,-110,75,76,1,151,1020700020,38,48,1,1,1,1,1,1,1,76,75,-1,86,10,away,away,48,-10
5/30/2007,270530003,2007,WAS,TUL,away,9,-110,152,-110,79,94,15,173,1020700022,45,36,0,1,1,1,1,0,0,94,79,-15,81,-9,home,away,36,9
5/31/2007,270531017,2007,PHO,SAS,away,4,-110,171.5,-110,97,85,-12,182,1020700023,31,44,1,1,1,1,1,1,1,85,97,12,75,13,away,away,44,-13
5/31/2007,270531019,2007,CON,CHI,away,-7,-110,150.5,-110,102,97,-5,199,1020700024,56,43,0,0,0,0,0,0,0,97,102,5,99,-13,home,away,43,13
6/1/2007,270601016,2007,CHI,WAS,away,8.5,-110,157,-110,75,70,-5,145,1020700025,34,30,1,1,1,1,0,1,1,70,75,5,64,-4,home,away,30,4
6/1/2007,270601008,2007,NYL,MIN,away,1.5,-110,151.5,-110,70,60,-10,130,1020700026,26,31,1,1,1,1,1,1,1,60,70,10,57,5,away,away,31,-5
6/2/2007,270602018,2007,PHO,CON,away,2,-110,173,-110,67,76,9,143,1020700027,35,27,0,0,0,0,0,0,0,76,67,-9,62,-8,home,away,27,8
6/2/2007,270602004,2007,TUL,HOU,away,-6.5,-110,151,-110,77,71,-6,148,1020700029,33,32,0,1,0,0,1,1,0,71,77,6,65,-1,home,away,32,1
6/2/2007,270602013,2007,LAS,SAC,away,4.5,-110,142,-110,85,88,3,173,1020700028,35,46,0,0,0,0,0,1,1,88,85,-3,81,11,away,away,46,-11
6/2/2007,270602014,2007,SAS,SEA,away,7,-110,159,-110,78,68,-10,146,1020700030,35,37,0,1,0,0,0,1,1,68,78,10,72,2,away,away,37,-2
6/3/2007,270603009,2007,PHO,NYL,away,-2,-110,165.5,-110,82,83,1,165,1020700031,41,45,1,1,1,1,1,1,1,83,82,-1,86,4,away,away,45,-4
6/3/2007,270603005,2007,WAS,IND,away,10.5,-110,153,-110,66,70,4,136,1020700033,36,29,1,1,1,0,0,0,0,70,66,-4,65,-7,home,away,29,7
6/3/2007,270603019,2007,MIN,CHI,away,5.5,-110,150.5,-110,72,78,6,150,1020700032,42,28,0,0,0,0,0,0,0,78,72,-6,70,-14,home,away,28,14
6/5/2007,270605009,2007,IND,NYL,away,-4.5,-110,146.5,-110,67,78,11,145,1020700034,37,26,1,1,0,0,0,0,0,78,67,-11,63,-11,home,away,26,11
6/5/2007,270605013,2007,SAS,SAC,away,4,-110,146.5,-110,57,74,17,131,1020700035,28,26,0,0,0,0,0,0,0,74,57,-17,54,-2,home,away,26,2
6/5/2007,270605011,2007,MIN,PHO,away,12.5,-110,164.5,-110,90,85,-5,175,1020700036,43,54,1,1,1,1,1,1,1,85,90,5,97,11,away,away,54,-11
6/6/2007,270606005,2007,HOU,IND,away,10.5,-110,150,-110,59,84,25,143,1020700037,44,27,0,0,0,0,0,0,0,84,59,-25,71,-17,home,away,27,17
6/7/2007,270607011,2007,CHI,PHO,away,7,-110,168,-110,66,80,14,146,1020700039,42,32,0,0,0,0,0,0,0,80,66,-14,74,-10,home,away,32,10
6/7/2007,270607013,2007,SEA,SAC,away,8.5,-110,144.5,-110,72,81,9,153,1020700038,33,28,0,0,0,0,0,0,0,81,72,-9,61,-5,home,away,28,5
6/8/2007,270608016,2007,IND,WAS,away,-4.5,-110,147.5,-110,74,69,-5,143,1020700040,25,37,1,1,1,1,1,1,1,69,74,5,62,12,away,away,37,-12
6/8/2007,270608009,2007,TUL,NYL,away,-3,-110,147,-110,67,57,-10,124,1020700041,27,33,0,0,0,1,1,1,1,57,67,10,60,6,away,away,33,-6
6/8/2007,270608004,2007,CON,HOU,away,-6.5,-110,152,-110,88,77,-11,165,1020700042,46,30,0,0,0,0,0,0,0,77,88,11,76,-16,home,away,30,16
6/8/2007,270608006,2007,MIN,LAS,away,13,-110,153.5,-110,87,90,3,177,1020700043,49,38,0,1,0,1,0,0,0,90,87,-3,87,-11,home,away,38,11
6/9/2007,270609013,2007,PHO,SAC,away,6.5,-110,158,-110,74,70,-4,144,1020700045,33,40,1,0,1,1,1,1,1,70,74,4,73,7,away,away,40,-7
6/9/2007,270609014,2007,MIN,SEA,away,10,-110,159,-110,76,90,14,166,1020700046,51,42,0,0,1,1,0,0,0,90,76,-14,93,-9,home,away,42,9
6/10/2007,270610018,2007,TUL,CON,away,-2,-110,148,-110,79,74,-5,153,1020700047,30,37,1,1,1,1,1,1,1,74,79,5,67,7,away,away,37,-7
6/10/2007,270610005,2007,NYL,IND,away,7,-110,141,-110,61,80,19,141,1020700048,38,20,0,0,0,0,0,0,0,80,61,-19,58,-18,home,away,20,18
6/11/2007,270611004,2007,SAC,HOU,away,-7,-110,146,-110,82,67,-15,149,1020700049,26,32,1,1,1,1,1,1,1,67,82,15,58,6,away,away,32,-6
6/12/2007,270612009,2007,WAS,NYL,away,4,-110,145,-110,69,79,10,148,1020700051,43,25,0,0,0,0,0,0,0,79,69,-10,68,-18,home,away,25,18
6/12/2007,270612019,2007,SEA,CHI,away,-2.5,-110,153.5,-110,81,69,-12,150,1020700050,35,33,0,0,0,0,0,0,1,69,81,12,68,-2,home,away,33,2
6/13/2007,270613016,2007,PHO,WAS,away,-5,-110,161.5,-110,70,86,16,155,1020700052,35,31,1,0,0,0,0,0,1,86,69,-17,66,-4,home,away,31,4
6/13/2007,270613005,2007,SEA,IND,away,7.5,-110,149,-110,62,90,28,152,1020700053,50,30,1,1,1,1,0,0,0,90,62,-28,80,-20,home,away,30,20
6/13/2007,270613008,2007,CON,MIN,away,-6,-110,160,-110,73,77,4,150,1020700054,36,30,1,1,1,1,1,0,0,77,73,-4,66,-6,home,away,30,6
6/13/2007,270613006,2007,HOU,LAS,away,8,-110,154,-110,71,74,3,145,1020700055,42,36,0,0,0,0,0,0,0,74,71,-3,78,-6,home,away,36,6
6/15/2007,270615016,2007,LAS,WAS,away,1.5,-110,153,-110,89,80,-9,169,1020700056,40,44,1,1,0,1,1,1,1,80,89,9,84,4,away,away,44,-4
6/15/2007,270615005,2007,PHO,IND,away,9.5,-110,157,-110,89,78,-11,167,1020700057,41,39,0,0,0,0,0,0,0,78,89,11,80,-2,home,away,39,2
6/15/2007,270615003,2007,CON,TUL,away,8,-110,150,-110,72,75,3,147,1020700058,37,39,1,1,1,0,0,1,1,75,72,-3,76,2,away,away,39,-2
6/15/2007,270615019,2007,NYL,CHI,away,2,-110,139.5,-110,66,73,7,139,1020700059,35,31,1,0,0,0,0,0,0,73,66,-7,66,-4,home,away,31,4
6/15/2007,270615014,2007,HOU,SEA,away,11,-110,158,-110,71,84,13,155,1020700060,45,40,0,0,0,0,0,0,0,84,71,-13,85,-5,home,away,40,5
6/16/2007,270616003,2007,IND,TUL,away,4,-110,145.5,-110,77,67,-10,144,1020700062,28,37,1,1,1,1,1,1,1,67,77,10,65,9,away,away,37,-9
6/16/2007,270616017,2007,NYL,SAS,away,7.5,-110,140.5,-110,71,79,8,150,1020700063,42,31,0,0,0,0,0,0,0,79,71,-8,73,-11,home,away,31,11
6/16/2007,270616008,2007,LAS,MIN,away,-2,-110,156.5,-110,58,83,25,141,1020700061,37,33,0,0,0,0,0,0,0,83,58,-25,70,-4,home,away,33,4
6/16/2007,270616013,2007,HOU,SAC,away,12.5,-110,147,-110,63,75,12,138,1020700064,26,30,1,1,1,1,1,1,1,75,63,-12,56,4,away,away,30,-4
6/17/2007,270617018,2007,CHI,CON,away,7,-110,145.5,-110,87,74,-13,161,1020700065,34,40,1,1,1,1,1,1,1,74,87,13,74,6,away,away,40,-6
6/18/2007,270618006,2007,TUL,LAS,away,-4.5,-110,150,-110,79,73,-6,152,1020700066,37,48,1,1,1,1,1,1,1,73,79,6,85,11,away,away,48,-11
6/19/2007,270619019,2007,SAC,CHI,away,-4,-110,144.5,-110,54,52,-2,106,1020700067,29,30,1,1,1,1,1,1,1,52,54,2,59,1,away,away,30,-1
6/20/2007,270620017,2007,MIN,SAS,away,6.5,-110,150,-110,73,80,7,153,1020700068,46,29,0,0,0,0,0,0,0,80,73,-7,75,-17,home,away,29,17
6/20/2007,270620004,2007,LAS,HOU,away,-2,-110,151,-110,64,74,10,138,1020700069,37,29,0,0,0,0,0,0,0,74,64,-10,66,-8,home,away,29,8
6/20/2007,270620011,2007,WAS,PHO,away,8.5,-110,160,-110,106,101,-5,207,1020700071,41,46,0,0,0,0,1,1,1,101,106,5,87,5,away,away,46,-5
6/20/2007,270620014,2007,TUL,SEA,away,-1.5,-110,153.5,-110,87,71,-16,158,1020700072,35,44,1,1,1,1,1,1,1,71,87,16,79,9,away,away,44,-9
6/22/2007,270622005,2007,CON,IND,away,8.5,-110,149,-110,78,74,-4,152,1020700075,29,28,0,0,0,0,1,0,1,74,78,4,57,-1,home,away,28,1
6/22/2007,270622009,2007,SAS,NYL,away,-1,-110,143.5,-110,70,63,-7,133,1020700074,37,28,0,0,0,0,0,0,0,63,70,7,65,-9,home,away,28,9
6/22/2007,270622008,2007,SEA,MIN,away,1.5,-110,155.5,-110,76,78,2,154,1020700073,35,39,0,1,1,1,1,1,1,78,76,-2,74,4,away,away,39,-4
6/22/2007,270622004,2007,WAS,HOU,away,1.5,-110,156,-110,85,95,10,180,1020700077,43,43,1,1,1,1,1,1,1,95,85,-10,86,0,tie,away,43,-0
6/22/2007,270622011,2007,TUL,PHO,away,-4,-110,161.5,-110,87,84,-3,171,1020700078,53,46,1,1,1,1,0,0,0,84,87,3,99,-7,home,away,46,7
6/22/2007,270622006,2007,SAC,LAS,away,-6,-110,139,-110,88,96,8,184,1020700076,32,41,1,1,1,1,1,1,1,96,88,-8,73,9,away,away,41,-9
6/23/2007,270623018,2007,SAS,CON,away,2.5,-110,149.5,-110,71,58,-13,129,1020700079,36,39,0,1,1,1,1,1,1,58,71,13,75,3,away,away,39,-3
6/23/2007,270623019,2007,WAS,CHI,away,5.5,-110,152,-110,99,86,-13,185,1020700080,36,46,1,1,0,1,1,1,1,86,99,13,82,10,away,away,46,-10
6/23/2007,270623013,2007,TUL,SAC,away,1,-110,142.5,-110,75,85,10,160,1020700081,36,30,0,0,0,0,0,0,0,85,75,-10,66,-6,home,away,30,6
6/24/2007,270624009,2007,IND,NYL,away,-5.5,-110,145,-110,74,63,-11,137,1020700082,22,38,1,1,1,1,1,1,1,63,74,11,60,16,away,away,38,-16
6/24/2007,270624011,2007,HOU,PHO,away,3.5,-110,165,-110,85,90,5,175,1020700083,53,44,0,0,0,0,0,0,0,90,85,-5,97,-9,home,away,44,9
6/24/2007,270624006,2007,SEA,LAS,away,1,-110,154,-110,83,71,-12,154,1020700084,34,46,1,1,1,1,1,1,1,71,83,12,80,12,away,away,46,-12
6/26/2007,270626018,2007,WAS,CON,away,2,-110,163,-110,91,75,-16,166,1020700085,28,37,1,0,1,1,1,1,1,75,91,16,65,9,away,away,37,-9
6/26/2007,270626004,2007,SAS,HOU,away,-3.5,-110,145,-110,67,75,8,142,1020700086,35,38,1,1,1,0,0,0,1,75,67,-8,73,3,away,away,38,-3
6/26/2007,270626013,2007,NYL,SAC,away,10,-110,141,-110,46,59,13,105,1020700088,26,15,0,0,0,0,0,0,0,59,46,-13,41,-11,home,away,15,11
6/26/2007,270626014,2007,CHI,SEA,away,6,-110,153.5,-110,76,94,18,170,1020700087,43,29,0,0,0,0,0,0,0,94,76,-18,72,-14,home,away,29,14
6/27/2007,270627003,2007,CON,TUL,away,10,-110,152,-110,74,77,3,151,1020700089,36,39,1,1,1,1,1,1,1,77,74,-3,75,3,away,away,39,-3
6/27/2007,270627006,2007,SAC,LAS,away,-5.5,-110,142.5,-110,66,74,8,140,1020700090,43,29,0,1,1,0,0,0,0,74,66,-8,72,-14,home,away,29,14
6/28/2007,270628004,2007,SEA,HOU,away,-3.5,-110,158.5,-110,76,81,5,157,1020700091,38,35,1,1,1,1,1,0,0,81,76,-5,73,-3,home,away,35,3
6/29/2007,270629016,2007,TUL,WAS,away,-2.5,-110,163.5,-110,64,65,1,129,1020700093,24,40,0,0,1,1,1,1,1,65,64,-1,64,16,away,away,40,-16
6/29/2007,270629018,2007,IND,CON,away,-6,-110,145.5,-110,67,72,5,139,1020700092,27,31,1,1,1,1,1,0,0,72,67,-5,58,4,away,away,31,-4
6/29/2007,270629017,2007,MIN,SAS,away,6,-110,148,-110,77,66,-11,143,1020700094,32,38,0,0,1,1,1,1,1,66,77,11,70,6,away,away,38,-6
6/29/2007,270629013,2007,CHI,SAC,away,7.5,-110,140,-110,92,84,-8,176,1020700095,37,41,1,1,1,0,1,0,1,84,92,8,78,4,away,away,41,-4
6/29/2007,270629006,2007,NYL,LAS,away,5.5,-110,144,-110,80,68,-12,148,1020700096,30,36,1,1,1,1,1,1,1,68,80,12,66,6,away,away,36,-6
6/30/2007,270630004,2007,PHO,HOU,away,2,-110,168,-110,92,75,-17,167,1020700097,36,42,0,1,1,0,1,1,1,75,92,17,78,6,away,away,42,-6
7/1/2007,270701016,2007,IND,WAS,away,1.5,-110,152,-110,69,62,-7,131,1020700098,29,41,0,1,1,1,1,1,1,62,69,7,70,12,away,away,41,-12
7/1/2007,270701003,2007,SAS,TUL,away,6.5,-110,143.5,-110,71,68,-3,139,1020700099,34,33,0,0,0,0,0,0,0,68,71,3,67,-1,home,away,33,1
7/1/2007,270701013,2007,MIN,SAC,away,5,-110,144,-110,68,76,8,144,1020700100,41,34,1,1,0,1,1,0,0,76,68,-8,75,-7,home,away,34,7
7/1/2007,270701014,2007,NYL,SEA,away,7,-110,151.5,-110,53,84,31,137,1020700102,45,28,0,0,0,0,0,0,0,84,53,-31,73,-17,home,away,28,17
7/1/2007,270701006,2007,CHI,LAS,away,-1.5,-110,153.5,-110,74,71,-3,145,1020700101,32,27,1,1,0,0,0,1,1,71,74,3,59,-5,home,away,27,5
7/3/2007,270703016,2007,SAS,WAS,away,3,-110,147.5,-110,84,79,-5,163,1020700104,34,40,1,1,1,1,1,1,1,79,84,5,74,6,away,away,40,-6
7/3/2007,270703008,2007,PHO,MIN,away,-1.5,-110,166,-110,95,79,-16,174,1020700103,30,46,1,1,1,1,1,1,1,79,95,16,76,16,away,away,46,-16
7/3/2007,270703014,2007,LAS,SEA,away,10,-110,152.5,-110,71,90,19,161,1020700105,40,36,1,1,0,1,0,0,0,90,71,-19,76,-4,home,away,36,4
7/5/2007,270705006,2007,IND,LAS,away,-6,-110,145.5,-110,57,56,-1,113,1020700106,23,27,0,1,1,1,0,0,1,56,57,1,50,4,away,away,27,-4
7/6/2007,270706003,2007,NYL,TUL,away,11,-110,140,-110,82,81,-1,163,1020700109,37,32,1,1,0,0,0,0,0,81,82,1,69,-5,home,away,32,5
7/6/2007,270706008,2007,SAC,MIN,away,-2.5,-110,144.5,-110,85,80,-5,165,1020700107,38,43,0,0,0,1,1,0,1,80,85,5,81,5,away,away,43,-5
7/6/2007,270706004,2007,SEA,HOU,away,-1,-110,154,-110,71,55,-16,126,1020700108,33,35,1,1,0,1,1,1,1,55,71,16,68,2,away,away,35,-2
7/6/2007,270706011,2007,CON,PHO,away,5.5,-110,168.5,-110,109,111,2,220,1020700110,43,49,1,1,1,1,1,1,1,111,109,-2,92,6,away,away,49,-6
7/7/2007,270707019,2007,WAS,CHI,away,2,-110,157.5,-110,77,73,-4,150,1020700112,32,28,0,0,0,0,0,1,0,73,77,4,60,-4,home,away,28,4
7/7/2007,270707017,2007,SEA,SAS,away,3,-110,147,-110,73,80,7,153,1020700111,42,25,0,0,0,0,0,0,0,80,73,-7,67,-17,home,away,25,17
7/7/2007,270707006,2007,CON,LAS,away,-0,-110,148,-110,110,89,-21,199,1020700113,39,57,1,1,1,1,1,1,1,89,110,21,96,18,away,away,57,-18
7/8/2007,270708009,2007,SAC,NYL,away,-3.5,-110,136.5,-110,61,71,10,132,1020700114,48,28,0,0,0,0,0,0,0,71,61,-10,76,-20,home,away,28,20
7/8/2007,270708003,2007,PHO,TUL,away,4,-110,166.5,-110,82,111,29,193,1020700115,39,41,1,1,1,1,1,1,1,111,82,-29,80,2,away,away,41,-2
7/8/2007,270708008,2007,HOU,MIN,away,5,-110,153.5,-110,79,67,-12,146,1020700117,37,45,1,1,1,1,1,1,1,67,79,12,82,8,away,away,45,-8
7/8/2007,270708005,2007,CHI,IND,away,8,-110,144,-110,70,86,16,156,1020700116,50,26,0,0,0,0,0,0,0,86,70,-16,76,-24,home,away,26,24
7/10/2007,270710006,2007,SEA,LAS,away,-3.5,-110,152,-110,82,47,-35,129,1020700118,20,30,1,1,1,1,1,1,1,47,82,35,50,10,away,away,30,-10
7/10/2007,270710003,2007,CHI,TUL,away,9,-110,148,-110,84,92,8,176,1020700120,40,41,1,0,0,0,1,1,1,92,84,-8,81,1,away,away,41,-1
7/10/2007,270710016,2007,MIN,WAS,away,5.5,-110,159,-110,83,91,8,174,1020700119,37,43,0,0,0,1,0,1,1,91,83,-8,80,6,away,away,43,-6
7/10/2007,270710004,2007,IND,HOU,away,-6,-110,141.5,-110,79,77,-2,156,1020700121,45,38,0,0,0,1,0,0,0,77,79,2,83,-7,home,away,38,7
7/11/2007,270711014,2007,CON,SEA,away,5,-110,155.5,-110,76,63,-13,139,1020700123,32,42,1,1,1,1,1,1,1,63,76,13,74,10,away,away,42,-10
7/11/2007,270711011,2007,SAS,PHO,away,3,-110,167,-110,87,77,-10,164,1020700122,34,40,0,1,0,1,1,1,1,77,87,10,74,6,away,away,40,-6
7/12/2007,270712004,2007,MIN,HOU,away,5.5,-110,152,-110,77,87,10,164,1020700124,50,37,1,0,0,0,0,0,0,87,77,-10,87,-13,home,away,37,13
7/12/2007,270712005,2007,NYL,IND,away,8.5,-110,140,-110,63,79,16,142,1020700125,45,28,0,0,0,0,0,0,0,79,63,-16,73,-17,home,away,28,17
7/12/2007,270712019,2007,TUL,CHI,away,-4,-110,153,-110,78,65,-13,143,1020700126,37,40,0,0,0,0,1,0,1,65,78,13,77,3,away,away,40,-3
7/12/2007,270712013,2007,CON,SAC,away,5.5,-110,147,-110,82,78,-4,160,1020700127,30,34,1,0,0,0,0,1,1,78,82,4,64,4,away,away,34,-4
7/17/2007,270717018,2007,MIN,CON,away,8,-110,156,-110,79,84,5,163,1020700128,45,39,1,0,0,0,0,0,0,84,79,-5,84,-6,home,away,39,6
7/17/2007,270717011,2007,SEA,PHO,away,3,-110,170.5,-110,79,89,10,168,1020700129,45,41,1,1,0,0,0,0,0,89,79,-10,86,-4,home,away,41,4
7/17/2007,270717006,2007,SAS,LAS,away,-5,-110,147.5,-110,63,61,-2,124,1020700130,29,30,1,1,0,1,1,0,1,61,63,2,59,1,away,away,30,-1
7/18/2007,270718016,2007,HOU,WAS,away,4.5,-110,158,-110,58,65,7,123,1020700131,22,36,1,1,1,1,1,1,1,65,58,-7,58,14,away,away,36,-14
7/18/2007,270718003,2007,NYL,TUL,away,9,-110,144,-110,82,87,5,169,1020700132,33,39,0,1,1,1,1,1,1,87,82,-5,72,6,away,away,39,-6
7/18/2007,270718005,2007,CHI,IND,away,9,-110,147.5,-110,74,75,1,149,1020700133,38,39,1,1,0,0,0,0,0,75,74,-1,77,1,away,away,39,-1
7/20/2007,270720018,2007,SEA,CON,away,3,-110,153,-110,58,76,18,134,1020700134,37,41,1,0,1,1,1,1,1,76,58,-18,78,4,away,away,41,-4
7/20/2007,270720005,2007,TUL,IND,away,3,-110,145.5,-110,89,80,-9,169,1020700137,43,47,1,1,1,1,1,1,1,80,89,9,90,4,away,away,47,-4
7/20/2007,270720009,2007,HOU,NYL,away,5,-110,143.5,-110,80,74,-6,154,1020700136,38,38,0,1,1,1,1,0,1,74,80,6,76,0,tie,away,38,-0
7/20/2007,270720017,2007,SAC,SAS,away,3.5,-110,140,-110,71,81,10,152,1020700135,40,41,1,1,1,1,1,1,0,81,71,-10,81,1,away,away,41,-1
7/20/2007,270720008,2007,WAS,MIN,away,-1,-110,156,-110,91,87,-4,178,1020700139,35,25,0,0,0,0,0,0,0,87,91,4,60,-10,home,away,25,10
7/20/2007,270720011,2007,LAS,PHO,away,8.5,-110,166,-110,87,77,-10,164,1020700138,38,44,1,1,1,1,1,1,1,77,87,10,82,6,away,away,44,-6
7/21/2007,270721003,2007,WAS,TUL,away,8,-110,155.5,-110,58,66,8,124,1020700140,29,13,0,0,0,0,0,0,0,66,58,-8,42,-16,home,away,13,16
7/21/2007,270721019,2007,IND,CHI,away,-1.5,-110,145,-110,65,68,3,133,1020700141,32,36,0,0,0,0,1,1,1,68,65,-3,68,4,away,away,36,-4
7/22/2007,270722009,2007,SEA,NYL,away,-2,-110,142.5,-110,77,75,-2,152,1020700142,34,35,0,0,0,1,1,1,1,75,77,2,69,1,away,away,35,-1
7/22/2007,270722018,2007,HOU,CON,away,6,-110,151,-110,79,81,2,160,1020700143,34,34,0,0,0,0,0,1,1,81,79,-2,68,0,tie,away,34,-0
7/22/2007,270722019,2007,SAS,CHI,away,-4,-110,145,-110,82,84,2,166,1020700144,36,34,1,1,0,0,0,0,0,84,82,-2,70,-2,home,away,34,2
7/22/2007,270722011,2007,MIN,PHO,away,8.5,-110,173.5,-110,93,106,13,199,1020700145,53,38,1,1,1,1,0,0,0,106,93,-13,91,-15,home,away,38,15
7/24/2007,270724016,2007,SEA,WAS,away,-1.5,-110,150,-110,96,97,1,193,1020700146,40,40,0,0,0,0,0,0,0,97,96,-1,80,0,tie,away,40,-0
7/24/2007,270724005,2007,SAS,IND,away,1.5,-110,141.5,-110,71,63,-8,134,1020700147,29,22,1,0,0,0,0,0,0,63,71,8,51,-7,home,away,22,7
7/24/2007,270724018,2007,TUL,CON,away,-2,-110,150,-110,92,88,-4,180,1020700149,45,41,1,0,0,0,0,0,0,88,92,4,86,-4,home,away,41,4
7/24/2007,270724013,2007,LAS,SAC,away,7,-110,144,-110,59,67,8,126,1020700148,30,25,0,0,0,0,0,0,0,67,59,-8,55,-5,home,away,25,5
7/25/2007,270725008,2007,PHO,MIN,away,-3.5,-110,174,-110,103,79,-24,182,1020700150,35,47,1,1,1,1,1,1,1,79,103,24,82,12,away,away,47,-12
7/26/2007,270726013,2007,IND,SAC,away,5.5,-110,136.5,-110,50,60,10,110,1020700151,32,22,0,0,0,0,0,0,0,60,50,-10,54,-10,home,away,22,10
7/26/2007,270726018,2007,NYL,CON,away,4.5,-110,147.5,-110,75,79,4,154,1020700153,31,36,1,1,1,1,1,1,0,79,75,-4,67,5,away,away,36,-5
7/26/2007,270726003,2007,CHI,TUL,away,6.5,-110,149.5,-110,83,73,-10,156,1020700152,36,42,1,1,1,1,1,1,1,73,83,10,78,6,away,away,42,-6
7/27/2007,270727017,2007,HOU,SAS,away,7,-110,147,-110,69,63,-6,132,1020700156,29,37,0,1,1,1,1,1,1,63,69,6,66,8,away,away,37,-8
7/27/2007,270727008,2007,LAS,MIN,away,1,-110,153.5,-110,76,85,9,161,1020700154,42,37,0,0,1,0,0,0,0,85,76,-9,79,-5,home,away,37,5
7/27/2007,270727019,2007,PHO,CHI,away,-3,-110,170,-110,98,96,-2,194,1020700155,52,44,1,1,1,0,0,0,0,96,98,2,96,-8,home,away,44,8
7/27/2007,270727014,2007,IND,SEA,away,8.5,-110,143.5,-110,75,89,14,164,1020700157,50,27,0,0,0,0,0,0,0,89,75,-14,77,-23,home,away,27,23
7/28/2007,270728016,2007,TUL,WAS,away,-2,-110,157,-110,76,64,-12,140,1020700158,28,37,1,0,0,1,1,1,1,64,76,12,65,9,away,away,37,-9
7/29/2007,270729009,2007,CON,NYL,away,1,-110,150,-110,67,61,-6,128,1020700160,36,33,1,0,0,0,0,0,0,61,67,6,69,-3,home,away,33,3
7/29/2007,270729003,2007,LAS,TUL,away,7,-110,152,-110,73,75,2,148,1020700159,34,39,1,1,1,1,1,1,1,75,73,-2,73,5,away,away,39,-5
7/29/2007,270729019,2007,HOU,CHI,away,3,-110,151,-110,70,88,18,158,1020700161,47,27,0,0,0,0,0,0,0,88,70,-18,74,-20,home,away,27,20
7/29/2007,270729011,2007,IND,PHO,away,9,-110,165,-110,75,80,5,155,1020700162,32,34,1,0,1,0,0,0,0,80,75,-5,66,2,away,away,34,-2
7/29/2007,270729013,2007,MIN,SAC,away,8,-110,146,-110,78,73,-5,151,1020700163,29,32,0,1,1,1,1,1,1,73,78,5,61,3,away,away,32,-3
7/29/2007,270729014,2007,SAS,SEA,away,5.5,-110,150,-110,92,88,-4,180,1020700164,42,43,1,1,0,0,0,1,1,88,92,4,85,1,away,away,43,-1
7/31/2007,270731018,2007,CHI,CON,away,3.5,-110,155.5,-110,56,74,18,130,1020700167,41,35,0,0,0,0,0,0,0,74,56,-18,76,-6,home,away,35,6
7/31/2007,270731005,2007,WAS,IND,away,3.5,-110,144.5,-110,57,66,9,123,1020700168,30,24,0,0,0,0,0,0,0,66,57,-9,54,-6,home,away,24,6
7/31/2007,270731009,2007,LAS,NYL,away,3,-110,144,-110,73,63,-10,136,1020700165,31,41,0,0,0,1,1,1,1,63,73,10,72,10,away,away,41,-10
7/31/2007,270731017,2007,TUL,SAS,away,2,-110,146.5,-110,84,79,-5,163,1020700170,44,42,1,1,1,1,1,1,1,79,84,5,86,-2,home,away,42,2
7/31/2007,270731004,2007,PHO,HOU,away,-3.5,-110,171.5,-110,76,74,-2,150,1020700166,35,35,0,0,0,1,1,1,0,74,76,2,70,0,tie,away,35,-0
7/31/2007,270731014,2007,SAC,SEA,away,4.5,-110,148,-110,78,74,-4,152,1020700169,39,43,0,0,0,1,1,1,1,74,78,4,82,4,away,away,43,-4
8/2/2007,270802009,2007,MIN,NYL,away,3.5,-110,149,-110,66,71,5,137,1020700172,37,25,0,0,0,0,0,0,0,71,66,-5,62,-12,home,away,25,12
8/2/2007,270802017,2007,PHO,SAS,away,2.5,-110,166.5,-110,84,79,-5,163,1020700171,45,38,1,0,0,0,0,0,0,79,84,5,83,-7,home,away,38,7
8/3/2007,270803016,2007,NYL,WAS,away,4.5,-110,142.5,-110,68,80,12,148,1020700174,33,29,0,0,0,0,0,0,0,80,68,-12,62,-4,home,away,29,4
8/3/2007,270803004,2007,LAS,HOU,away,2,-110,147,-110,56,66,10,122,1020700173,31,25,0,0,0,0,0,0,0,66,56,-10,56,-6,home,away,25,6
8/3/2007,270803019,2007,TUL,CHI,away,-3.5,-110,151.5,-110,66,60,-6,126,1020700176,29,34,0,1,1,1,1,1,1,60,66,6,63,5,away,away,34,-5
8/3/2007,270803013,2007,SEA,SAC,away,4,-110,148.5,-110,76,82,6,158,1020700175,35,40,1,1,1,1,1,1,1,82,76,-6,75,5,away,away,40,-5
8/4/2007,270804018,2007,IND,CON,away,5.5,-110,143.5,-110,59,84,25,143,1020700178,49,24,0,0,0,0,0,0,0,84,59,-25,73,-25,home,away,24,25
8/4/2007,270804017,2007,LAS,SAS,away,6,-110,144.5,-110,67,86,19,153,1020700177,44,39,0,0,0,0,0,0,0,86,67,-19,83,-5,home,away,39,5
8/4/2007,270804008,2007,HOU,MIN,away,2.5,-110,153.5,-110,80,77,-3,157,1020700179,30,37,1,1,1,1,1,1,0,77,80,3,67,7,away,away,37,-7
8/4/2007,270804014,2007,PHO,SEA,away,-1.5,-110,173,-110,101,111,10,212,1020700180,61,43,0,0,0,0,0,0,0,111,101,-10,104,-18,home,away,43,18
8/5/2007,270805016,2007,CHI,WAS,away,3,-110,151,-110,66,71,5,137,1020700181,40,35,0,1,1,1,0,0,0,71,66,-5,75,-5,home,away,35,5
8/5/2007,270805005,2007,SAC,IND,away,-3,-110,135,-110,55,63,8,118,1020700182,40,23,0,0,0,0,0,0,0,63,55,-8,63,-17,home,away,23,17
8/7/2007,270807017,2007,WAS,SAS,away,5,-110,147.5,-110,77,73,-4,150,1020700187,34,36,0,0,0,0,0,1,0,73,77,4,70,2,away,away,36,-2
8/7/2007,270807018,2007,SAC,CON,away,5.5,-110,143.75,-110,81,79,-2,160,1020700183,39,39,0,0,0,0,0,1,1,79,81,2,78,0,tie,away,39,-0
8/7/2007,270807008,2007,SEA,MIN,away,3.5,-110,159.75,-110,74,95,21,169,1020700184,41,31,0,0,0,0,0,0,0,95,74,-21,72,-10,home,away,31,10
8/7/2007,270807019,2007,IND,CHI,away,4,-110,140,-110,75,70,-5,145,1020700186,34,32,1,1,0,0,0,0,0,70,75,5,66,-2,home,away,32,2
8/7/2007,270807004,2007,NYL,HOU,away,4,-110,142.5,-110,77,71,-6,148,1020700188,37,39,1,1,1,1,1,1,1,71,77,6,76,2,away,away,39,-2
8/7/2007,270807006,2007,PHO,LAS,away,-4.5,-110,168,-110,96,93,-3,189,1020700185,40,39,1,1,1,1,1,1,0,93,96,3,79,-1,home,away,39,1
8/9/2007,270809003,2007,SEA,TUL,away,9,-110,152.75,-110,70,97,27,167,1020700189,45,32,0,0,0,0,0,0,0,97,70,-27,77,-13,home,away,32,13
8/9/2007,270809017,2007,SAC,SAS,away,-1,-110,141.5,-110,61,72,11,133,1020700190,40,34,1,0,0,0,0,0,0,72,61,-11,74,-6,home,away,34,6
8/9/2007,270809011,2007,NYL,PHO,away,8.5,-110,167.25,-110,86,97,11,183,1020700191,44,35,0,1,1,0,0,0,0,97,86,-11,79,-9,home,away,35,9
8/9/2007,270809006,2007,WAS,LAS,away,-1,-110,149.25,-110,80,75,-5,155,1020700192,40,41,0,0,0,1,0,1,0,75,80,5,81,1,away,away,41,-1
8/10/2007,270810004,2007,SAC,HOU,away,1,-110,142,-110,75,83,8,158,1020700193,41,36,1,1,0,0,0,0,0,83,75,-8,77,-5,home,away,36,5
8/11/2007,270811003,2007,IND,TUL,away,7,-110,142,-110,69,74,5,143,1020700194,31,41,1,1,1,1,1,1,1,74,69,-5,72,10,away,away,41,-10
8/11/2007,270811017,2007,HOU,SAS,away,6.5,-110,146.5,-110,60,63,3,123,1020700195,29,29,1,0,1,1,1,1,1,63,60,-3,58,0,tie,away,29,-0
8/11/2007,270811019,2007,CON,CHI,away,-1.5,-110,151.75,-110,88,66,-22,154,1020700197,33,41,1,1,1,1,1,1,1,66,88,22,74,8,away,away,41,-8
8/11/2007,270811011,2007,LAS,PHO,away,10.5,-110,174,-110,83,100,17,183,1020700196,47,38,0,0,0,0,0,0,0,100,83,-17,85,-9,home,away,38,9
8/11/2007,270811014,2007,WAS,SEA,away,4,-110,157.5,-110,68,91,23,159,1020700198,43,38,0,0,0,0,0,0,0,91,68,-23,81,-5,home,away,38,5
8/12/2007,270812009,2007,TUL,NYL,away,-1.5,-110,143.5,-110,84,85,1,169,1020700199,49,49,0,0,0,0,0,0,0,85,84,-1,98,0,tie,away,49,-0
8/12/2007,270812013,2007,WAS,SAC,away,3,-110,144,-110,82,86,4,168,1020700201,31,34,0,0,1,0,1,0,0,86,82,-4,65,3,away,away,34,-3
8/12/2007,270812006,2007,MIN,LAS,away,2.5,-110,158.5,-110,80,89,9,169,1020700200,41,27,0,0,0,0,0,0,0,89,80,-9,68,-14,home,away,27,14
8/14/2007,270814016,2007,CON,WAS,away,-2,-110,154,-110,64,65,1,129,1020700203,30,36,1,1,1,1,1,1,1,65,64,-1,66,6,away,away,36,-6
8/14/2007,270814003,2007,HOU,TUL,away,6.5,-110,152,-110,81,73,-8,154,1020700202,41,47,1,1,1,1,1,1,1,73,81,8,88,6,away,away,47,-6
8/14/2007,270814019,2007,NYL,CHI,away,3.5,-110,145.25,-110,65,77,12,142,1020700204,34,38,0,0,0,1,1,1,0,77,65,-12,72,4,away,away,38,-4
8/14/2007,270814014,2007,MIN,SEA,away,9,-110,166,-110,67,81,14,148,1020700205,40,37,0,0,0,0,0,0,0,81,67,-14,77,-3,home,away,37,3
8/14/2007,270814006,2007,SAS,LAS,away,-5,-110,148,-110,84,77,-7,161,1020700206,40,37,0,1,1,1,1,1,0,77,84,7,77,-3,home,away,37,3
8/15/2007,270815005,2007,CON,IND,away,1,-110,143,-110,77,74,-3,151,1020700207,38,48,1,1,1,1,1,1,1,74,77,3,86,10,away,away,48,-10
8/15/2007,270815013,2007,SAS,SAC,away,2.5,-110,139.5,-110,74,81,7,155,1020700208,36,43,0,0,1,1,1,1,1,81,74,-7,79,7,away,away,43,-7
8/16/2007,270816016,2007,NYL,WAS,away,5,-110,147,-110,73,72,-1,145,1020700209,33,39,0,0,1,1,1,1,1,72,73,1,72,6,away,away,39,-6
8/16/2007,270816008,2007,TUL,MIN,away,2.5,-110,155,-110,77,87,10,164,1020700211,49,43,0,0,0,0,0,0,0,87,77,-10,92,-6,home,away,43,6
8/16/2007,270816004,2007,CHI,HOU,away,5,-110,154.5,-110,81,70,-11,151,1020700210,34,41,1,1,1,1,1,1,1,70,81,11,75,7,away,away,41,-7
8/17/2007,270817009,2007,CON,NYL,away,-1.5,-110,146.5,-110,66,74,8,140,1020700214,36,29,0,0,0,0,0,0,0,74,66,-8,65,-7,home,away,29,7
8/17/2007,270817017,2007,IND,SAS,away,5,-110,139,-110,59,55,-4,114,1020700215,26,20,0,0,0,0,0,1,0,55,59,4,46,-6,home,away,20,6
8/17/2007,270817013,2007,PHO,SAC,away,1,-110,165,-110,101,91,-10,192,1020700212,37,46,0,0,0,0,1,1,1,91,101,10,83,9,away,away,46,-9
8/17/2007,270817014,2007,LAS,SEA,away,8,-110,161,-110,77,97,20,174,1020700213,37,41,0,0,0,0,0,1,1,97,77,-20,78,4,away,away,41,-4
8/19/2007,270819018,2007,WAS,CON,away,-4.5,-110,151,-110,76,74,-2,150,1020700216,49,38,0,0,0,0,0,0,0,74,76,2,87,-11,home,away,38,11
8/19/2007,270819009,2007,CHI,NYL,away,8,-110,146,-110,52,58,6,110,1020700217,28,21,0,0,0,0,1,1,1,58,52,-6,49,-7,home,away,21,7
8/19/2007,270819008,2007,SAS,MIN,away,-1,-110,150,-110,55,81,26,136,1020700219,28,31,1,1,0,1,1,1,0,81,55,-26,59,3,away,away,31,-3
8/19/2007,270819005,2007,TUL,IND,away,3.5,-110,143,-110,66,72,6,138,1020700220,33,35,1,1,1,0,0,1,0,72,66,-6,68,2,away,away,35,-2
8/19/2007,270819011,2007,SAC,PHO,away,6.5,-110,170.5,-110,73,87,14,160,1020700218,43,40,1,0,0,0,0,1,0,87,73,-14,83,-3,home,away,40,3
8/19/2007,270819006,2007,HOU,LAS,away,1.5,-110,152.5,-110,82,72,-10,154,1020700221,40,44,0,0,0,1,1,0,1,72,82,10,84,4,away,away,44,-4
8/23/2007,270823018,2007,IND,CON,away,4.5,-110,142.75,-110,88,93,5,181,1040700111,32,25,0,0,0,0,0,0,0,93,88,-5,57,-7,home,away,25,7
8/23/2007,270823013,2007,SAS,SAC,away,2.5,-110,141.75,-110,65,86,21,151,1040700131,38,34,0,0,0,0,0,0,0,86,65,-21,72,-4,home,away,34,4
8/24/2007,270824009,2007,TUL,NYL,away,-5,-110,143,-110,51,73,22,124,1040700101,25,25,0,0,0,0,0,0,0,73,51,-22,50,0,tie,away,25,-0
8/24/2007,270824014,2007,PHO,SEA,away,2,-110,173,-110,101,84,-17,185,1040700121,33,45,0,1,1,1,1,1,1,84,101,17,78,12,away,away,45,-12
8/25/2007,270825017,2007,SAC,SAS,away,3.5,-110,141,-110,61,86,25,147,1040700132,43,25,0,0,0,0,0,0,0,86,61,-25,68,-18,home,away,25,18
8/25/2007,270825005,2007,CON,IND,away,2.5,-110,141,-110,59,78,19,137,1040700112,40,21,1,0,0,0,0,0,0,78,59,-19,61,-19,home,away,21,19
8/26/2007,270826003,2007,NYL,TUL,away,9,-110,144,-110,73,76,3,149,1040700102,42,31,0,1,1,0,0,0,0,76,73,-3,73,-11,home,away,31,11
8/26/2007,270826011,2007,SEA,PHO,away,7.5,-110,178,-110,89,95,6,184,1040700122,51,38,0,0,0,0,0,0,0,95,89,-6,89,-13,home,away,38,13
8/27/2007,270827005,2007,CON,IND,away,4,-110,138.5,-110,88,93,5,181,1040700113,32,44,1,1,1,1,1,1,1,93,88,-5,76,12,away,away,44,-12
8/27/2007,270827017,2007,SAC,SAS,away,4,-110,143,-110,78,80,2,158,1040700133,49,36,0,0,0,0,0,0,0,80,78,-2,85,-13,home,away,36,13
8/28/2007,270828003,2007,NYL,TUL,away,7,-110,146,-110,70,71,1,141,1040700103,23,33,0,1,1,1,1,1,1,71,70,-1,56,10,away,away,33,-10
8/30/2007,270830017,2007,PHO,SAS,away,-1.5,-110,169.25,-110,102,100,-2,202,1040700211,47,50,0,1,1,0,0,1,0,100,102,2,97,3,away,away,50,-3
8/31/2007,270831005,2007,TUL,IND,away,2.5,-110,140,-110,65,75,10,140,1040700201,33,31,0,0,0,0,0,0,0,75,65,-10,64,-2,home,away,31,2
9/1/2007,270901011,2007,SAS,PHO,away,6,-110,177,-110,92,98,6,190,1040700212,42,47,1,1,1,1,1,1,1,98,92,-6,89,5,away,away,47,-5
9/2/2007,270902003,2007,IND,TUL,away,4.5,-110,141,-110,63,77,14,140,1040700202,41,32,1,1,1,0,0,0,0,77,63,-14,73,-9,home,away,32,9
9/3/2007,270903003,2007,IND,TUL,away,5,-110,140.5,-110,65,81,16,146,1040700203,35,30,1,1,1,1,0,0,0,81,65,-16,65,-5,home,away,30,5
9/5/2007,270905003,2007,PHO,TUL,away,2,-110,178,-110,100,108,8,208,1040700301,41,35,1,1,1,1,0,0,0,108,100,-8,76,-6,home,away,35,6
9/8/2007,270908003,2007,PHO,TUL,away,3,-110,184,-110,98,70,-28,168,1040700302,32,48,1,1,1,1,1,1,1,70,98,28,80,16,away,away,48,-16
9/11/2007,270911011,2007,TUL,PHO,away,6,-110,180.5,-110,88,83,-5,171,1040700303,45,50,1,1,1,1,1,1,1,83,88,5,95,5,away,away,50,-5
9/13/2007,270913011,2007,TUL,PHO,away,6.5,-110,180.5,-110,76,77,1,153,1040700304,33,35,1,0,0,0,0,1,1,77,76,-1,68,2,away,away,35,-2
9/16/2007,270916003,2007,PHO,TUL,away,3,-110,173,-110,108,92,-16,200,1040700305,43,55,1,1,1,1,1,1,1,92,108,16,98,12,away,away,55,-12
5/17/2008,280517011,2008,PHO,LAS,home,1.5,-110,173,-110,94,99,5,193,1020800002,42,51,1,1,0,1,0,0,0,94,99,5,93,9,away,home,42,9
5/17/2008,280517003,2008,TUL,HOU,home,-10,-110,152.5,-110,85,66,-19,151,1020800001,44,43,1,1,1,1,1,1,1,85,66,-19,87,-1,home,home,44,-1
5/17/2008,280517018,2008,CON,ATL,home,-10.5,-110,157.5,-110,100,67,-33,167,1020800003,51,34,0,0,1,1,1,1,1,100,67,-33,85,-17,home,home,51,-17
5/17/2008,280517005,2008,IND,WAS,home,-5,-110,142.5,-110,64,53,-11,117,1020800004,35,32,1,1,1,1,1,1,1,64,53,-11,67,-3,home,home,35,-3
5/17/2008,280517013,2008,SAC,SAS,home,1.5,-110,143.5,-110,73,64,-9,137,1020800005,41,35,1,1,1,1,1,0,1,73,64,-9,76,-6,home,home,41,-6
5/17/2008,280517014,2008,SEA,CHI,home,-7.5,-110,153.5,-110,67,61,-6,128,1020800006,29,35,1,1,0,0,0,0,0,67,61,-6,64,6,away,home,29,6
5/18/2008,280518009,2008,NYL,CON,home,-3,-110,146,-110,63,77,14,140,1020800007,26,36,0,0,0,0,0,0,0,63,77,14,62,10,away,home,26,10
5/18/2008,280518008,2008,MIN,TUL,home,2.5,-110,147,-110,84,70,-14,154,1020800008,45,40,0,0,1,1,0,1,1,84,70,-14,85,-5,home,home,45,-5
5/20/2008,280520017,2008,SAS,PHO,home,-2.5,-110,170.75,-110,81,76,-5,157,1020800009,42,31,0,0,0,1,1,1,1,81,76,-5,73,-11,home,home,42,-11
5/20/2008,280520014,2008,SEA,SAC,home,-7,-110,144.5,-110,74,62,-12,136,1020800010,24,34,0,1,0,0,0,0,0,74,62,-12,58,10,away,home,24,10
5/21/2008,280521003,2008,TUL,IND,home,-7,-110,143.25,-110,76,71,-5,147,1020800011,43,36,1,1,1,1,1,1,1,76,71,-5,79,-7,home,home,43,-7
5/22/2008,280522009,2008,NYL,WAS,home,-5,-110,136,-110,79,60,-19,139,1020800012,46,25,1,1,1,1,1,1,1,79,60,-19,71,-21,home,home,46,-21
5/22/2008,280522019,2008,CHI,SAC,home,-4,-110,140.5,-110,87,77,-10,164,1020800013,42,33,0,1,0,1,1,1,1,87,77,-10,75,-9,home,home,42,-9
5/22/2008,280522011,2008,PHO,SEA,home,-3.5,-110,173.75,-110,83,87,4,170,1020800014,52,37,1,1,0,1,1,1,1,83,87,4,89,-15,home,home,52,-15
5/23/2008,280523020,2008,ATL,TUL,home,10,-110,156.5,-110,76,88,12,164,1020800015,45,32,0,0,1,1,1,1,1,76,88,12,77,-13,home,home,45,-13
5/24/2008,280524017,2008,SAS,SEA,home,-2.5,-110,142.5,-110,87,72,-15,159,1020800016,43,30,1,1,1,1,1,1,1,87,72,-15,73,-13,home,home,43,-13
5/24/2008,280524018,2008,CON,SAC,home,-6.5,-110,150.5,-110,87,64,-23,151,1020800017,39,37,0,0,0,0,0,0,1,87,64,-23,76,-2,home,home,39,-2
5/25/2008,280525020,2008,ATL,LAS,home,12,-110,170.5,-110,56,74,18,130,1020800018,21,41,0,0,0,0,0,0,0,56,74,18,62,20,away,home,21,20
5/25/2008,280525016,2008,WAS,HOU,home,-4.5,-110,145.5,-110,69,66,-3,135,1020800019,30,27,0,0,0,0,1,1,1,69,66,-3,57,-3,home,home,30,-3
5/25/2008,280525003,2008,TUL,NYL,home,-6,-110,144,-110,72,62,-10,134,1020800020,29,19,1,1,1,1,1,1,1,72,62,-10,48,-10,home,home,29,-10
5/27/2008,280527016,2008,WAS,ATL,home,-11,-110,148.5,-110,80,74,-6,154,1020800022,31,38,1,1,0,0,0,0,0,80,74,-6,69,7,away,home,31,7
5/27/2008,280527018,2008,CON,IND,home,-8,-110,148.5,-110,46,75,29,121,1020800021,24,46,0,0,0,0,0,0,0,46,75,29,70,22,away,home,24,22
5/27/2008,280527004,2008,HOU,MIN,home,-4.5,-110,151,-110,92,98,6,190,1020800023,45,37,1,1,1,1,1,1,1,92,98,6,82,-8,home,home,45,-8
5/29/2008,280529005,2008,IND,LAS,home,3.5,-110,146,-110,82,78,-4,160,1020800024,37,22,1,1,1,1,1,1,1,82,78,-4,59,-15,home,home,37,-15
5/29/2008,280529019,2008,CHI,MIN,home,-4,-110,155,-110,69,75,6,144,1020800025,38,34,0,0,0,1,0,1,1,69,75,6,72,-4,home,home,38,-4
5/30/2008,280530018,2008,CON,NYL,home,-7,-110,144,-110,89,84,-5,173,1020800026,42,34,1,1,1,1,1,1,1,89,84,-5,76,-8,home,home,42,-8
5/30/2008,280530013,2008,SAC,HOU,home,-5.5,-110,148,-110,73,66,-7,139,1020800027,38,33,1,1,1,1,1,1,1,73,66,-7,71,-5,home,home,38,-5
5/30/2008,280530014,2008,SEA,SAS,home,-6,-110,147,-110,78,57,-21,135,1020800028,39,23,1,1,1,1,1,1,1,78,57,-21,62,-16,home,home,39,-16
5/31/2008,280531016,2008,WAS,LAS,home,7,-110,147.75,-110,59,70,11,129,1020800029,22,37,0,0,0,0,0,0,0,59,70,11,59,15,away,home,22,15
5/31/2008,280531005,2008,IND,TUL,home,-4.5,-110,140,-110,65,74,9,139,1020800030,32,28,1,1,1,1,1,0,1,65,74,9,60,-4,home,home,32,-4
5/31/2008,280531008,2008,MIN,PHO,home,-3,-110,176,-110,94,83,-11,177,1020800031,44,36,1,1,1,1,1,1,1,94,83,-11,80,-8,home,home,44,-8
6/1/2008,280601019,2008,CHI,CON,home,2.5,-110,149.5,-110,73,75,2,148,1020800032,37,40,0,1,1,0,1,0,0,73,75,2,77,3,away,home,37,3
6/1/2008,280601014,2008,SEA,HOU,home,-11,-110,145.5,-110,64,63,-1,127,1020800033,32,32,0,0,0,0,0,1,1,64,63,-1,64,0,tie,home,32,0
6/3/2008,280603020,2008,ATL,MIN,home,9.5,-110,156,-110,81,85,4,166,1020800034,24,31,1,1,1,0,0,1,1,81,85,4,55,7,away,home,24,7
6/3/2008,280603009,2008,NYL,SEA,home,3,-110,143,-110,77,63,-14,140,1020800035,38,36,1,1,1,1,1,1,1,77,63,-14,74,-2,home,home,38,-2
6/3/2008,280603019,2008,CHI,LAS,home,6.5,-110,147.5,-110,77,81,4,158,1020800036,33,34,0,0,0,0,0,0,0,77,81,4,67,1,away,home,33,1
6/3/2008,280603004,2008,HOU,SAS,home,1.5,-110,145,-110,75,72,-3,147,1020800037,39,35,1,0,1,0,0,0,1,75,72,-3,74,-4,home,home,39,-4
6/3/2008,280603011,2008,PHO,WAS,home,-8.5,-110,168,-110,98,93,-5,191,1020800038,53,42,1,1,1,1,1,1,1,98,93,-5,95,-11,home,home,53,-11
6/4/2008,280604003,2008,TUL,SEA,home,-5.5,-110,144.5,-110,77,67,-10,144,1020800039,38,33,1,0,0,0,0,1,1,77,67,-10,71,-5,home,home,38,-5
6/6/2008,280606018,2008,CON,MIN,home,-5,-110,163.5,-110,78,77,-1,155,1020800040,43,35,0,0,0,0,1,1,1,78,77,-1,78,-8,home,home,43,-8
6/6/2008,280606009,2008,NYL,HOU,home,-6,-110,143.5,-110,81,73,-8,154,1020800041,38,33,1,1,1,1,1,1,1,81,73,-8,71,-5,home,home,38,-5
6/6/2008,280606020,2008,ATL,CHI,home,5.5,-110,149.5,-110,72,86,14,158,1020800042,30,36,1,0,0,0,0,0,0,72,86,14,66,6,away,home,30,6
6/6/2008,280606017,2008,SAS,WAS,home,-7.5,-110,145,-110,63,52,-11,115,1020800043,31,35,0,0,0,0,0,0,0,63,52,-11,66,4,away,home,31,4
6/6/2008,280606013,2008,SAC,TUL,home,2.5,-110,145.5,-110,70,84,14,154,1020800044,48,44,0,1,0,0,0,1,1,70,84,14,92,-4,home,home,48,-4
6/6/2008,280606006,2008,LAS,PHO,home,-8,-110,176,-110,79,85,6,164,1020800045,42,39,1,1,1,1,1,1,1,79,85,6,81,-3,home,home,42,-3
6/7/2008,280607005,2008,IND,HOU,home,-9.5,-110,137.5,-110,84,75,-9,159,1020800046,48,32,0,1,1,1,1,1,1,84,75,-9,80,-16,home,home,48,-16
6/7/2008,280607019,2008,CHI,ATL,home,-11,-110,151.5,-110,91,70,-21,161,1020800047,52,26,1,1,1,1,1,1,1,91,70,-21,78,-26,home,home,52,-26
6/7/2008,280607014,2008,SEA,TUL,home,-4.5,-110,142.25,-110,75,67,-8,142,1020800048,40,28,1,1,1,1,1,1,1,75,67,-8,68,-12,home,home,40,-12
6/8/2008,280608018,2008,CON,WAS,home,-10,-110,148,-110,87,79,-8,166,1020800049,41,38,0,1,1,1,1,1,1,87,79,-8,79,-3,home,home,41,-3
6/8/2008,280608009,2008,NYL,SAC,home,-7.5,-110,147,-110,63,70,7,133,1020800050,36,33,1,1,1,1,1,1,0,63,70,7,69,-3,home,home,36,-3
6/8/2008,280608008,2008,MIN,SAS,home,-7.5,-110,151,-110,90,78,-12,168,1020800051,41,35,1,0,1,1,1,1,1,90,78,-12,76,-6,home,home,41,-6
6/10/2008,280610008,2008,MIN,CON,home,-4,-110,161,-110,66,75,9,141,1020800052,37,28,0,0,0,0,1,1,1,66,75,9,65,-9,home,home,37,-9
6/11/2008,280611016,2008,WAS,SAC,home,-3,-110,141,-110,76,79,3,155,1020800053,37,43,1,1,1,0,0,0,0,76,79,3,80,6,away,home,37,6
6/11/2008,280611020,2008,ATL,NYL,home,7,-110,151.5,-110,77,81,4,158,1020800054,36,35,1,1,0,1,1,0,0,77,81,4,71,-1,home,home,36,-1
6/11/2008,280611017,2008,SAS,IND,home,-3,-110,140.5,-110,64,53,-11,117,1020800055,28,20,0,0,0,1,1,1,1,64,53,-11,48,-8,home,home,28,-8
6/11/2008,280611014,2008,SEA,PHO,home,-5.5,-110,168.5,-110,83,77,-6,160,1020800056,36,35,1,1,1,1,1,1,1,83,77,-6,71,-1,home,home,36,-1
6/11/2008,280611006,2008,LAS,TUL,home,-5,-110,148.5,-110,80,73,-7,153,1020800057,48,43,1,1,1,1,1,1,1,80,73,-7,91,-5,home,home,48,-5
6/12/2008,280612008,2008,MIN,SAC,home,-9,-110,154,-110,78,82,4,160,1020800058,31,46,1,1,1,0,0,0,0,78,82,4,77,15,away,home,31,15
6/13/2008,280613020,2008,ATL,IND,home,8,-110,146.5,-110,67,76,9,143,1020800059,29,32,0,0,0,0,0,0,0,67,76,9,61,3,away,home,29,3
6/13/2008,280613017,2008,SAS,SEA,home,-2,-110,140,-110,74,69,-5,143,1020800060,30,40,0,0,0,0,0,0,0,74,69,-5,70,10,away,home,30,10
6/13/2008,280613019,2008,CHI,WAS,home,-6,-110,147.5,-110,57,64,7,121,1020800061,28,31,0,1,1,0,0,1,0,57,64,7,59,3,away,home,28,3
6/13/2008,280613006,2008,LAS,CON,home,-5.5,-110,152,-110,98,93,-5,191,1020800062,54,49,1,1,1,1,1,1,1,98,93,-5,103,-5,home,home,54,-5
6/14/2008,280614011,2008,PHO,TUL,home,3,-110,173.25,-110,79,89,10,168,1020800063,31,43,1,0,0,0,0,0,0,79,89,10,74,12,away,home,31,12
6/14/2008,280614009,2008,NYL,MIN,home,-2,-110,154.5,-110,77,76,-1,153,1020800064,41,38,1,1,1,1,1,0,1,77,76,-1,79,-3,home,home,41,-3
6/14/2008,280614004,2008,HOU,SEA,home,2,-110,145.5,-110,68,60,-8,128,1020800065,29,25,1,1,1,1,1,1,1,68,60,-8,54,-4,home,home,29,-4
6/14/2008,280614013,2008,SAC,LAS,home,1.5,-110,148.75,-110,66,74,8,140,1020800066,44,31,1,1,1,1,1,1,1,66,74,8,75,-13,home,home,44,-13
6/15/2008,280615005,2008,IND,SAS,home,-7.5,-110,138,-110,60,70,10,130,1020800067,27,27,1,0,1,0,0,0,1,60,70,10,54,0,tie,home,27,0
6/16/2008,280616004,2008,HOU,ATL,home,-10.5,-110,155,-110,88,79,-9,167,1020800068,45,35,1,1,1,1,1,1,1,88,79,-9,80,-10,home,home,45,-10
6/16/2008,280616014,2008,SEA,CON,home,-2.5,-110,148.5,-110,67,74,7,141,1020800069,36,37,1,1,1,1,1,1,1,67,74,7,73,1,away,home,36,1
6/18/2008,280618005,2008,IND,NYL,home,-6.5,-110,138.5,-110,83,69,-14,152,1020800071,41,33,1,1,1,1,1,1,1,83,69,-14,74,-8,home,home,41,-8
6/18/2008,280618020,2008,ATL,SAS,home,6.5,-110,151.5,-110,66,81,15,147,1020800070,26,34,1,0,0,0,0,0,0,66,81,15,60,8,away,home,26,8
6/18/2008,280618004,2008,HOU,WAS,home,-4.5,-110,145.5,-110,63,67,4,130,1020800072,34,30,1,1,1,0,1,0,1,63,67,4,64,-4,home,home,34,-4
6/18/2008,280618011,2008,PHO,CON,home,-1.5,-110,176,-110,102,81,-21,183,1020800073,53,51,1,1,0,0,1,1,1,102,81,-21,104,-2,home,home,53,-2
6/18/2008,280618006,2008,LAS,CHI,home,-9.5,-110,148,-110,80,67,-13,147,1020800074,38,23,1,1,1,1,1,1,1,80,67,-13,61,-15,home,home,38,-15
6/20/2008,280620016,2008,WAS,ATL,home,-10.5,-110,152,-110,72,61,-11,133,1020800075,22,23,1,0,0,1,1,1,0,72,61,-11,45,1,away,home,22,1
6/20/2008,280620003,2008,TUL,MIN,home,-7,-110,157.25,-110,98,93,-5,191,1020800076,42,34,0,0,0,1,1,1,1,98,93,-5,76,-8,home,home,42,-8
6/20/2008,280620017,2008,SAS,LAS,home,-1,-110,145,-110,77,75,-2,152,1020800077,45,28,0,1,1,1,1,1,1,77,75,-2,73,-17,home,home,45,-17
6/20/2008,280620011,2008,PHO,CHI,home,-8,-110,170.5,-110,112,105,-7,217,1020800078,45,49,1,1,1,1,1,1,0,112,105,-7,94,4,away,home,45,4
6/20/2008,280620013,2008,SAC,CON,home,-1,-110,153,-110,56,72,16,128,1020800079,33,42,0,0,0,0,0,0,0,56,72,16,75,9,away,home,33,9
6/20/2008,280620014,2008,SEA,IND,home,-5,-110,137.25,-110,78,70,-8,148,1020800080,42,35,1,1,1,1,1,1,1,78,70,-8,77,-7,home,home,42,-7
6/21/2008,280621008,2008,MIN,HOU,home,-7.5,-110,155,-110,65,72,7,137,1020800081,29,34,0,0,0,0,0,0,0,65,72,7,63,5,away,home,29,5
6/22/2008,280622020,2008,ATL,TUL,home,10.5,-110,157,-110,76,97,21,173,1020800082,35,52,0,0,0,0,0,0,0,76,97,21,87,17,away,home,35,17
6/22/2008,280622009,2008,NYL,PHO,home,-2,-110,171.5,-110,105,72,-33,177,1020800083,52,30,0,1,1,1,1,1,1,105,72,-33,82,-22,home,home,52,-22
6/22/2008,280622013,2008,SAC,CHI,home,-5.5,-110,146,-110,82,70,-12,152,1020800084,39,31,1,1,1,1,1,1,1,82,70,-12,70,-8,home,home,39,-8
6/22/2008,280622006,2008,LAS,IND,home,-7,-110,145,-110,77,63,-14,140,1020800085,39,26,1,1,1,1,1,1,1,77,63,-14,65,-13,home,home,39,-13
6/24/2008,280624016,2008,WAS,PHO,home,1,-110,167.5,-110,90,98,8,188,1020800088,39,40,1,1,0,1,0,0,0,90,98,8,79,1,away,home,39,1
6/24/2008,280624018,2008,CON,TUL,home,-3,-110,156.5,-110,85,68,-17,153,1020800087,40,33,0,0,1,1,1,1,1,85,68,-17,73,-7,home,home,40,-7
6/24/2008,280624005,2008,IND,SAC,home,-7.5,-110,141.5,-110,78,73,-5,151,1020800089,36,47,0,0,0,0,0,0,0,78,73,-5,83,11,away,home,36,11
6/24/2008,280624008,2008,MIN,NYL,home,-5,-110,154.5,-110,91,69,-22,160,1020800090,45,37,1,1,1,1,1,1,1,91,69,-22,82,-8,home,home,45,-8
6/24/2008,280624017,2008,SAS,HOU,home,-8,-110,144.5,-110,81,82,1,163,1020800091,38,36,0,0,1,1,1,1,1,81,82,1,74,-2,home,home,38,-2
6/24/2008,280624006,2008,LAS,SEA,home,-6.5,-110,144.5,-110,76,62,-14,138,1020800086,35,33,1,1,1,0,0,1,1,76,62,-14,68,-2,home,home,35,-2
6/26/2008,280626009,2008,NYL,IND,home,-2,-110,145,-110,102,96,-6,198,1020800092,30,37,0,0,0,0,0,0,0,102,96,-6,67,7,away,home,30,7
6/26/2008,280626003,2008,TUL,CON,home,-6.5,-110,154,-110,70,61,-9,131,1020800093,37,27,1,1,1,1,1,1,1,70,61,-9,64,-10,home,home,37,-10
6/26/2008,280626008,2008,MIN,SAC,home,-5.5,-110,154,-110,80,76,-4,156,1020800094,42,39,0,0,1,1,1,1,1,80,76,-4,81,-3,home,home,42,-3
6/26/2008,280626004,2008,HOU,SAS,home,3,-110,141.5,-110,77,71,-6,148,1020800095,36,43,1,0,0,0,0,0,0,77,71,-6,79,7,away,home,36,7
6/26/2008,280626019,2008,CHI,PHO,home,1.5,-110,176,-110,79,89,10,168,1020800096,37,46,1,0,0,1,0,0,0,79,89,10,83,9,away,home,37,9
6/26/2008,280626006,2008,LAS,WAS,home,-12,-110,143.5,-110,74,77,3,151,1020800097,40,32,0,0,1,1,1,1,1,74,77,3,72,-8,home,home,40,-8
6/27/2008,280627018,2008,CON,ATL,home,-15,-110,159.5,-110,109,101,-8,210,1020800098,38,35,1,1,1,1,1,1,1,109,101,-8,73,-3,home,home,38,-3
6/28/2008,280628017,2008,SAS,MIN,home,-4.5,-110,152.5,-110,73,65,-8,138,1020800100,39,29,1,1,1,1,1,1,1,73,65,-8,68,-10,home,home,39,-10
6/28/2008,280628019,2008,CHI,TUL,home,6,-110,150.5,-110,76,59,-17,135,1020800099,44,31,1,1,1,1,1,1,1,76,59,-17,75,-13,home,home,44,-13
6/28/2008,280628004,2008,HOU,IND,home,2,-110,142,-110,75,61,-14,136,1020800101,39,29,1,1,1,1,1,1,1,75,61,-14,68,-10,home,home,39,-10
6/28/2008,280628013,2008,SAC,NYL,home,-4,-110,150,-110,82,78,-4,160,1020800102,30,38,1,0,1,0,0,0,1,82,78,-4,68,8,away,home,30,8
6/29/2008,280629018,2008,CON,PHO,home,-6.5,-110,178,-110,80,87,7,167,1020800103,36,40,0,0,0,0,0,0,0,80,87,7,76,4,away,home,36,4
6/29/2008,280629003,2008,TUL,ATL,home,-15.5,-110,160.5,-110,100,92,-8,192,1020800104,51,51,1,1,0,0,0,0,0,100,92,-8,102,0,tie,home,51,0
6/29/2008,280629014,2008,SEA,WAS,home,-8,-110,141,-110,64,49,-15,113,1020800105,35,24,1,1,1,1,1,1,1,64,49,-15,59,-11,home,home,35,-11
7/1/2008,280701006,2008,LAS,NYL,home,-9,-110,148.5,-110,78,89,11,167,1020800111,43,36,1,1,1,1,1,1,1,78,89,11,79,-7,home,home,43,-7
7/1/2008,280701018,2008,CON,HOU,home,-9,-110,151.5,-110,78,68,-10,146,1020800106,30,38,0,0,0,0,0,0,0,78,68,-10,68,8,away,home,30,8
7/1/2008,280701020,2008,ATL,PHO,home,7,-110,182.5,-110,79,97,18,176,1020800107,34,58,1,0,1,1,0,0,0,79,97,18,92,24,away,home,34,24
7/1/2008,280701017,2008,SAS,TUL,home,-4,-110,144.5,-110,79,72,-7,151,1020800109,37,28,1,1,1,1,1,1,1,79,72,-7,65,-9,home,home,37,-9
7/1/2008,280701008,2008,MIN,CHI,home,-7,-110,149.5,-110,71,73,2,144,1020800108,46,43,0,0,0,0,1,1,0,71,73,2,89,-3,home,home,46,-3
7/1/2008,280701013,2008,SAC,WAS,home,-5,-110,142.5,-110,87,81,-6,168,1020800110,44,43,1,1,1,1,1,1,1,87,81,-6,87,-1,home,home,44,-1
7/2/2008,280702005,2008,IND,CHI,home,-8.5,-110,144.5,-110,74,67,-7,141,1020800112,43,31,1,1,1,1,1,1,1,74,67,-7,74,-12,home,home,43,-12
7/3/2008,280703020,2008,ATL,HOU,home,4.5,-110,159,-110,65,72,7,137,1020800113,26,36,0,0,0,0,0,0,0,65,72,7,62,10,away,home,26,10
7/3/2008,280703017,2008,SAS,SAC,home,-6.5,-110,145,-110,68,67,-1,135,1020800114,32,34,1,0,1,1,1,0,0,68,67,-1,66,2,away,home,32,2
7/3/2008,280703014,2008,SEA,NYL,home,-7,-110,145.5,-110,84,71,-13,155,1020800115,51,38,1,1,1,1,1,1,1,84,71,-13,89,-13,home,home,51,-13
7/3/2008,280703006,2008,LAS,MIN,home,-8,-110,155.5,-110,70,88,18,158,1020800116,35,35,1,1,0,0,0,0,0,70,88,18,70,0,tie,home,35,0
7/5/2008,280705004,2008,HOU,SAC,home,-3.5,-110,144.5,-110,73,65,-8,138,1020800117,41,41,0,0,1,0,0,1,1,73,65,-8,82,0,tie,home,41,0
7/5/2008,280705005,2008,IND,CON,home,-2.5,-110,146.75,-110,81,74,-7,155,1020800118,43,39,1,1,1,1,1,1,1,81,74,-7,82,-4,home,home,43,-4
7/5/2008,280705020,2008,ATL,CHI,home,5,-110,157.25,-110,91,84,-7,175,1020800119,46,35,0,0,0,1,1,1,1,91,84,-7,81,-11,home,home,46,-11
7/5/2008,280705011,2008,PHO,NYL,home,-6,-110,177.5,-110,83,93,10,176,1020800120,35,48,0,0,0,0,0,0,0,83,93,10,83,13,away,home,35,13
7/5/2008,280705014,2008,SEA,MIN,home,-6.5,-110,146,-110,96,71,-25,167,1020800121,47,42,0,0,0,1,1,1,1,96,71,-25,89,-5,home,home,47,-5
7/6/2008,280706016,2008,WAS,SAS,home,1,-110,139,-110,75,83,8,158,1020800122,28,36,1,1,1,0,0,0,0,75,83,8,64,8,away,home,28,8
7/6/2008,280706006,2008,LAS,PHO,home,-7,-110,176.5,-110,91,80,-11,171,1020800123,46,35,1,0,1,1,1,1,1,91,80,-11,81,-11,home,home,46,-11
7/8/2008,280708011,2008,PHO,HOU,home,-5.5,-110,170,-110,99,94,-5,193,1020800124,47,55,0,0,0,0,0,0,0,99,94,-5,102,8,away,home,47,8
7/8/2008,280708016,2008,WAS,IND,home,2,-110,142.5,-110,50,48,-2,98,1020800125,14,29,0,0,0,0,0,0,0,50,48,-2,43,15,away,home,14,15
7/8/2008,280708003,2008,TUL,CON,home,-5,-110,153.75,-110,88,82,-6,170,1020800126,42,45,0,0,0,0,0,0,0,88,82,-6,87,3,away,home,42,3
7/8/2008,280708017,2008,SAS,NYL,home,-5.5,-110,147.5,-110,83,79,-4,162,1020800127,36,36,0,1,0,0,0,0,1,83,79,-4,72,0,tie,home,36,0
7/8/2008,280708013,2008,SAC,SEA,home,-2,-110,143,-110,64,79,15,143,1020800128,27,41,0,0,0,0,0,0,0,64,79,15,68,14,away,home,27,14
7/9/2008,280709008,2008,MIN,ATL,home,-11,-110,167,-110,67,73,6,140,1020800129,38,26,1,1,1,1,1,1,1,67,73,6,64,-12,home,home,38,-12
7/9/2008,280709006,2008,LAS,HOU,home,-7,-110,148.5,-110,82,74,-8,156,1020800130,37,45,0,0,0,0,0,0,0,82,74,-8,82,8,away,home,37,8
7/10/2008,280710014,2008,SEA,PHO,home,-6,-110,172,-110,89,78,-11,167,1020800131,37,31,0,1,1,1,1,1,1,89,78,-11,68,-6,home,home,37,-6
7/10/2008,280710019,2008,CHI,SAS,home,2.5,-110,145,-110,67,75,8,142,1020800132,29,39,0,0,0,0,0,0,0,67,75,8,68,10,away,home,29,10
7/10/2008,280710013,2008,SAC,LAS,home,-2,-110,148.5,-110,87,69,-18,156,1020800133,36,39,1,1,0,0,0,0,0,87,69,-18,75,3,away,home,36,3
7/11/2008,280711003,2008,TUL,WAS,home,-9.5,-110,145,-110,79,66,-13,145,1020800134,40,27,1,1,1,1,1,1,1,79,66,-13,67,-13,home,home,40,-13
7/11/2008,280711017,2008,SAS,ATL,home,-10.5,-110,153,-110,82,74,-8,156,1020800135,34,47,1,0,1,1,0,0,0,82,74,-8,81,13,away,home,34,13
7/12/2008,280712005,2008,IND,CHI,home,-8,-110,142.5,-110,66,57,-9,123,1020800136,32,27,1,1,1,1,1,1,1,66,57,-9,59,-5,home,home,32,-5
7/12/2008,280712009,2008,NYL,TUL,home,-2,-110,155,-110,74,64,-10,138,1020800137,32,40,0,0,0,0,0,0,0,74,64,-10,72,8,away,home,32,8
7/12/2008,280712008,2008,MIN,HOU,home,-3.5,-110,152,-110,85,71,-14,156,1020800138,47,39,0,1,1,1,1,1,1,85,71,-14,86,-8,home,home,47,-8
7/12/2008,280712013,2008,SAC,PHO,home,-2.5,-110,174.5,-110,105,97,-8,202,1020800139,51,45,1,0,0,1,1,0,1,105,97,-8,96,-6,home,home,51,-6
7/12/2008,280712014,2008,SEA,LAS,home,-3.5,-110,145.5,-110,70,52,-18,122,1020800140,30,28,0,0,0,1,1,1,1,70,52,-18,58,-2,home,home,30,-2
7/13/2008,280713016,2008,WAS,CON,home,4,-110,146.25,-110,69,64,-5,133,1020800141,36,34,0,0,1,1,1,1,1,69,64,-5,70,-2,home,home,36,-2
7/13/2008,280713019,2008,CHI,ATL,home,-5.5,-110,156,-110,79,66,-13,145,1020800142,44,17,1,1,1,1,1,1,1,79,66,-13,61,-27,home,home,44,-27
7/14/2008,280714006,2008,LAS,SAS,home,-3.5,-110,146,-110,75,62,-13,137,1020800143,35,33,1,1,1,1,1,1,1,75,62,-13,68,-2,home,home,35,-2
7/15/2008,280715018,2008,CON,NYL,home,-6,-110,156,-110,71,77,6,148,1020800144,30,26,0,0,1,1,1,1,1,71,77,6,56,-4,home,home,30,-4
7/15/2008,280715011,2008,PHO,SAS,home,-3.5,-110,173.5,-110,87,97,10,184,1020800145,48,47,1,1,1,1,1,1,1,87,97,10,95,-1,home,home,48,-1
7/16/2008,280716003,2008,TUL,CHI,home,-10,-110,148.5,-110,66,63,-3,129,1020800146,39,22,1,1,1,1,1,1,1,66,63,-3,61,-17,home,home,39,-17
7/16/2008,280716005,2008,IND,ATL,home,-10.5,-110,147,-110,77,81,4,158,1020800147,38,40,0,1,1,0,1,1,0,77,81,4,78,2,away,home,38,2
7/17/2008,280717004,2008,HOU,MIN,home,-5,-110,152,-110,96,88,-8,184,1020800148,45,41,1,1,1,1,0,1,1,96,88,-8,86,-4,home,home,45,-4
7/17/2008,280717009,2008,NYL,WAS,home,-8,-110,146,-110,77,56,-21,133,1020800149,43,32,0,1,1,1,1,1,1,77,56,-21,75,-11,home,home,43,-11
7/17/2008,280717011,2008,PHO,LAS,home,-2.5,-110,176,-110,99,92,-7,191,1020800150,47,50,0,0,0,0,0,0,1,99,92,-7,97,3,away,home,47,3
7/18/2008,280718016,2008,WAS,TUL,home,4,-110,142.5,-110,62,99,37,161,1020800151,27,55,0,0,0,0,0,0,0,62,99,37,82,28,away,home,27,28
7/18/2008,280718005,2008,IND,SEA,home,-5,-110,135.5,-110,59,65,6,124,1020800152,33,27,0,1,1,1,1,1,1,59,65,6,60,-6,home,home,33,-6
7/18/2008,280718019,2008,CHI,CON,home,3.5,-110,146,-110,73,65,-8,138,1020800153,42,28,1,1,1,1,1,1,1,73,65,-8,70,-14,home,home,42,-14
7/18/2008,280718013,2008,SAC,ATL,home,-9,-110,159,-110,77,73,-4,150,1020800154,32,23,1,1,1,1,1,1,1,77,73,-4,55,-9,home,home,32,-9
7/19/2008,280719009,2008,NYL,IND,home,-6.5,-110,139.5,-110,55,71,16,126,1020800155,29,33,0,0,0,0,0,0,0,55,71,16,62,4,away,home,29,4
7/19/2008,280719017,2008,SAS,MIN,home,-7,-110,155.5,-110,74,87,13,161,1020800156,33,44,1,0,0,0,0,0,0,74,87,13,77,11,away,home,33,11
7/19/2008,280719004,2008,HOU,LAS,home,-1.5,-110,149,-110,75,72,-3,147,1020800157,40,30,1,1,1,1,1,1,1,75,72,-3,70,-10,home,home,40,-10
7/19/2008,280719011,2008,PHO,ATL,home,-11,-110,185.5,-110,110,84,-26,194,1020800158,51,37,1,1,1,1,1,1,1,110,84,-26,88,-14,home,home,51,-14
7/20/2008,280720018,2008,CON,CHI,home,-9,-110,146.5,-110,74,67,-7,141,1020800159,35,33,1,1,1,1,1,1,1,74,67,-7,68,-2,home,home,35,-2
7/20/2008,280720016,2008,WAS,SEA,home,2,-110,136,-110,89,57,-32,146,1020800160,48,25,1,0,1,1,1,1,1,89,57,-32,73,-23,home,home,48,-23
7/20/2008,280720003,2008,TUL,SAC,home,-8.5,-110,152,-110,85,88,3,173,1020800161,44,54,1,1,0,0,0,0,0,85,88,3,98,10,away,home,44,10
7/22/2008,280722020,2008,ATL,SAC,home,4.5,-110,159.5,-110,66,79,13,145,1020800162,30,45,0,0,0,0,0,0,0,66,79,13,75,15,away,home,30,15
7/22/2008,280722008,2008,MIN,SEA,home,-6.5,-110,148.5,-110,73,76,3,149,1020800163,30,39,1,1,0,0,0,0,0,73,76,3,69,9,away,home,30,9
7/22/2008,280722003,2008,TUL,LAS,home,-5.5,-110,153.5,-110,81,84,3,165,1020800164,34,48,0,0,0,0,0,0,0,81,84,3,82,14,away,home,34,14
7/22/2008,280722019,2008,CHI,IND,home,1,-110,136,-110,68,60,-8,128,1020800165,37,31,1,1,1,1,1,1,1,68,60,-8,68,-6,home,home,37,-6
7/22/2008,280722004,2008,HOU,PHO,home,-4,-110,176.5,-110,94,92,-2,186,1020800166,43,52,0,0,0,0,1,0,0,94,92,-2,95,9,away,home,43,9
7/23/2008,280723016,2008,WAS,NYL,home,1.5,-110,146.5,-110,73,80,7,153,1020800167,30,36,0,0,0,0,0,0,0,73,80,7,66,6,away,home,30,6
7/24/2008,280724017,2008,SAS,CHI,home,-9,-110,141,-110,78,67,-11,145,1020800168,35,30,1,1,1,1,1,1,1,78,67,-11,65,-5,home,home,35,-5
7/24/2008,280724013,2008,SAC,PHO,home,-3.5,-110,182,-110,83,74,-9,157,1020800169,40,35,1,1,1,1,1,1,1,83,74,-9,75,-5,home,home,40,-5
7/24/2008,280724018,2008,CON,LAS,home,-9,-110,149.5,-110,87,61,-26,148,1020800170,34,26,0,0,1,1,1,1,1,87,61,-26,60,-8,home,home,34,-8
7/24/2008,280724005,2008,IND,MIN,home,-4.5,-110,146.5,-110,80,84,4,164,1020800171,35,33,1,1,1,0,1,1,1,80,84,4,68,-2,home,home,35,-2
7/24/2008,280724004,2008,HOU,TUL,home,-6.5,-110,151,-110,79,61,-18,140,1020800172,28,35,0,0,0,0,0,0,0,79,61,-18,63,7,away,home,28,7
7/25/2008,280725009,2008,NYL,LAS,home,-4.5,-110,149,-110,69,68,-1,137,1020800173,33,30,0,0,1,1,1,1,1,69,68,-1,63,-3,home,home,33,-3
7/25/2008,280725020,2008,ATL,WAS,home,2,-110,153.5,-110,75,81,6,156,1020800174,42,45,0,0,0,0,0,1,1,75,81,6,87,3,away,home,42,3
7/25/2008,280725008,2008,MIN,SAS,home,2.5,-110,154.5,-110,78,68,-10,146,1020800175,38,31,0,0,0,0,1,1,1,78,68,-10,69,-7,home,home,38,-7
7/25/2008,280725011,2008,PHO,SEA,home,-5.5,-110,169.5,-110,94,80,-14,174,1020800176,47,33,1,1,1,1,1,1,1,94,80,-14,80,-14,home,home,47,-14
7/26/2008,280726004,2008,HOU,CHI,home,-6.5,-110,144.5,-110,79,65,-14,144,1020800177,42,33,1,1,1,1,1,1,1,79,65,-14,75,-9,home,home,42,-9
7/26/2008,280726013,2008,SAC,IND,home,-5,-110,141.5,-110,70,62,-8,132,1020800178,40,26,1,1,1,1,1,1,1,70,62,-8,66,-14,home,home,40,-14
7/27/2008,280727020,2008,ATL,NYL,home,6,-110,158.5,-110,76,86,10,162,1020800179,43,44,0,0,0,1,1,1,1,76,86,10,87,1,away,home,43,1
7/27/2008,280727016,2008,WAS,CON,home,3,-110,148,-110,60,82,22,142,1020800180,29,40,1,1,0,0,0,0,0,60,82,22,69,11,away,home,29,11
7/27/2008,280727003,2008,TUL,SAS,home,-1.5,-110,147.5,-110,64,76,12,140,1020800181,35,34,1,0,0,1,1,1,0,64,76,12,69,-1,home,home,35,-1
7/27/2008,280727008,2008,MIN,LAS,home,-2,-110,157,-110,84,92,8,176,1020800182,48,51,0,0,0,0,0,0,0,84,92,8,99,3,away,home,48,3
7/27/2008,280727011,2008,PHO,IND,home,-7,-110,166.5,-110,84,88,4,172,1020800183,46,46,0,0,0,0,0,0,1,84,88,4,92,0,tie,home,46,0
7/27/2008,280727014,2008,SEA,SAC,home,-4.5,-110,143,-110,77,71,-6,148,1020800184,43,39,1,1,0,1,1,1,1,77,71,-6,82,-4,home,home,43,-4
8/28/2008,280828005,2008,IND,CON,home,-2.5,-110,143.5,-110,58,84,26,142,1020800185,25,54,0,0,0,0,0,0,0,58,84,26,79,29,away,home,25,29
8/28/2008,280828009,2008,NYL,CHI,home,-8,-110,145,-110,60,69,9,129,1020800186,34,34,1,1,1,1,1,0,0,60,69,9,68,0,tie,home,34,0
8/28/2008,280828011,2008,PHO,SAS,home,1.5,-110,173.5,-110,55,77,22,132,1020800187,21,45,1,0,0,0,0,0,0,55,77,22,66,24,away,home,21,24
8/28/2008,280828014,2008,SEA,HOU,home,-4.5,-110,143.5,-110,66,49,-17,115,1020800188,38,24,1,1,1,1,1,1,1,66,49,-17,62,-14,home,home,38,-14
8/28/2008,280828006,2008,LAS,SAC,home,-5,-110,150.5,-110,78,63,-15,141,1020800189,46,39,0,0,0,0,1,0,1,78,63,-15,85,-7,home,home,46,-7
8/29/2008,280829016,2008,WAS,CHI,home,-3,-110,140.5,-110,75,79,4,154,1020800190,36,33,1,0,1,1,1,1,0,75,79,4,69,-3,home,home,36,-3
8/29/2008,280829003,2008,TUL,NYL,home,-5.5,-110,150,-110,83,69,-14,152,1020800192,35,38,0,1,0,0,0,0,1,83,69,-14,73,3,away,home,35,3
8/29/2008,280829020,2008,ATL,CON,home,8,-110,159,-110,72,98,26,170,1020800191,38,55,0,0,0,0,0,0,0,72,98,26,93,17,away,home,38,17
8/30/2008,280830005,2008,IND,ATL,home,-12.5,-110,149.5,-110,87,72,-15,159,1020800193,43,29,1,1,1,1,1,1,1,87,72,-15,72,-14,home,home,43,-14
8/30/2008,280830008,2008,MIN,WAS,home,-9.5,-110,152.5,-110,92,78,-14,170,1020800194,46,38,1,1,1,1,1,1,1,92,78,-14,84,-8,home,home,46,-8
8/30/2008,280830013,2008,SAC,HOU,home,-5,-110,145,-110,80,65,-15,145,1020800195,40,37,0,0,0,0,1,1,1,80,65,-15,77,-3,home,home,40,-3
8/30/2008,280830006,2008,LAS,SAS,home,-3,-110,146.5,-110,58,53,-5,111,1020800196,25,23,0,0,1,1,0,0,0,58,53,-5,48,-2,home,home,25,-2
8/31/2008,280831018,2008,CON,SEA,home,-6,-110,145,-110,80,76,-4,156,1020800197,36,35,1,0,0,0,0,1,0,80,76,-4,71,-1,home,home,36,-1
8/31/2008,280831019,2008,CHI,TUL,home,2.5,-110,147,-110,82,81,-1,163,1020800198,38,45,1,1,1,1,1,1,0,82,81,-1,83,7,away,home,38,7
9/1/2008,280901006,2008,LAS,MIN,home,-6.5,-110,158,-110,82,58,-24,140,1020800199,37,37,1,0,0,0,0,0,0,82,58,-24,74,0,tie,home,37,0
9/2/2008,280902016,2008,WAS,IND,home,NA,-110,140,-110,68,79,11,147,1020800200,45,37,1,1,1,1,1,1,1,68,79,11,82,-8,home,home,45,-8
9/2/2008,280902020,2008,ATL,SEA,home,NA,-110,154,-110,69,83,14,152,1020800201,34,39,1,1,1,0,0,0,1,69,83,14,73,5,away,home,34,5
9/2/2008,280902004,2008,HOU,NYL,home,NA,-110,146,-110,87,90,3,177,1020800202,29,39,0,1,1,0,0,0,0,87,90,3,68,10,away,home,29,10
9/3/2008,280903011,2008,PHO,MIN,home,NA,-110,177,-110,103,96,-7,199,1020800203,40,26,1,1,1,1,1,1,1,103,96,-7,66,-14,home,home,40,-14
9/4/2008,280904019,2008,CHI,SEA,home,NA,-110,142.5,-110,62,70,8,132,1020800204,34,29,1,1,1,1,1,1,1,62,70,8,63,-5,home,home,34,-5
9/5/2008,280905018,2008,CON,CHI,home,NA,-110,149,-110,80,75,-5,155,1020800205,39,35,1,1,1,1,1,1,1,80,75,-5,74,-4,home,home,39,-4
9/5/2008,280905009,2008,NYL,ATL,home,NA,-110,158,-110,82,71,-11,153,1020800206,38,35,1,0,0,1,1,1,1,82,71,-11,73,-3,home,home,38,-3
9/5/2008,280905003,2008,TUL,IND,home,NA,-110,143.75,-110,90,68,-22,158,1020800207,46,29,1,1,1,1,1,1,1,90,68,-22,75,-17,home,home,46,-17
9/5/2008,280905017,2008,SAS,LAS,home,NA,-110,142.5,-110,76,58,-18,134,1020800208,44,30,1,1,1,1,1,1,1,76,58,-18,74,-14,home,home,44,-14
9/5/2008,280905011,2008,PHO,SAC,home,NA,-110,176,-110,81,69,-12,150,1020800209,44,33,1,1,1,1,1,1,1,81,69,-12,77,-11,home,home,44,-11
9/6/2008,280906016,2008,WAS,TUL,home,NA,-110,153.5,-110,69,84,15,153,1020800210,40,44,0,0,0,0,1,0,0,69,84,15,84,4,away,home,40,4
9/6/2008,280906004,2008,HOU,LAS,home,NA,-110,146.75,-110,66,84,18,150,1020800211,34,42,0,0,0,0,0,0,0,66,84,18,76,8,away,home,34,8
9/6/2008,280906014,2008,SEA,MIN,home,NA,-110,152,-110,96,88,-8,184,1020800212,35,46,0,0,0,0,0,0,0,96,88,-8,81,11,away,home,35,11
9/7/2008,280907009,2008,NYL,CHI,home,NA,-110,147,-110,69,61,-8,130,1020800214,31,32,0,0,1,1,1,0,1,69,61,-8,63,1,away,home,31,1
9/7/2008,280907018,2008,CON,SAS,home,NA,-110,145.75,-110,73,85,12,158,1020800213,28,35,0,0,0,1,0,0,0,73,85,12,63,7,away,home,28,7
9/7/2008,280907011,2008,PHO,HOU,home,NA,-110,170.5,-110,99,74,-25,173,1020800215,47,44,0,0,0,0,0,1,1,99,74,-25,91,-3,home,home,47,-3
9/7/2008,280907013,2008,SAC,MIN,home,NA,-110,156.5,-110,78,71,-7,149,1020800216,36,32,1,1,1,1,1,1,1,78,71,-7,68,-4,home,home,36,-4
9/8/2008,280908020,2008,ATL,IND,home,NA,-110,154,-110,77,81,4,158,1020800217,30,34,1,0,0,0,0,1,0,77,81,4,64,4,away,home,30,4
9/9/2008,280909003,2008,TUL,PHO,home,NA,-110,174,-110,89,78,-11,167,1020800218,41,40,1,1,1,1,1,1,0,89,78,-11,81,-1,home,home,41,-1
9/9/2008,280909009,2008,NYL,SAS,home,NA,-110,143.5,-110,76,82,6,158,1020800219,35,35,0,0,0,0,1,0,1,76,82,6,70,0,tie,home,35,0
9/9/2008,280909008,2008,MIN,IND,home,NA,-110,154.5,-110,86,76,-10,162,1020800221,44,29,1,1,1,1,1,1,1,86,76,-10,73,-15,home,home,44,-15
9/9/2008,280909019,2008,CHI,WAS,home,NA,-110,145,-110,78,59,-19,137,1020800220,32,35,1,1,0,1,1,0,0,78,59,-19,67,3,away,home,32,3
9/9/2008,280909004,2008,HOU,CON,home,NA,-110,153,-110,75,68,-7,143,1020800222,39,31,1,1,1,1,1,1,1,75,68,-7,70,-8,home,home,39,-8
9/9/2008,280909013,2008,SAC,SEA,home,NA,-110,144.5,-110,77,74,-3,151,1020800223,44,34,1,1,1,1,1,1,1,77,74,-3,78,-10,home,home,44,-10
9/11/2008,280911005,2008,IND,NYL,home,NA,-110,147,-110,74,59,-15,133,1020800224,38,27,1,1,1,1,1,1,1,74,59,-15,65,-11,home,home,38,-11
9/11/2008,280911003,2008,TUL,WAS,home,NA,-110,154,-110,78,66,-12,144,1020800225,45,31,0,1,1,1,1,1,1,78,66,-12,76,-14,home,home,45,-14
9/11/2008,280911017,2008,SAS,CON,home,NA,-110,149,-110,78,74,-4,152,1020800226,43,42,1,1,1,1,1,1,1,78,74,-4,85,-1,home,home,43,-1
9/11/2008,280911006,2008,LAS,ATL,home,NA,-110,156.5,-110,72,83,11,155,1020800227,35,42,0,0,1,0,0,0,0,72,83,11,77,7,away,home,35,7
9/12/2008,280912008,2008,MIN,PHO,home,NA,-110,174.5,-110,87,96,9,183,1020800228,36,36,0,0,0,0,1,0,1,87,96,9,72,0,tie,home,36,0
9/12/2008,280912019,2008,CHI,NYL,home,NA,-110,143.5,-110,62,69,7,131,1020800229,31,29,1,1,1,1,1,0,1,62,69,7,60,-2,home,home,31,-2
9/12/2008,280912014,2008,SEA,ATL,home,NA,-110,155,-110,77,72,-5,149,1020800231,30,27,1,1,1,1,1,1,1,77,72,-5,57,-3,home,home,30,-3
9/13/2008,280913018,2008,CON,WAS,home,-10.5,-110,150.5,-110,87,81,-6,168,1020800232,35,41,0,0,1,1,0,0,0,87,81,-6,76,6,away,home,35,6
9/13/2008,280913017,2008,SAS,SAC,home,NA,-110,145,-110,77,69,-8,146,1020800234,46,33,1,1,1,1,1,1,1,77,69,-8,79,-13,home,home,46,-13
9/14/2008,280914005,2008,IND,PHO,home,NA,-110,170,-110,103,89,-14,192,1020800233,57,40,1,1,1,1,1,1,1,103,89,-14,97,-17,home,home,57,-17
9/14/2008,280914009,2008,NYL,TUL,home,NA,-110,149.5,-110,59,61,2,120,1020800235,28,35,0,0,0,0,0,0,0,59,61,2,63,7,away,home,28,7
9/14/2008,280914016,2008,WAS,MIN,home,NA,-110,154,-110,70,96,26,166,1020800236,36,51,0,0,0,0,0,0,0,70,96,26,87,15,away,home,36,15
9/14/2008,280914019,2008,CHI,HOU,home,NA,-110,144,-110,76,79,3,155,1020800237,34,38,0,1,1,1,1,0,0,76,79,3,72,4,away,home,34,4
9/14/2008,280914006,2008,LAS,SEA,home,NA,-110,142.5,-110,65,48,-17,113,1020800238,40,18,1,1,1,1,1,1,1,65,48,-17,58,-22,home,home,40,-22
9/15/2008,280915004,2008,HOU,SAC,home,NA,-110,146.5,-110,90,81,-9,171,1020800230,47,41,0,0,0,0,0,1,1,90,81,-9,88,-6,home,home,47,-6
9/18/2008,280918009,2008,NYL,CON,home,NA,-110,148.5,-110,72,63,-9,135,1040800111,42,31,1,1,1,1,1,1,1,72,63,-9,73,-11,home,home,42,-11
9/18/2008,280918013,2008,SAC,SAS,home,NA,-110,144,-110,78,85,7,163,1040800121,29,45,0,0,0,0,0,0,0,78,85,7,74,16,away,home,29,16
9/19/2008,280919005,2008,IND,TUL,home,NA,-110,145,-110,72,81,9,153,1040800101,29,39,0,0,0,0,0,0,0,72,81,9,68,10,away,home,29,10
9/19/2008,280919006,2008,LAS,SEA,home,NA,-110,141,-110,77,69,-8,146,1040800131,44,27,1,1,1,1,1,1,1,77,69,-8,71,-17,home,home,44,-17
9/20/2008,280920018,2008,CON,NYL,home,NA,-110,149.5,-110,73,70,-3,143,1040800112,40,32,1,1,1,1,1,1,1,73,70,-3,72,-8,home,home,40,-8
9/20/2008,280920017,2008,SAS,SAC,home,NA,-110,147,-110,67,84,17,151,1040800122,39,48,1,1,0,0,0,0,0,67,84,17,87,9,away,home,39,9
9/21/2008,280921003,2008,TUL,IND,home,NA,-110,149,-110,82,89,7,171,1040800102,38,42,0,0,0,0,0,0,0,82,89,7,80,4,away,home,38,4
9/21/2008,280921014,2008,SEA,LAS,home,NA,-110,143.5,-110,64,50,-14,114,1040800132,26,15,1,1,1,1,1,1,1,64,50,-14,41,-11,home,home,26,-11
9/22/2008,280922018,2008,CON,NYL,home,NA,-110,146,-110,62,66,4,128,1040800113,33,37,1,1,0,0,0,0,0,62,66,4,70,4,away,home,33,4
9/22/2008,280922017,2008,SAS,SAC,home,NA,-110,146.5,-110,86,81,-5,167,1040800123,39,31,0,0,0,1,1,1,1,86,81,-5,70,-8,home,home,39,-8
9/23/2008,280923003,2008,TUL,IND,home,NA,-110,147,-110,80,61,-19,141,1040800103,49,19,1,1,1,1,1,1,1,80,61,-19,68,-30,home,home,49,-30
9/23/2008,280923014,2008,SEA,LAS,home,NA,-110,137.5,-110,64,71,7,135,1040800133,35,42,1,1,0,0,0,0,0,64,71,7,77,7,away,home,35,7
9/26/2008,280926009,2008,NYL,TUL,home,NA,-110,142.5,-110,60,56,-4,116,1040800201,23,29,0,0,0,0,0,0,0,60,56,-4,52,6,away,home,23,6
9/27/2008,280927017,2008,SAS,LAS,home,NA,-110,145.5,-110,67,66,-1,133,1040800212,36,33,0,0,0,1,1,1,1,67,66,-1,69,-3,home,home,36,-3
9/28/2008,280928017,2008,SAS,LAS,home,NA,-110,140,-110,76,72,-4,148,1040800213,29,33,1,1,1,0,0,0,0,76,72,-4,62,4,away,home,29,4
9/29/2008,280929003,2008,TUL,NYL,home,NA,-110,137.5,-110,75,73,-2,148,1040800203,41,24,1,1,1,1,1,1,1,75,73,-2,65,-17,home,home,41,-17
10/1/2008,281001017,2008,SAS,TUL,home,NA,-110,145,-110,69,77,8,146,1040800301,32,42,1,1,1,0,0,0,0,69,77,8,74,10,away,home,32,10
10/3/2008,281003017,2008,SAS,TUL,home,NA,-110,146,-110,61,69,8,130,1040800302,28,35,0,0,0,0,0,0,0,61,69,8,63,7,away,home,28,7
10/5/2008,281005003,2008,TUL,SAS,home,NA,-110,144.25,-110,76,60,-16,136,1040800303,30,34,0,0,0,0,0,0,1,76,60,-16,64,4,away,home,30,4
5/17/2008,280517011,2008,LAS,PHO,away,-1.5,-110,173,-110,99,94,-5,193,1020800002,42,51,0,0,1,0,1,1,1,94,99,5,93,9,away,away,51,-9
5/17/2008,280517003,2008,HOU,TUL,away,10,-110,152.5,-110,66,85,19,151,1020800001,44,43,0,0,0,0,0,0,0,85,66,-19,87,-1,home,away,43,1
5/17/2008,280517018,2008,ATL,CON,away,10.5,-110,157.5,-110,67,100,33,167,1020800003,51,34,1,1,0,0,0,0,0,100,67,-33,85,-17,home,away,34,17
5/17/2008,280517005,2008,WAS,IND,away,5,-110,142.5,-110,53,64,11,117,1020800004,35,32,0,0,0,0,0,0,0,64,53,-11,67,-3,home,away,32,3
5/17/2008,280517013,2008,SAS,SAC,away,-1.5,-110,143.5,-110,64,73,9,137,1020800005,41,35,0,0,0,0,0,1,0,73,64,-9,76,-6,home,away,35,6
5/17/2008,280517014,2008,CHI,SEA,away,7.5,-110,153.5,-110,61,67,6,128,1020800006,29,35,0,0,1,1,1,1,1,67,61,-6,64,6,away,away,35,-6
5/18/2008,280518009,2008,CON,NYL,away,3,-110,146,-110,77,63,-14,140,1020800007,26,36,1,1,1,1,1,1,1,63,77,14,62,10,away,away,36,-10
5/18/2008,280518008,2008,TUL,MIN,away,-2.5,-110,147,-110,70,84,14,154,1020800008,45,40,1,1,0,0,1,0,0,84,70,-14,85,-5,home,away,40,5
5/20/2008,280520017,2008,PHO,SAS,away,2.5,-110,170.75,-110,76,81,5,157,1020800009,42,31,1,1,1,0,0,0,0,81,76,-5,73,-11,home,away,31,11
5/20/2008,280520014,2008,SAC,SEA,away,7,-110,144.5,-110,62,74,12,136,1020800010,24,34,1,0,1,1,1,1,1,74,62,-12,58,10,away,away,34,-10
5/21/2008,280521003,2008,IND,TUL,away,7,-110,143.25,-110,71,76,5,147,1020800011,43,36,0,0,0,0,0,0,0,76,71,-5,79,-7,home,away,36,7
5/22/2008,280522009,2008,WAS,NYL,away,5,-110,136,-110,60,79,19,139,1020800012,46,25,0,0,0,0,0,0,0,79,60,-19,71,-21,home,away,25,21
5/22/2008,280522019,2008,SAC,CHI,away,4,-110,140.5,-110,77,87,10,164,1020800013,42,33,1,0,1,0,0,0,0,87,77,-10,75,-9,home,away,33,9
5/22/2008,280522011,2008,SEA,PHO,away,3.5,-110,173.75,-110,87,83,-4,170,1020800014,52,37,0,0,1,0,0,0,0,83,87,4,89,-15,home,away,37,15
5/23/2008,280523020,2008,TUL,ATL,away,-10,-110,156.5,-110,88,76,-12,164,1020800015,45,32,1,1,0,0,0,0,0,76,88,12,77,-13,home,away,32,13
5/24/2008,280524017,2008,SEA,SAS,away,2.5,-110,142.5,-110,72,87,15,159,1020800016,43,30,0,0,0,0,0,0,0,87,72,-15,73,-13,home,away,30,13
5/24/2008,280524018,2008,SAC,CON,away,6.5,-110,150.5,-110,64,87,23,151,1020800017,39,37,1,1,1,1,1,1,0,87,64,-23,76,-2,home,away,37,2
5/25/2008,280525020,2008,LAS,ATL,away,-12,-110,170.5,-110,74,56,-18,130,1020800018,21,41,1,1,1,1,1,1,1,56,74,18,62,20,away,away,41,-20
5/25/2008,280525016,2008,HOU,WAS,away,4.5,-110,145.5,-110,66,69,3,135,1020800019,30,27,1,1,1,1,0,0,0,69,66,-3,57,-3,home,away,27,3
5/25/2008,280525003,2008,NYL,TUL,away,6,-110,144,-110,62,72,10,134,1020800020,29,19,0,0,0,0,0,0,0,72,62,-10,48,-10,home,away,19,10
5/27/2008,280527016,2008,ATL,WAS,away,11,-110,148.5,-110,74,80,6,154,1020800022,31,38,0,0,1,1,1,1,1,80,74,-6,69,7,away,away,38,-7
5/27/2008,280527018,2008,IND,CON,away,8,-110,148.5,-110,75,46,-29,121,1020800021,24,46,1,1,1,1,1,1,1,46,75,29,70,22,away,away,46,-22
5/27/2008,280527004,2008,MIN,HOU,away,4.5,-110,151,-110,98,92,-6,190,1020800023,45,37,0,0,0,0,0,0,0,92,98,6,82,-8,home,away,37,8
5/29/2008,280529005,2008,LAS,IND,away,-3.5,-110,146,-110,78,82,4,160,1020800024,37,22,0,0,0,0,0,0,0,82,78,-4,59,-15,home,away,22,15
5/29/2008,280529019,2008,MIN,CHI,away,4,-110,155,-110,75,69,-6,144,1020800025,38,34,1,1,1,0,1,0,0,69,75,6,72,-4,home,away,34,4
5/30/2008,280530018,2008,NYL,CON,away,7,-110,144,-110,84,89,5,173,1020800026,42,34,0,0,0,0,0,0,0,89,84,-5,76,-8,home,away,34,8
5/30/2008,280530013,2008,HOU,SAC,away,5.5,-110,148,-110,66,73,7,139,1020800027,38,33,0,0,0,0,0,0,0,73,66,-7,71,-5,home,away,33,5
5/30/2008,280530014,2008,SAS,SEA,away,6,-110,147,-110,57,78,21,135,1020800028,39,23,0,0,0,0,0,0,0,78,57,-21,62,-16,home,away,23,16
5/31/2008,280531016,2008,LAS,WAS,away,-7,-110,147.75,-110,70,59,-11,129,1020800029,22,37,1,1,1,1,1,1,1,59,70,11,59,15,away,away,37,-15
5/31/2008,280531005,2008,TUL,IND,away,4.5,-110,140,-110,74,65,-9,139,1020800030,32,28,0,0,0,0,0,1,0,65,74,9,60,-4,home,away,28,4
5/31/2008,280531008,2008,PHO,MIN,away,3,-110,176,-110,83,94,11,177,1020800031,44,36,0,0,0,0,0,0,0,94,83,-11,80,-8,home,away,36,8
6/1/2008,280601019,2008,CON,CHI,away,-2.5,-110,149.5,-110,75,73,-2,148,1020800032,37,40,1,0,0,1,0,1,1,73,75,2,77,3,away,away,40,-3
6/1/2008,280601014,2008,HOU,SEA,away,11,-110,145.5,-110,63,64,1,127,1020800033,32,32,1,1,1,1,1,0,0,64,63,-1,64,0,tie,away,32,-0
6/3/2008,280603020,2008,MIN,ATL,away,-9.5,-110,156,-110,85,81,-4,166,1020800034,24,31,0,0,0,1,1,0,0,81,85,4,55,7,away,away,31,-7
6/3/2008,280603009,2008,SEA,NYL,away,-3,-110,143,-110,63,77,14,140,1020800035,38,36,0,0,0,0,0,0,0,77,63,-14,74,-2,home,away,36,2
6/3/2008,280603019,2008,LAS,CHI,away,-6.5,-110,147.5,-110,81,77,-4,158,1020800036,33,34,1,1,1,1,1,1,1,77,81,4,67,1,away,away,34,-1
6/3/2008,280603004,2008,SAS,HOU,away,-1.5,-110,145,-110,72,75,3,147,1020800037,39,35,0,1,0,1,1,1,0,75,72,-3,74,-4,home,away,35,4
6/3/2008,280603011,2008,WAS,PHO,away,8.5,-110,168,-110,93,98,5,191,1020800038,53,42,0,0,0,0,0,0,0,98,93,-5,95,-11,home,away,42,11
6/4/2008,280604003,2008,SEA,TUL,away,5.5,-110,144.5,-110,67,77,10,144,1020800039,38,33,0,1,1,1,1,0,0,77,67,-10,71,-5,home,away,33,5
6/6/2008,280606018,2008,MIN,CON,away,5,-110,163.5,-110,77,78,1,155,1020800040,43,35,1,1,1,1,0,0,0,78,77,-1,78,-8,home,away,35,8
6/6/2008,280606009,2008,HOU,NYL,away,6,-110,143.5,-110,73,81,8,154,1020800041,38,33,0,0,0,0,0,0,0,81,73,-8,71,-5,home,away,33,5
6/6/2008,280606020,2008,CHI,ATL,away,-5.5,-110,149.5,-110,86,72,-14,158,1020800042,30,36,0,1,1,1,1,1,1,72,86,14,66,6,away,away,36,-6
6/6/2008,280606017,2008,WAS,SAS,away,7.5,-110,145,-110,52,63,11,115,1020800043,31,35,1,1,1,1,1,1,1,63,52,-11,66,4,away,away,35,-4
6/6/2008,280606013,2008,TUL,SAC,away,-2.5,-110,145.5,-110,84,70,-14,154,1020800044,48,44,1,0,1,1,1,0,0,70,84,14,92,-4,home,away,44,4
6/6/2008,280606006,2008,PHO,LAS,away,8,-110,176,-110,85,79,-6,164,1020800045,42,39,0,0,0,0,0,0,0,79,85,6,81,-3,home,away,39,3
6/7/2008,280607005,2008,HOU,IND,away,9.5,-110,137.5,-110,75,84,9,159,1020800046,48,32,1,0,0,0,0,0,0,84,75,-9,80,-16,home,away,32,16
6/7/2008,280607019,2008,ATL,CHI,away,11,-110,151.5,-110,70,91,21,161,1020800047,52,26,0,0,0,0,0,0,0,91,70,-21,78,-26,home,away,26,26
6/7/2008,280607014,2008,TUL,SEA,away,4.5,-110,142.25,-110,67,75,8,142,1020800048,40,28,0,0,0,0,0,0,0,75,67,-8,68,-12,home,away,28,12
6/8/2008,280608018,2008,WAS,CON,away,10,-110,148,-110,79,87,8,166,1020800049,41,38,1,0,0,0,0,0,0,87,79,-8,79,-3,home,away,38,3
6/8/2008,280608009,2008,SAC,NYL,away,7.5,-110,147,-110,70,63,-7,133,1020800050,36,33,0,0,0,0,0,0,1,63,70,7,69,-3,home,away,33,3
6/8/2008,280608008,2008,SAS,MIN,away,7.5,-110,151,-110,78,90,12,168,1020800051,41,35,0,1,0,0,0,0,0,90,78,-12,76,-6,home,away,35,6
6/10/2008,280610008,2008,CON,MIN,away,4,-110,161,-110,75,66,-9,141,1020800052,37,28,1,1,1,1,0,0,0,66,75,9,65,-9,home,away,28,9
6/11/2008,280611016,2008,SAC,WAS,away,3,-110,141,-110,79,76,-3,155,1020800053,37,43,0,0,0,1,1,1,1,76,79,3,80,6,away,away,43,-6
6/11/2008,280611020,2008,NYL,ATL,away,-7,-110,151.5,-110,81,77,-4,158,1020800054,36,35,0,0,1,0,0,1,1,77,81,4,71,-1,home,away,35,1
6/11/2008,280611017,2008,IND,SAS,away,3,-110,140.5,-110,53,64,11,117,1020800055,28,20,1,1,1,0,0,0,0,64,53,-11,48,-8,home,away,20,8
6/11/2008,280611014,2008,PHO,SEA,away,5.5,-110,168.5,-110,77,83,6,160,1020800056,36,35,0,0,0,0,0,0,0,83,77,-6,71,-1,home,away,35,1
6/11/2008,280611006,2008,TUL,LAS,away,5,-110,148.5,-110,73,80,7,153,1020800057,48,43,0,0,0,0,0,0,0,80,73,-7,91,-5,home,away,43,5
6/12/2008,280612008,2008,SAC,MIN,away,9,-110,154,-110,82,78,-4,160,1020800058,31,46,0,0,0,1,1,1,1,78,82,4,77,15,away,away,46,-15
6/13/2008,280613020,2008,IND,ATL,away,-8,-110,146.5,-110,76,67,-9,143,1020800059,29,32,1,1,1,1,1,1,1,67,76,9,61,3,away,away,32,-3
6/13/2008,280613017,2008,SEA,SAS,away,2,-110,140,-110,69,74,5,143,1020800060,30,40,1,1,1,1,1,1,1,74,69,-5,70,10,away,away,40,-10
6/13/2008,280613019,2008,WAS,CHI,away,6,-110,147.5,-110,64,57,-7,121,1020800061,28,31,1,0,0,1,1,0,1,57,64,7,59,3,away,away,31,-3
6/13/2008,280613006,2008,CON,LAS,away,5.5,-110,152,-110,93,98,5,191,1020800062,54,49,0,0,0,0,0,0,0,98,93,-5,103,-5,home,away,49,5
6/14/2008,280614011,2008,TUL,PHO,away,-3,-110,173.25,-110,89,79,-10,168,1020800063,31,43,0,1,1,1,1,1,1,79,89,10,74,12,away,away,43,-12
6/14/2008,280614009,2008,MIN,NYL,away,2,-110,154.5,-110,76,77,1,153,1020800064,41,38,0,0,0,0,0,1,0,77,76,-1,79,-3,home,away,38,3
6/14/2008,280614004,2008,SEA,HOU,away,-2,-110,145.5,-110,60,68,8,128,1020800065,29,25,0,0,0,0,0,0,0,68,60,-8,54,-4,home,away,25,4
6/14/2008,280614013,2008,LAS,SAC,away,-1.5,-110,148.75,-110,74,66,-8,140,1020800066,44,31,0,0,0,0,0,0,0,66,74,8,75,-13,home,away,31,13
6/15/2008,280615005,2008,SAS,IND,away,7.5,-110,138,-110,70,60,-10,130,1020800067,27,27,0,1,0,1,1,1,0,60,70,10,54,0,tie,away,27,-0
6/16/2008,280616004,2008,ATL,HOU,away,10.5,-110,155,-110,79,88,9,167,1020800068,45,35,0,0,0,0,0,0,0,88,79,-9,80,-10,home,away,35,10
6/16/2008,280616014,2008,CON,SEA,away,2.5,-110,148.5,-110,74,67,-7,141,1020800069,36,37,0,0,0,0,0,0,0,67,74,7,73,1,away,away,37,-1
6/18/2008,280618005,2008,NYL,IND,away,6.5,-110,138.5,-110,69,83,14,152,1020800071,41,33,0,0,0,0,0,0,0,83,69,-14,74,-8,home,away,33,8
6/18/2008,280618020,2008,SAS,ATL,away,-6.5,-110,151.5,-110,81,66,-15,147,1020800070,26,34,0,1,1,1,1,1,1,66,81,15,60,8,away,away,34,-8
6/18/2008,280618004,2008,WAS,HOU,away,4.5,-110,145.5,-110,67,63,-4,130,1020800072,34,30,0,0,0,1,0,1,0,63,67,4,64,-4,home,away,30,4
6/18/2008,280618011,2008,CON,PHO,away,1.5,-110,176,-110,81,102,21,183,1020800073,53,51,0,0,1,1,0,0,0,102,81,-21,104,-2,home,away,51,2
6/18/2008,280618006,2008,CHI,LAS,away,9.5,-110,148,-110,67,80,13,147,1020800074,38,23,0,0,0,0,0,0,0,80,67,-13,61,-15,home,away,23,15
6/20/2008,280620016,2008,ATL,WAS,away,10.5,-110,152,-110,61,72,11,133,1020800075,22,23,0,1,1,0,0,0,1,72,61,-11,45,1,away,away,23,-1
6/20/2008,280620003,2008,MIN,TUL,away,7,-110,157.25,-110,93,98,5,191,1020800076,42,34,1,1,1,0,0,0,0,98,93,-5,76,-8,home,away,34,8
6/20/2008,280620017,2008,LAS,SAS,away,1,-110,145,-110,75,77,2,152,1020800077,45,28,1,0,0,0,0,0,0,77,75,-2,73,-17,home,away,28,17
6/20/2008,280620011,2008,CHI,PHO,away,8,-110,170.5,-110,105,112,7,217,1020800078,45,49,0,0,0,0,0,0,1,112,105,-7,94,4,away,away,49,-4
6/20/2008,280620013,2008,CON,SAC,away,1,-110,153,-110,72,56,-16,128,1020800079,33,42,1,1,1,1,1,1,1,56,72,16,75,9,away,away,42,-9
6/20/2008,280620014,2008,IND,SEA,away,5,-110,137.25,-110,70,78,8,148,1020800080,42,35,0,0,0,0,0,0,0,78,70,-8,77,-7,home,away,35,7
6/21/2008,280621008,2008,HOU,MIN,away,7.5,-110,155,-110,72,65,-7,137,1020800081,29,34,1,1,1,1,1,1,1,65,72,7,63,5,away,away,34,-5
6/22/2008,280622020,2008,TUL,ATL,away,-10.5,-110,157,-110,97,76,-21,173,1020800082,35,52,1,1,1,1,1,1,1,76,97,21,87,17,away,away,52,-17
6/22/2008,280622009,2008,PHO,NYL,away,2,-110,171.5,-110,72,105,33,177,1020800083,52,30,1,0,0,0,0,0,0,105,72,-33,82,-22,home,away,30,22
6/22/2008,280622013,2008,CHI,SAC,away,5.5,-110,146,-110,70,82,12,152,1020800084,39,31,0,0,0,0,0,0,0,82,70,-12,70,-8,home,away,31,8
6/22/2008,280622006,2008,IND,LAS,away,7,-110,145,-110,63,77,14,140,1020800085,39,26,0,0,0,0,0,0,0,77,63,-14,65,-13,home,away,26,13
6/24/2008,280624016,2008,PHO,WAS,away,-1,-110,167.5,-110,98,90,-8,188,1020800088,39,40,0,0,1,0,1,1,1,90,98,8,79,1,away,away,40,-1
6/24/2008,280624018,2008,TUL,CON,away,3,-110,156.5,-110,68,85,17,153,1020800087,40,33,1,1,0,0,0,0,0,85,68,-17,73,-7,home,away,33,7
6/24/2008,280624005,2008,SAC,IND,away,7.5,-110,141.5,-110,73,78,5,151,1020800089,36,47,1,1,1,1,1,1,1,78,73,-5,83,11,away,away,47,-11
6/24/2008,280624008,2008,NYL,MIN,away,5,-110,154.5,-110,69,91,22,160,1020800090,45,37,0,0,0,0,0,0,0,91,69,-22,82,-8,home,away,37,8
6/24/2008,280624017,2008,HOU,SAS,away,8,-110,144.5,-110,82,81,-1,163,1020800091,38,36,1,1,0,0,0,0,0,81,82,1,74,-2,home,away,36,2
6/24/2008,280624006,2008,SEA,LAS,away,6.5,-110,144.5,-110,62,76,14,138,1020800086,35,33,0,0,0,1,1,0,0,76,62,-14,68,-2,home,away,33,2
6/26/2008,280626009,2008,IND,NYL,away,2,-110,145,-110,96,102,6,198,1020800092,30,37,1,1,1,1,1,1,1,102,96,-6,67,7,away,away,37,-7
6/26/2008,280626003,2008,CON,TUL,away,6.5,-110,154,-110,61,70,9,131,1020800093,37,27,0,0,0,0,0,0,0,70,61,-9,64,-10,home,away,27,10
6/26/2008,280626008,2008,SAC,MIN,away,5.5,-110,154,-110,76,80,4,156,1020800094,42,39,1,1,0,0,0,0,0,80,76,-4,81,-3,home,away,39,3
6/26/2008,280626004,2008,SAS,HOU,away,-3,-110,141.5,-110,71,77,6,148,1020800095,36,43,0,1,1,1,1,1,1,77,71,-6,79,7,away,away,43,-7
6/26/2008,280626019,2008,PHO,CHI,away,-1.5,-110,176,-110,89,79,-10,168,1020800096,37,46,0,1,1,0,1,1,1,79,89,10,83,9,away,away,46,-9
6/26/2008,280626006,2008,WAS,LAS,away,12,-110,143.5,-110,77,74,-3,151,1020800097,40,32,1,1,0,0,0,0,0,74,77,3,72,-8,home,away,32,8
6/27/2008,280627018,2008,ATL,CON,away,15,-110,159.5,-110,101,109,8,210,1020800098,38,35,0,0,0,0,0,0,0,109,101,-8,73,-3,home,away,35,3
6/28/2008,280628017,2008,MIN,SAS,away,4.5,-110,152.5,-110,65,73,8,138,1020800100,39,29,0,0,0,0,0,0,0,73,65,-8,68,-10,home,away,29,10
6/28/2008,280628019,2008,TUL,CHI,away,-6,-110,150.5,-110,59,76,17,135,1020800099,44,31,0,0,0,0,0,0,0,76,59,-17,75,-13,home,away,31,13
6/28/2008,280628004,2008,IND,HOU,away,-2,-110,142,-110,61,75,14,136,1020800101,39,29,0,0,0,0,0,0,0,75,61,-14,68,-10,home,away,29,10
6/28/2008,280628013,2008,NYL,SAC,away,4,-110,150,-110,78,82,4,160,1020800102,30,38,0,1,0,1,1,1,0,82,78,-4,68,8,away,away,38,-8
6/29/2008,280629018,2008,PHO,CON,away,6.5,-110,178,-110,87,80,-7,167,1020800103,36,40,1,1,1,1,1,1,1,80,87,7,76,4,away,away,40,-4
6/29/2008,280629003,2008,ATL,TUL,away,15.5,-110,160.5,-110,92,100,8,192,1020800104,51,51,0,0,1,1,1,1,1,100,92,-8,102,0,tie,away,51,-0
6/29/2008,280629014,2008,WAS,SEA,away,8,-110,141,-110,49,64,15,113,1020800105,35,24,0,0,0,0,0,0,0,64,49,-15,59,-11,home,away,24,11
7/1/2008,280701006,2008,NYL,LAS,away,9,-110,148.5,-110,89,78,-11,167,1020800111,43,36,0,0,0,0,0,0,0,78,89,11,79,-7,home,away,36,7
7/1/2008,280701018,2008,HOU,CON,away,9,-110,151.5,-110,68,78,10,146,1020800106,30,38,1,1,1,1,1,1,1,78,68,-10,68,8,away,away,38,-8
7/1/2008,280701020,2008,PHO,ATL,away,-7,-110,182.5,-110,97,79,-18,176,1020800107,34,58,0,1,0,0,1,1,1,79,97,18,92,24,away,away,58,-24
7/1/2008,280701017,2008,TUL,SAS,away,4,-110,144.5,-110,72,79,7,151,1020800109,37,28,0,0,0,0,0,0,0,79,72,-7,65,-9,home,away,28,9
7/1/2008,280701008,2008,CHI,MIN,away,7,-110,149.5,-110,73,71,-2,144,1020800108,46,43,1,1,1,1,0,0,1,71,73,2,89,-3,home,away,43,3
7/1/2008,280701013,2008,WAS,SAC,away,5,-110,142.5,-110,81,87,6,168,1020800110,44,43,0,0,0,0,0,0,0,87,81,-6,87,-1,home,away,43,1
7/2/2008,280702005,2008,CHI,IND,away,8.5,-110,144.5,-110,67,74,7,141,1020800112,43,31,0,0,0,0,0,0,0,74,67,-7,74,-12,home,away,31,12
7/3/2008,280703020,2008,HOU,ATL,away,-4.5,-110,159,-110,72,65,-7,137,1020800113,26,36,1,1,1,1,1,1,1,65,72,7,62,10,away,away,36,-10
7/3/2008,280703017,2008,SAC,SAS,away,6.5,-110,145,-110,67,68,1,135,1020800114,32,34,0,1,0,0,0,1,1,68,67,-1,66,2,away,away,34,-2
7/3/2008,280703014,2008,NYL,SEA,away,7,-110,145.5,-110,71,84,13,155,1020800115,51,38,0,0,0,0,0,0,0,84,71,-13,89,-13,home,away,38,13
7/3/2008,280703006,2008,MIN,LAS,away,8,-110,155.5,-110,88,70,-18,158,1020800116,35,35,0,0,1,1,1,1,1,70,88,18,70,0,tie,away,35,-0
7/5/2008,280705004,2008,SAC,HOU,away,3.5,-110,144.5,-110,65,73,8,138,1020800117,41,41,1,1,0,1,1,0,0,73,65,-8,82,0,tie,away,41,-0
7/5/2008,280705005,2008,CON,IND,away,2.5,-110,146.75,-110,74,81,7,155,1020800118,43,39,0,0,0,0,0,0,0,81,74,-7,82,-4,home,away,39,4
7/5/2008,280705020,2008,CHI,ATL,away,-5,-110,157.25,-110,84,91,7,175,1020800119,46,35,1,1,1,0,0,0,0,91,84,-7,81,-11,home,away,35,11
7/5/2008,280705011,2008,NYL,PHO,away,6,-110,177.5,-110,93,83,-10,176,1020800120,35,48,1,1,1,1,1,1,1,83,93,10,83,13,away,away,48,-13
7/5/2008,280705014,2008,MIN,SEA,away,6.5,-110,146,-110,71,96,25,167,1020800121,47,42,1,1,1,0,0,0,0,96,71,-25,89,-5,home,away,42,5
7/6/2008,280706016,2008,SAS,WAS,away,-1,-110,139,-110,83,75,-8,158,1020800122,28,36,0,0,0,1,1,1,1,75,83,8,64,8,away,away,36,-8
7/6/2008,280706006,2008,PHO,LAS,away,7,-110,176.5,-110,80,91,11,171,1020800123,46,35,0,1,0,0,0,0,0,91,80,-11,81,-11,home,away,35,11
7/8/2008,280708011,2008,HOU,PHO,away,5.5,-110,170,-110,94,99,5,193,1020800124,47,55,1,1,1,1,1,1,1,99,94,-5,102,8,away,away,55,-8
7/8/2008,280708016,2008,IND,WAS,away,-2,-110,142.5,-110,48,50,2,98,1020800125,14,29,1,1,1,1,1,1,1,50,48,-2,43,15,away,away,29,-15
7/8/2008,280708003,2008,CON,TUL,away,5,-110,153.75,-110,82,88,6,170,1020800126,42,45,1,1,1,1,1,1,1,88,82,-6,87,3,away,away,45,-3
7/8/2008,280708017,2008,NYL,SAS,away,5.5,-110,147.5,-110,79,83,4,162,1020800127,36,36,1,0,1,1,1,1,0,83,79,-4,72,0,tie,away,36,-0
7/8/2008,280708013,2008,SEA,SAC,away,2,-110,143,-110,79,64,-15,143,1020800128,27,41,1,1,1,1,1,1,1,64,79,15,68,14,away,away,41,-14
7/9/2008,280709008,2008,ATL,MIN,away,11,-110,167,-110,73,67,-6,140,1020800129,38,26,0,0,0,0,0,0,0,67,73,6,64,-12,home,away,26,12
7/9/2008,280709006,2008,HOU,LAS,away,7,-110,148.5,-110,74,82,8,156,1020800130,37,45,1,1,1,1,1,1,1,82,74,-8,82,8,away,away,45,-8
7/10/2008,280710014,2008,PHO,SEA,away,6,-110,172,-110,78,89,11,167,1020800131,37,31,1,0,0,0,0,0,0,89,78,-11,68,-6,home,away,31,6
7/10/2008,280710019,2008,SAS,CHI,away,-2.5,-110,145,-110,75,67,-8,142,1020800132,29,39,1,1,1,1,1,1,1,67,75,8,68,10,away,away,39,-10
7/10/2008,280710013,2008,LAS,SAC,away,2,-110,148.5,-110,69,87,18,156,1020800133,36,39,0,0,1,1,1,1,1,87,69,-18,75,3,away,away,39,-3
7/11/2008,280711003,2008,WAS,TUL,away,9.5,-110,145,-110,66,79,13,145,1020800134,40,27,0,0,0,0,0,0,0,79,66,-13,67,-13,home,away,27,13
7/11/2008,280711017,2008,ATL,SAS,away,10.5,-110,153,-110,74,82,8,156,1020800135,34,47,0,1,0,0,1,1,1,82,74,-8,81,13,away,away,47,-13
7/12/2008,280712005,2008,CHI,IND,away,8,-110,142.5,-110,57,66,9,123,1020800136,32,27,0,0,0,0,0,0,0,66,57,-9,59,-5,home,away,27,5
7/12/2008,280712009,2008,TUL,NYL,away,2,-110,155,-110,64,74,10,138,1020800137,32,40,1,1,1,1,1,1,1,74,64,-10,72,8,away,away,40,-8
7/12/2008,280712008,2008,HOU,MIN,away,3.5,-110,152,-110,71,85,14,156,1020800138,47,39,1,0,0,0,0,0,0,85,71,-14,86,-8,home,away,39,8
7/12/2008,280712013,2008,PHO,SAC,away,2.5,-110,174.5,-110,97,105,8,202,1020800139,51,45,0,1,1,0,0,1,0,105,97,-8,96,-6,home,away,45,6
7/12/2008,280712014,2008,LAS,SEA,away,3.5,-110,145.5,-110,52,70,18,122,1020800140,30,28,1,1,1,0,0,0,0,70,52,-18,58,-2,home,away,28,2
7/13/2008,280713016,2008,CON,WAS,away,-4,-110,146.25,-110,64,69,5,133,1020800141,36,34,1,1,0,0,0,0,0,69,64,-5,70,-2,home,away,34,2
7/13/2008,280713019,2008,ATL,CHI,away,5.5,-110,156,-110,66,79,13,145,1020800142,44,17,0,0,0,0,0,0,0,79,66,-13,61,-27,home,away,17,27
7/14/2008,280714006,2008,SAS,LAS,away,3.5,-110,146,-110,62,75,13,137,1020800143,35,33,0,0,0,0,0,0,0,75,62,-13,68,-2,home,away,33,2
7/15/2008,280715018,2008,NYL,CON,away,6,-110,156,-110,77,71,-6,148,1020800144,30,26,1,1,0,0,0,0,0,71,77,6,56,-4,home,away,26,4
7/15/2008,280715011,2008,SAS,PHO,away,3.5,-110,173.5,-110,97,87,-10,184,1020800145,48,47,0,0,0,0,0,0,0,87,97,10,95,-1,home,away,47,1
7/16/2008,280716003,2008,CHI,TUL,away,10,-110,148.5,-110,63,66,3,129,1020800146,39,22,0,0,0,0,0,0,0,66,63,-3,61,-17,home,away,22,17
7/16/2008,280716005,2008,ATL,IND,away,10.5,-110,147,-110,81,77,-4,158,1020800147,38,40,1,0,0,1,0,0,1,77,81,4,78,2,away,away,40,-2
7/17/2008,280717004,2008,MIN,HOU,away,5,-110,152,-110,88,96,8,184,1020800148,45,41,0,0,0,0,1,0,0,96,88,-8,86,-4,home,away,41,4
7/17/2008,280717009,2008,WAS,NYL,away,8,-110,146,-110,56,77,21,133,1020800149,43,32,1,0,0,0,0,0,0,77,56,-21,75,-11,home,away,32,11
7/17/2008,280717011,2008,LAS,PHO,away,2.5,-110,176,-110,92,99,7,191,1020800150,47,50,1,1,1,1,1,1,0,99,92,-7,97,3,away,away,50,-3
7/18/2008,280718016,2008,TUL,WAS,away,-4,-110,142.5,-110,99,62,-37,161,1020800151,27,55,1,1,1,1,1,1,1,62,99,37,82,28,away,away,55,-28
7/18/2008,280718005,2008,SEA,IND,away,5,-110,135.5,-110,65,59,-6,124,1020800152,33,27,1,0,0,0,0,0,0,59,65,6,60,-6,home,away,27,6
7/18/2008,280718019,2008,CON,CHI,away,-3.5,-110,146,-110,65,73,8,138,1020800153,42,28,0,0,0,0,0,0,0,73,65,-8,70,-14,home,away,28,14
7/18/2008,280718013,2008,ATL,SAC,away,9,-110,159,-110,73,77,4,150,1020800154,32,23,0,0,0,0,0,0,0,77,73,-4,55,-9,home,away,23,9
7/19/2008,280719009,2008,IND,NYL,away,6.5,-110,139.5,-110,71,55,-16,126,1020800155,29,33,1,1,1,1,1,1,1,55,71,16,62,4,away,away,33,-4
7/19/2008,280719017,2008,MIN,SAS,away,7,-110,155.5,-110,87,74,-13,161,1020800156,33,44,0,1,1,1,1,1,1,74,87,13,77,11,away,away,44,-11
7/19/2008,280719004,2008,LAS,HOU,away,1.5,-110,149,-110,72,75,3,147,1020800157,40,30,0,0,0,0,0,0,0,75,72,-3,70,-10,home,away,30,10
7/19/2008,280719011,2008,ATL,PHO,away,11,-110,185.5,-110,84,110,26,194,1020800158,51,37,0,0,0,0,0,0,0,110,84,-26,88,-14,home,away,37,14
7/20/2008,280720018,2008,CHI,CON,away,9,-110,146.5,-110,67,74,7,141,1020800159,35,33,0,0,0,0,0,0,0,74,67,-7,68,-2,home,away,33,2
7/20/2008,280720016,2008,SEA,WAS,away,-2,-110,136,-110,57,89,32,146,1020800160,48,25,0,1,0,0,0,0,0,89,57,-32,73,-23,home,away,25,23
7/20/2008,280720003,2008,SAC,TUL,away,8.5,-110,152,-110,88,85,-3,173,1020800161,44,54,0,0,1,1,1,1,1,85,88,3,98,10,away,away,54,-10
7/22/2008,280722020,2008,SAC,ATL,away,-4.5,-110,159.5,-110,79,66,-13,145,1020800162,30,45,1,1,1,1,1,1,1,66,79,13,75,15,away,away,45,-15
7/22/2008,280722008,2008,SEA,MIN,away,6.5,-110,148.5,-110,76,73,-3,149,1020800163,30,39,0,0,1,1,1,1,1,73,76,3,69,9,away,away,39,-9
7/22/2008,280722003,2008,LAS,TUL,away,5.5,-110,153.5,-110,84,81,-3,165,1020800164,34,48,1,1,1,1,1,1,1,81,84,3,82,14,away,away,48,-14
7/22/2008,280722019,2008,IND,CHI,away,-1,-110,136,-110,60,68,8,128,1020800165,37,31,0,0,0,0,0,0,0,68,60,-8,68,-6,home,away,31,6
7/22/2008,280722004,2008,PHO,HOU,away,4,-110,176.5,-110,92,94,2,186,1020800166,43,52,1,1,1,1,0,1,1,94,92,-2,95,9,away,away,52,-9
7/23/2008,280723016,2008,NYL,WAS,away,-1.5,-110,146.5,-110,80,73,-7,153,1020800167,30,36,1,1,1,1,1,1,1,73,80,7,66,6,away,away,36,-6
7/24/2008,280724017,2008,CHI,SAS,away,9,-110,141,-110,67,78,11,145,1020800168,35,30,0,0,0,0,0,0,0,78,67,-11,65,-5,home,away,30,5
7/24/2008,280724013,2008,PHO,SAC,away,3.5,-110,182,-110,74,83,9,157,1020800169,40,35,0,0,0,0,0,0,0,83,74,-9,75,-5,home,away,35,5
7/24/2008,280724018,2008,LAS,CON,away,9,-110,149.5,-110,61,87,26,148,1020800170,34,26,1,1,0,0,0,0,0,87,61,-26,60,-8,home,away,26,8
7/24/2008,280724005,2008,MIN,IND,away,4.5,-110,146.5,-110,84,80,-4,164,1020800171,35,33,0,0,0,1,0,0,0,80,84,4,68,-2,home,away,33,2
7/24/2008,280724004,2008,TUL,HOU,away,6.5,-110,151,-110,61,79,18,140,1020800172,28,35,1,1,1,1,1,1,1,79,61,-18,63,7,away,away,35,-7
7/25/2008,280725009,2008,LAS,NYL,away,4.5,-110,149,-110,68,69,1,137,1020800173,33,30,1,1,0,0,0,0,0,69,68,-1,63,-3,home,away,30,3
7/25/2008,280725020,2008,WAS,ATL,away,-2,-110,153.5,-110,81,75,-6,156,1020800174,42,45,1,1,1,1,1,0,0,75,81,6,87,3,away,away,45,-3
7/25/2008,280725008,2008,SAS,MIN,away,-2.5,-110,154.5,-110,68,78,10,146,1020800175,38,31,1,1,1,1,0,0,0,78,68,-10,69,-7,home,away,31,7
7/25/2008,280725011,2008,SEA,PHO,away,5.5,-110,169.5,-110,80,94,14,174,1020800176,47,33,0,0,0,0,0,0,0,94,80,-14,80,-14,home,away,33,14
7/26/2008,280726004,2008,CHI,HOU,away,6.5,-110,144.5,-110,65,79,14,144,1020800177,42,33,0,0,0,0,0,0,0,79,65,-14,75,-9,home,away,33,9
7/26/2008,280726013,2008,IND,SAC,away,5,-110,141.5,-110,62,70,8,132,1020800178,40,26,0,0,0,0,0,0,0,70,62,-8,66,-14,home,away,26,14
7/27/2008,280727020,2008,NYL,ATL,away,-6,-110,158.5,-110,86,76,-10,162,1020800179,43,44,1,1,1,0,0,0,0,76,86,10,87,1,away,away,44,-1
7/27/2008,280727016,2008,CON,WAS,away,-3,-110,148,-110,82,60,-22,142,1020800180,29,40,0,0,1,1,1,1,1,60,82,22,69,11,away,away,40,-11
7/27/2008,280727003,2008,SAS,TUL,away,1.5,-110,147.5,-110,76,64,-12,140,1020800181,35,34,0,1,1,0,0,0,1,64,76,12,69,-1,home,away,34,1
7/27/2008,280727008,2008,LAS,MIN,away,2,-110,157,-110,92,84,-8,176,1020800182,48,51,1,1,1,1,1,1,1,84,92,8,99,3,away,away,51,-3
7/27/2008,280727011,2008,IND,PHO,away,7,-110,166.5,-110,88,84,-4,172,1020800183,46,46,1,1,1,1,1,1,0,84,88,4,92,0,tie,away,46,-0
7/27/2008,280727014,2008,SAC,SEA,away,4.5,-110,143,-110,71,77,6,148,1020800184,43,39,0,0,1,0,0,0,0,77,71,-6,82,-4,home,away,39,4
8/28/2008,280828005,2008,CON,IND,away,2.5,-110,143.5,-110,84,58,-26,142,1020800185,25,54,1,1,1,1,1,1,1,58,84,26,79,29,away,away,54,-29
8/28/2008,280828009,2008,CHI,NYL,away,8,-110,145,-110,69,60,-9,129,1020800186,34,34,0,0,0,0,0,1,1,60,69,9,68,0,tie,away,34,-0
8/28/2008,280828011,2008,SAS,PHO,away,-1.5,-110,173.5,-110,77,55,-22,132,1020800187,21,45,0,1,1,1,1,1,1,55,77,22,66,24,away,away,45,-24
8/28/2008,280828014,2008,HOU,SEA,away,4.5,-110,143.5,-110,49,66,17,115,1020800188,38,24,0,0,0,0,0,0,0,66,49,-17,62,-14,home,away,24,14
8/28/2008,280828006,2008,SAC,LAS,away,5,-110,150.5,-110,63,78,15,141,1020800189,46,39,1,1,1,1,0,1,0,78,63,-15,85,-7,home,away,39,7
8/29/2008,280829016,2008,CHI,WAS,away,3,-110,140.5,-110,79,75,-4,154,1020800190,36,33,0,1,0,0,0,0,1,75,79,4,69,-3,home,away,33,3
8/29/2008,280829003,2008,NYL,TUL,away,5.5,-110,150,-110,69,83,14,152,1020800192,35,38,1,0,1,1,1,1,0,83,69,-14,73,3,away,away,38,-3
8/29/2008,280829020,2008,CON,ATL,away,-8,-110,159,-110,98,72,-26,170,1020800191,38,55,1,1,1,1,1,1,1,72,98,26,93,17,away,away,55,-17
8/30/2008,280830005,2008,ATL,IND,away,12.5,-110,149.5,-110,72,87,15,159,1020800193,43,29,0,0,0,0,0,0,0,87,72,-15,72,-14,home,away,29,14
8/30/2008,280830008,2008,WAS,MIN,away,9.5,-110,152.5,-110,78,92,14,170,1020800194,46,38,0,0,0,0,0,0,0,92,78,-14,84,-8,home,away,38,8
8/30/2008,280830013,2008,HOU,SAC,away,5,-110,145,-110,65,80,15,145,1020800195,40,37,1,1,1,1,0,0,0,80,65,-15,77,-3,home,away,37,3
8/30/2008,280830006,2008,SAS,LAS,away,3,-110,146.5,-110,53,58,5,111,1020800196,25,23,1,1,0,0,1,1,1,58,53,-5,48,-2,home,away,23,2
8/31/2008,280831018,2008,SEA,CON,away,6,-110,145,-110,76,80,4,156,1020800197,36,35,0,1,1,1,1,0,1,80,76,-4,71,-1,home,away,35,1
8/31/2008,280831019,2008,TUL,CHI,away,-2.5,-110,147,-110,81,82,1,163,1020800198,38,45,0,0,0,0,0,0,1,82,81,-1,83,7,away,away,45,-7
9/1/2008,280901006,2008,MIN,LAS,away,6.5,-110,158,-110,58,82,24,140,1020800199,37,37,0,1,1,1,1,1,1,82,58,-24,74,0,tie,away,37,-0
9/2/2008,280902016,2008,IND,WAS,away,NA,-110,140,-110,79,68,-11,147,1020800200,45,37,0,0,0,0,0,0,0,68,79,11,82,-8,home,away,37,8
9/2/2008,280902020,2008,SEA,ATL,away,NA,-110,154,-110,83,69,-14,152,1020800201,34,39,0,0,0,1,1,1,0,69,83,14,73,5,away,away,39,-5
9/2/2008,280902004,2008,NYL,HOU,away,NA,-110,146,-110,90,87,-3,177,1020800202,29,39,1,0,0,1,1,1,1,87,90,3,68,10,away,away,39,-10
9/3/2008,280903011,2008,MIN,PHO,away,NA,-110,177,-110,96,103,7,199,1020800203,40,26,0,0,0,0,0,0,0,103,96,-7,66,-14,home,away,26,14
9/4/2008,280904019,2008,SEA,CHI,away,NA,-110,142.5,-110,70,62,-8,132,1020800204,34,29,0,0,0,0,0,0,0,62,70,8,63,-5,home,away,29,5
9/5/2008,280905018,2008,CHI,CON,away,NA,-110,149,-110,75,80,5,155,1020800205,39,35,0,0,0,0,0,0,0,80,75,-5,74,-4,home,away,35,4
9/5/2008,280905009,2008,ATL,NYL,away,NA,-110,158,-110,71,82,11,153,1020800206,38,35,0,1,1,0,0,0,0,82,71,-11,73,-3,home,away,35,3
9/5/2008,280905003,2008,IND,TUL,away,NA,-110,143.75,-110,68,90,22,158,1020800207,46,29,0,0,0,0,0,0,0,90,68,-22,75,-17,home,away,29,17
9/5/2008,280905017,2008,LAS,SAS,away,NA,-110,142.5,-110,58,76,18,134,1020800208,44,30,0,0,0,0,0,0,0,76,58,-18,74,-14,home,away,30,14
9/5/2008,280905011,2008,SAC,PHO,away,NA,-110,176,-110,69,81,12,150,1020800209,44,33,0,0,0,0,0,0,0,81,69,-12,77,-11,home,away,33,11
9/6/2008,280906016,2008,TUL,WAS,away,NA,-110,153.5,-110,84,69,-15,153,1020800210,40,44,1,1,1,1,0,1,1,69,84,15,84,4,away,away,44,-4
9/6/2008,280906004,2008,LAS,HOU,away,NA,-110,146.75,-110,84,66,-18,150,1020800211,34,42,1,1,1,1,1,1,1,66,84,18,76,8,away,away,42,-8
9/6/2008,280906014,2008,MIN,SEA,away,NA,-110,152,-110,88,96,8,184,1020800212,35,46,1,1,1,1,1,1,1,96,88,-8,81,11,away,away,46,-11
9/7/2008,280907009,2008,CHI,NYL,away,NA,-110,147,-110,61,69,8,130,1020800214,31,32,1,1,0,0,0,1,0,69,61,-8,63,1,away,away,32,-1
9/7/2008,280907018,2008,SAS,CON,away,NA,-110,145.75,-110,85,73,-12,158,1020800213,28,35,1,1,1,0,1,1,1,73,85,12,63,7,away,away,35,-7
9/7/2008,280907011,2008,HOU,PHO,away,NA,-110,170.5,-110,74,99,25,173,1020800215,47,44,1,1,1,1,1,0,0,99,74,-25,91,-3,home,away,44,3
9/7/2008,280907013,2008,MIN,SAC,away,NA,-110,156.5,-110,71,78,7,149,1020800216,36,32,0,0,0,0,0,0,0,78,71,-7,68,-4,home,away,32,4
9/8/2008,280908020,2008,IND,ATL,away,NA,-110,154,-110,81,77,-4,158,1020800217,30,34,0,1,1,1,1,0,1,77,81,4,64,4,away,away,34,-4
9/9/2008,280909003,2008,PHO,TUL,away,NA,-110,174,-110,78,89,11,167,1020800218,41,40,0,0,0,0,0,0,1,89,78,-11,81,-1,home,away,40,1
9/9/2008,280909009,2008,SAS,NYL,away,NA,-110,143.5,-110,82,76,-6,158,1020800219,35,35,1,1,1,1,0,1,0,76,82,6,70,0,tie,away,35,-0
9/9/2008,280909008,2008,IND,MIN,away,NA,-110,154.5,-110,76,86,10,162,1020800221,44,29,0,0,0,0,0,0,0,86,76,-10,73,-15,home,away,29,15
9/9/2008,280909019,2008,WAS,CHI,away,NA,-110,145,-110,59,78,19,137,1020800220,32,35,0,0,1,0,0,1,1,78,59,-19,67,3,away,away,35,-3
9/9/2008,280909004,2008,CON,HOU,away,NA,-110,153,-110,68,75,7,143,1020800222,39,31,0,0,0,0,0,0,0,75,68,-7,70,-8,home,away,31,8
9/9/2008,280909013,2008,SEA,SAC,away,NA,-110,144.5,-110,74,77,3,151,1020800223,44,34,0,0,0,0,0,0,0,77,74,-3,78,-10,home,away,34,10
9/11/2008,280911005,2008,NYL,IND,away,NA,-110,147,-110,59,74,15,133,1020800224,38,27,0,0,0,0,0,0,0,74,59,-15,65,-11,home,away,27,11
9/11/2008,280911003,2008,WAS,TUL,away,NA,-110,154,-110,66,78,12,144,1020800225,45,31,1,0,0,0,0,0,0,78,66,-12,76,-14,home,away,31,14
9/11/2008,280911017,2008,CON,SAS,away,NA,-110,149,-110,74,78,4,152,1020800226,43,42,0,0,0,0,0,0,0,78,74,-4,85,-1,home,away,42,1
9/11/2008,280911006,2008,ATL,LAS,away,NA,-110,156.5,-110,83,72,-11,155,1020800227,35,42,1,1,0,1,1,1,1,72,83,11,77,7,away,away,42,-7
9/12/2008,280912008,2008,PHO,MIN,away,NA,-110,174.5,-110,96,87,-9,183,1020800228,36,36,1,1,1,1,0,1,0,87,96,9,72,0,tie,away,36,-0
9/12/2008,280912019,2008,NYL,CHI,away,NA,-110,143.5,-110,69,62,-7,131,1020800229,31,29,0,0,0,0,0,1,0,62,69,7,60,-2,home,away,29,2
9/12/2008,280912014,2008,ATL,SEA,away,NA,-110,155,-110,72,77,5,149,1020800231,30,27,0,0,0,0,0,0,0,77,72,-5,57,-3,home,away,27,3
9/13/2008,280913018,2008,WAS,CON,away,10.5,-110,150.5,-110,81,87,6,168,1020800232,35,41,1,1,0,0,1,1,1,87,81,-6,76,6,away,away,41,-6
9/13/2008,280913017,2008,SAC,SAS,away,NA,-110,145,-110,69,77,8,146,1020800234,46,33,0,0,0,0,0,0,0,77,69,-8,79,-13,home,away,33,13
9/14/2008,280914005,2008,PHO,IND,away,NA,-110,170,-110,89,103,14,192,1020800233,57,40,0,0,0,0,0,0,0,103,89,-14,97,-17,home,away,40,17
9/14/2008,280914009,2008,TUL,NYL,away,NA,-110,149.5,-110,61,59,-2,120,1020800235,28,35,1,1,1,1,1,1,1,59,61,2,63,7,away,away,35,-7
9/14/2008,280914016,2008,MIN,WAS,away,NA,-110,154,-110,96,70,-26,166,1020800236,36,51,1,1,1,1,1,1,1,70,96,26,87,15,away,away,51,-15
9/14/2008,280914019,2008,HOU,CHI,away,NA,-110,144,-110,79,76,-3,155,1020800237,34,38,1,0,0,0,0,1,1,76,79,3,72,4,away,away,38,-4
9/14/2008,280914006,2008,SEA,LAS,away,NA,-110,142.5,-110,48,65,17,113,1020800238,40,18,0,0,0,0,0,0,0,65,48,-17,58,-22,home,away,18,22
9/15/2008,280915004,2008,SAC,HOU,away,NA,-110,146.5,-110,81,90,9,171,1020800230,47,41,1,1,1,1,1,0,0,90,81,-9,88,-6,home,away,41,6
9/18/2008,280918009,2008,CON,NYL,away,NA,-110,148.5,-110,63,72,9,135,1040800111,42,31,0,0,0,0,0,0,0,72,63,-9,73,-11,home,away,31,11
9/18/2008,280918013,2008,SAS,SAC,away,NA,-110,144,-110,85,78,-7,163,1040800121,29,45,1,1,1,1,1,1,1,78,85,7,74,16,away,away,45,-16
9/19/2008,280919005,2008,TUL,IND,away,NA,-110,145,-110,81,72,-9,153,1040800101,29,39,1,1,1,1,1,1,1,72,81,9,68,10,away,away,39,-10
9/19/2008,280919006,2008,SEA,LAS,away,NA,-110,141,-110,69,77,8,146,1040800131,44,27,0,0,0,0,0,0,0,77,69,-8,71,-17,home,away,27,17
9/20/2008,280920018,2008,NYL,CON,away,NA,-110,149.5,-110,70,73,3,143,1040800112,40,32,0,0,0,0,0,0,0,73,70,-3,72,-8,home,away,32,8
9/20/2008,280920017,2008,SAC,SAS,away,NA,-110,147,-110,84,67,-17,151,1040800122,39,48,0,0,1,1,1,1,1,67,84,17,87,9,away,away,48,-9
9/21/2008,280921003,2008,IND,TUL,away,NA,-110,149,-110,89,82,-7,171,1040800102,38,42,1,1,1,1,1,1,1,82,89,7,80,4,away,away,42,-4
9/21/2008,280921014,2008,LAS,SEA,away,NA,-110,143.5,-110,50,64,14,114,1040800132,26,15,0,0,0,0,0,0,0,64,50,-14,41,-11,home,away,15,11
9/22/2008,280922018,2008,NYL,CON,away,NA,-110,146,-110,66,62,-4,128,1040800113,33,37,0,0,1,1,1,1,1,62,66,4,70,4,away,away,37,-4
9/22/2008,280922017,2008,SAC,SAS,away,NA,-110,146.5,-110,81,86,5,167,1040800123,39,31,1,1,1,0,0,0,0,86,81,-5,70,-8,home,away,31,8
9/23/2008,280923003,2008,IND,TUL,away,NA,-110,147,-110,61,80,19,141,1040800103,49,19,0,0,0,0,0,0,0,80,61,-19,68,-30,home,away,19,30
9/23/2008,280923014,2008,LAS,SEA,away,NA,-110,137.5,-110,71,64,-7,135,1040800133,35,42,0,0,1,1,1,1,1,64,71,7,77,7,away,away,42,-7
9/26/2008,280926009,2008,TUL,NYL,away,NA,-110,142.5,-110,56,60,4,116,1040800201,23,29,1,1,1,1,1,1,1,60,56,-4,52,6,away,away,29,-6
9/27/2008,280927017,2008,LAS,SAS,away,NA,-110,145.5,-110,66,67,1,133,1040800212,36,33,1,1,1,0,0,0,0,67,66,-1,69,-3,home,away,33,3
9/28/2008,280928017,2008,LAS,SAS,away,NA,-110,140,-110,72,76,4,148,1040800213,29,33,0,0,0,1,1,1,1,76,72,-4,62,4,away,away,33,-4
9/29/2008,280929003,2008,NYL,TUL,away,NA,-110,137.5,-110,73,75,2,148,1040800203,41,24,0,0,0,0,0,0,0,75,73,-2,65,-17,home,away,24,17
10/1/2008,281001017,2008,TUL,SAS,away,NA,-110,145,-110,77,69,-8,146,1040800301,32,42,0,0,0,1,1,1,1,69,77,8,74,10,away,away,42,-10
10/3/2008,281003017,2008,TUL,SAS,away,NA,-110,146,-110,69,61,-8,130,1040800302,28,35,1,1,1,1,1,1,1,61,69,8,63,7,away,away,35,-7
10/5/2008,281005003,2008,SAS,TUL,away,NA,-110,144.25,-110,60,76,16,136,1040800303,30,34,1,1,1,1,1,1,0,76,60,-16,64,4,away,away,34,-4
6/6/2009,290606006,2009,LAS,TUL,home,-5.5,-110,147,-110,78,58,-20,136,1020900001,51,29,1,1,1,1,1,1,1,78,58,-20,80,-22,home,home,51,-22
6/6/2009,290606013,2009,SAC,SEA,home,-2,-110,137.5,-110,61,71,10,132,1020900002,29,25,1,1,0,0,0,0,0,61,71,10,54,-4,home,home,29,-4
6/6/2009,290606018,2009,CON,WAS,home,-7.5,-110,156,-110,70,82,12,152,1020900003,28,40,0,0,0,0,0,0,0,70,82,12,68,12,away,home,28,12
6/6/2009,290606020,2009,ATL,IND,home,4.5,-110,145.25,-110,87,86,-1,173,1020900004,32,30,1,1,1,1,1,0,1,87,86,-1,62,-2,home,home,32,-2
6/6/2009,290606008,2009,MIN,CHI,home,-3.5,-110,155,-110,102,85,-17,187,1020900005,56,45,0,0,0,1,1,1,1,102,85,-17,101,-11,home,home,56,-11
6/6/2009,290606011,2009,PHO,SAS,home,-4,-110,165.5,-110,90,79,-11,169,1020900006,38,44,0,0,0,0,0,0,0,90,79,-11,82,6,away,home,38,6
6/7/2009,290607009,2009,NYL,CON,home,-4.5,-110,147.5,-110,57,66,9,123,1020900007,32,30,1,1,0,1,0,0,0,57,66,9,62,-2,home,home,32,-2
6/7/2009,290607016,2009,WAS,ATL,home,-6,-110,151,-110,77,71,-6,148,1020900008,38,30,0,0,0,0,1,1,1,77,71,-6,68,-8,home,home,38,-8
6/7/2009,290607005,2009,IND,MIN,home,-6.5,-110,154,-110,74,96,22,170,1020900009,38,60,0,0,0,0,0,0,0,74,96,22,98,22,away,home,38,22
6/7/2009,290607014,2009,SEA,SAC,home,-7,-110,139,-110,80,70,-10,150,1020900010,41,32,1,1,1,1,1,1,1,80,70,-10,73,-9,home,home,41,-9
6/8/2009,290608003,2009,TUL,LAS,home,4.5,-110,145.5,-110,81,52,-29,133,1020900011,42,16,1,1,1,1,1,1,1,81,52,-29,58,-26,home,home,42,-26
6/9/2009,290609005,2009,IND,SEA,home,-2.5,-110,137.75,-110,73,66,-7,139,1020900012,38,36,1,1,1,1,1,1,1,73,66,-7,74,-2,home,home,38,-2
6/10/2009,290610003,2009,TUL,WAS,home,-6.5,-110,150,-110,69,75,6,144,1020900013,27,38,1,1,1,1,0,0,0,69,75,6,65,11,away,home,27,11
6/10/2009,290610008,2009,MIN,LAS,home,-2.5,-110,160.5,-110,87,76,-11,163,1020900014,39,40,0,1,1,0,0,0,0,87,76,-11,79,1,away,home,39,1
6/10/2009,290610011,2009,PHO,NYL,home,-7,-110,167.5,-110,91,84,-7,175,1020900015,43,44,0,0,0,0,0,1,0,91,84,-7,87,1,away,home,43,1
6/12/2009,290612008,2009,MIN,SEA,home,-4,-110,154.75,-110,71,88,17,159,1020900017,30,42,0,0,0,0,0,0,0,71,88,17,72,12,away,home,30,12
6/12/2009,290612019,2009,CHI,ATL,home,-4,-110,148,-110,81,73,-8,154,1020900018,43,34,1,1,1,1,1,1,1,81,73,-8,77,-9,home,home,43,-9
6/12/2009,290612013,2009,SAC,PHO,home,-1,-110,170.5,-110,90,71,-19,161,1020900019,39,32,1,1,1,1,1,1,1,90,71,-19,71,-7,home,home,39,-7
6/13/2009,290613017,2009,SAS,NYL,home,-6,-110,145,-110,63,60,-3,123,1020900020,29,31,0,0,0,1,0,0,1,63,60,-3,60,2,away,home,29,2
6/13/2009,290613011,2009,PHO,SAC,home,-7.5,-110,167.5,-110,115,104,-11,219,1020900021,45,41,1,1,1,1,1,1,1,115,104,-11,86,-4,home,home,45,-4
6/14/2009,290614018,2009,CON,ATL,home,-7.5,-110,155,-110,62,67,5,129,1020900022,30,26,0,0,0,0,1,0,0,62,67,5,56,-4,home,home,30,-4
6/14/2009,290614019,2009,CHI,SEA,home,1,-110,148,-110,64,57,-7,121,1020900023,34,24,1,1,1,1,1,1,1,64,57,-7,58,-10,home,home,34,-10
6/16/2009,290616019,2009,CHI,CON,home,-4.5,-110,145.75,-110,78,75,-3,153,1020900024,42,37,1,0,0,0,1,1,1,78,75,-3,79,-5,home,home,42,-5
6/16/2009,290616013,2009,SAC,MIN,home,1,-110,161,-110,83,86,3,169,1020900025,42,46,0,0,0,0,1,0,0,83,86,3,88,4,away,home,42,4
6/17/2009,290617011,2009,PHO,MIN,home,-4.5,-110,182.5,-110,104,80,-24,184,1020900026,54,48,0,0,1,0,1,1,1,104,80,-24,102,-6,home,home,54,-6
6/19/2009,290619018,2009,CON,CHI,home,-4,-110,146,-110,91,61,-30,152,1020900027,46,35,1,1,1,1,1,1,1,91,61,-30,81,-11,home,home,46,-11
6/19/2009,290619009,2009,NYL,SAS,home,-8,-110,139,-110,77,61,-16,138,1020900028,45,24,1,1,1,1,1,1,1,77,61,-16,69,-21,home,home,45,-21
6/19/2009,290619003,2009,TUL,IND,home,-3.5,-110,143,-110,54,66,12,120,1020900030,27,25,0,1,1,1,0,0,0,54,66,12,52,-2,home,home,27,-2
6/19/2009,290619020,2009,ATL,WAS,home,-4,-110,151.75,-110,93,81,-12,174,1020900029,41,34,1,1,0,0,0,1,1,93,81,-12,75,-7,home,home,41,-7
6/19/2009,290619011,2009,PHO,LAS,home,-4.5,-110,173.25,-110,89,80,-9,169,1020900032,43,43,0,0,0,0,0,0,0,89,80,-9,86,0,tie,home,43,0
6/19/2009,290619014,2009,SEA,MIN,home,-10,-110,151,-110,90,62,-28,152,1020900031,55,32,1,1,1,1,1,1,1,90,62,-28,87,-23,home,home,55,-23
6/20/2009,290620016,2009,WAS,CHI,home,-6,-110,146.5,-110,81,72,-9,153,1020900033,29,39,1,1,1,1,0,0,0,81,72,-9,68,10,away,home,29,10
6/21/2009,290621018,2009,CON,SAS,home,-10.5,-110,141.5,-110,71,58,-13,129,1020900034,39,31,0,0,1,1,1,1,1,71,58,-13,70,-8,home,home,39,-8
6/21/2009,290621020,2009,ATL,NYL,home,-3.5,-110,150.75,-110,81,93,12,174,1020900035,40,46,1,1,0,0,1,0,0,81,93,12,86,6,away,home,40,6
6/21/2009,290621005,2009,IND,TUL,home,-5.5,-110,139.5,-110,82,70,-12,152,1020900036,37,48,1,1,0,0,0,0,0,82,70,-12,85,11,away,home,37,11
6/21/2009,290621011,2009,PHO,SEA,home,-1,-110,168.5,-110,84,93,9,177,1020900037,44,48,0,0,0,0,0,0,0,84,93,9,92,4,away,home,44,4
6/21/2009,290621006,2009,LAS,SAC,home,-4,-110,147.75,-110,67,47,-20,114,1020900038,46,24,1,1,1,1,1,1,1,67,47,-20,70,-22,home,home,46,-22
6/23/2009,290623020,2009,ATL,CHI,home,-5,-110,151.5,-110,98,99,1,197,1020900039,38,50,0,0,0,0,0,0,0,98,99,1,88,12,away,home,38,12
6/23/2009,290623017,2009,SAS,PHO,home,-2,-110,163,-110,91,87,-4,178,1020900040,40,43,1,1,0,0,0,1,1,91,87,-4,83,3,away,home,40,3
6/23/2009,290623008,2009,MIN,NYL,home,1,-110,158.5,-110,69,57,-12,126,1020900041,38,27,1,1,1,1,1,1,1,69,57,-12,65,-11,home,home,38,-11
6/25/2009,290625016,2009,WAS,PHO,home,-2,-110,176.5,-110,87,93,6,180,1020900042,42,51,0,0,0,0,0,0,0,87,93,6,93,9,away,home,42,9
6/26/2009,290626009,2009,NYL,IND,home,-1.5,-110,141,-110,81,82,1,163,1020900043,33,20,1,1,1,1,1,1,1,81,82,1,53,-13,home,home,33,-13
6/26/2009,290626020,2009,ATL,TUL,home,-1,-110,152.5,-110,96,86,-10,182,1020900044,50,49,0,1,1,1,1,1,1,96,86,-10,99,-1,home,home,50,-1
6/26/2009,290626017,2009,SAS,SAC,home,-5.5,-110,144,-110,62,52,-10,114,1020900045,33,25,1,1,1,1,1,1,1,62,52,-10,58,-8,home,home,33,-8
6/26/2009,290626014,2009,SEA,LAS,home,-10,-110,137,-110,69,67,-2,136,1020900046,36,28,0,1,1,1,1,1,1,69,67,-2,64,-8,home,home,36,-8
6/27/2009,290627018,2009,CON,ATL,home,-8.5,-110,156,-110,82,68,-14,150,1020900047,43,35,0,0,0,0,0,1,1,82,68,-14,78,-8,home,home,43,-8
6/27/2009,290627005,2009,IND,NYL,home,-6.5,-110,141,-110,63,54,-9,117,1020900048,34,23,0,0,1,1,1,1,1,63,54,-9,57,-11,home,home,34,-11
6/27/2009,290627008,2009,MIN,PHO,home,2,-110,178.5,-110,109,80,-29,189,1020900050,54,43,1,1,1,1,1,1,1,109,80,-29,97,-11,home,home,54,-11
6/27/2009,290627019,2009,CHI,WAS,home,-6,-110,151.5,-110,68,63,-5,131,1020900049,26,25,0,0,0,1,1,0,0,68,63,-5,51,-1,home,home,26,-1
6/28/2009,290628003,2009,TUL,SAC,home,-6,-110,144.5,-110,86,72,-14,158,1020900051,47,28,1,1,1,1,1,1,1,86,72,-14,75,-19,home,home,47,-19
6/28/2009,290628006,2009,LAS,SEA,home,1.5,-110,137,-110,82,55,-27,137,1020900052,41,30,0,0,0,1,1,1,1,82,55,-27,71,-11,home,home,41,-11
6/30/2009,290630020,2009,ATL,MIN,home,-6,-110,174,-110,85,91,6,176,1020900053,50,56,0,1,0,0,0,1,0,85,91,6,106,6,away,home,50,6
6/30/2009,290630017,2009,SAS,WAS,home,-7.5,-110,143.5,-110,82,84,2,166,1020900055,33,39,1,1,1,1,0,0,0,82,84,2,72,6,away,home,33,6
6/30/2009,290630019,2009,CHI,SAC,home,-4.5,-110,145.5,-110,74,72,-2,146,1020900054,32,37,1,1,1,0,1,0,0,74,72,-2,69,5,away,home,32,5
7/1/2009,290701011,2009,PHO,SEA,home,-2,-110,173,-110,93,81,-12,174,1020900056,47,50,1,0,0,0,0,0,0,93,81,-12,97,3,away,home,47,3
7/2/2009,290702005,2009,IND,CON,home,-4.5,-110,142.25,-110,67,53,-14,120,1020900057,37,30,1,1,1,1,1,1,1,67,53,-14,67,-7,home,home,37,-7
7/2/2009,290702009,2009,NYL,TUL,home,-3.5,-110,141,-110,80,64,-16,144,1020900058,39,26,0,1,1,1,1,1,1,80,64,-16,65,-13,home,home,39,-13
7/2/2009,290702008,2009,MIN,SAC,home,-5.5,-110,163.5,-110,68,74,6,142,1020900059,33,34,1,1,1,0,0,0,0,68,74,6,67,1,away,home,33,1
7/3/2009,290703020,2009,ATL,WAS,home,-3.5,-110,167,-110,72,65,-7,137,1020900060,38,33,0,0,1,1,1,1,1,72,65,-7,71,-5,home,home,38,-5
7/3/2009,290703017,2009,SAS,CHI,home,-5.5,-110,140.5,-110,85,72,-13,157,1020900061,45,28,1,1,1,1,1,1,1,85,72,-13,73,-17,home,home,45,-17
7/5/2009,290705003,2009,TUL,CON,home,-3.5,-110,145.75,-110,92,95,3,187,1020900062,45,40,1,0,0,0,0,0,1,92,95,3,85,-5,home,home,45,-5
7/5/2009,290705005,2009,IND,ATL,home,-8.5,-110,151.5,-110,78,74,-4,152,1020900063,39,38,0,1,1,1,1,1,1,78,74,-4,77,-1,home,home,39,-1
7/5/2009,290705006,2009,LAS,PHO,home,-6,-110,168,-110,89,104,15,193,1020900064,51,45,0,0,0,0,0,0,0,89,104,15,96,-6,home,home,51,-6
7/7/2009,290707014,2009,SEA,SAS,home,-7,-110,141.5,-110,66,53,-13,119,1020900065,33,34,0,1,0,0,0,0,1,66,53,-13,67,1,away,home,33,1
7/7/2009,290707020,2009,ATL,CON,home,2,-110,156.5,-110,72,67,-5,139,1020900066,43,24,1,1,1,1,1,1,1,72,67,-5,67,-19,home,home,43,-19
7/7/2009,290707008,2009,MIN,WAS,home,-4,-110,165,-110,96,94,-2,190,1020900067,38,38,0,0,0,0,0,0,1,96,94,-2,76,0,tie,home,38,0
7/7/2009,290707013,2009,SAC,CHI,home,-7,-110,147.5,-110,83,73,-10,156,1020900068,40,37,1,0,1,1,1,1,1,83,73,-10,77,-3,home,home,40,-3
7/8/2009,290708011,2009,PHO,CHI,home,-10.5,-110,178.5,-110,90,70,-20,160,1020900069,48,30,1,1,1,1,1,1,1,90,70,-20,78,-18,home,home,48,-18
7/9/2009,290709014,2009,SEA,SAC,home,-7.5,-110,140,-110,66,55,-11,121,1020900071,38,28,1,1,1,1,1,1,1,66,55,-11,66,-10,home,home,38,-10
7/10/2009,290710008,2009,MIN,SAS,home,-2,-110,155,-110,61,77,16,138,1020900072,31,37,1,1,0,0,0,0,0,61,77,16,68,6,away,home,31,6
7/10/2009,290710019,2009,CHI,IND,home,4.5,-110,140.5,-110,54,83,29,137,1020900073,23,54,0,0,0,0,0,0,0,54,83,29,77,31,away,home,23,31
7/11/2009,290711016,2009,WAS,LAS,home,-4,-110,146.5,-110,75,63,-12,138,1020900075,38,24,1,1,1,1,1,1,1,75,63,-12,62,-14,home,home,38,-14
7/11/2009,290711018,2009,CON,TUL,home,-6.5,-110,147.25,-110,77,79,2,156,1020900074,32,32,1,1,0,0,1,1,0,77,79,2,64,0,tie,home,32,0
7/11/2009,290711009,2009,NYL,ATL,home,-6,-110,150,-110,71,69,-2,140,1020900076,31,36,0,0,0,0,0,0,1,71,69,-2,67,5,away,home,31,5
7/11/2009,290711013,2009,SAC,PHO,home,-1,-110,170.5,-110,105,107,2,212,1020900077,54,42,1,1,1,1,1,1,1,105,107,2,96,-12,home,home,54,-12
7/12/2009,290712017,2009,SAS,MIN,home,-7,-110,151.5,-110,76,83,7,159,1020900078,35,42,1,1,0,0,0,0,0,76,83,7,77,7,away,home,35,7
7/12/2009,290712014,2009,SEA,CHI,home,-13,-110,139,-110,81,86,5,167,1020900079,42,42,1,0,0,0,0,0,0,81,86,5,84,0,tie,home,42,0
7/14/2009,290714018,2009,CON,LAS,home,-5,-110,140.5,-110,82,71,-11,153,1020900080,49,36,1,1,1,1,1,1,1,82,71,-11,85,-13,home,home,49,-13
7/15/2009,290715016,2009,WAS,SAS,home,-4,-110,147,-110,78,79,1,157,1020900081,32,41,0,1,1,1,0,0,0,78,79,1,73,9,away,home,32,9
7/15/2009,290715008,2009,MIN,ATL,home,-4,-110,163,-110,77,91,14,168,1020900082,47,49,0,0,0,0,0,0,0,77,91,14,96,2,away,home,47,2
7/15/2009,290715005,2009,IND,CHI,home,-8.5,-110,144.5,-110,84,74,-10,158,1020900083,43,33,1,1,1,1,1,1,1,84,74,-10,76,-10,home,home,43,-10
7/15/2009,290715011,2009,PHO,SAC,home,-6.5,-110,177,-110,100,81,-19,181,1020900084,48,39,0,1,0,1,1,1,1,100,81,-19,87,-9,home,home,48,-9
7/15/2009,290715014,2009,SEA,TUL,home,-9.5,-110,142.5,-110,63,66,3,129,1020900085,30,39,0,0,0,0,0,0,0,63,66,3,69,9,away,home,30,9
7/17/2009,290717005,2009,IND,ATL,home,-6.5,-110,152,-110,84,79,-5,163,1020900086,43,31,0,0,1,1,1,1,1,84,79,-5,74,-12,home,home,43,-12
7/17/2009,290717017,2009,SAS,CON,home,-3.5,-110,143.5,-110,64,72,8,136,1020900087,28,28,0,0,0,0,0,0,0,64,72,8,56,0,tie,home,28,0
7/17/2009,290717013,2009,SAC,SEA,home,-4.5,-110,138,-110,56,69,13,125,1020900088,30,34,0,0,0,0,0,0,0,56,69,13,64,4,away,home,30,4
7/18/2009,290718016,2009,WAS,NYL,home,-3.5,-110,145,-110,68,67,-1,135,1020900090,32,28,0,1,1,1,1,1,1,68,67,-1,60,-4,home,home,32,-4
7/18/2009,290718011,2009,PHO,TUL,home,-4.5,-110,171,-110,97,90,-7,187,1020900091,43,45,1,1,1,1,1,1,1,97,90,-7,88,2,away,home,43,2
7/19/2009,290719018,2009,CON,IND,home,-2.5,-110,143,-110,67,61,-6,128,1020900092,30,27,1,0,0,1,1,1,1,67,61,-6,57,-3,home,home,30,-3
7/19/2009,290719009,2009,NYL,ATL,home,-3,-110,147.5,-110,89,86,-3,175,1020900093,44,29,0,0,1,0,1,1,1,89,86,-3,73,-15,home,home,44,-15
7/19/2009,290719019,2009,CHI,SAS,home,-2.5,-110,144.5,-110,85,75,-10,160,1020900094,43,25,1,1,1,1,1,1,1,85,75,-10,68,-18,home,home,43,-18
7/19/2009,290719014,2009,SEA,MIN,home,-4.5,-110,149.5,-110,72,69,-3,141,1020900095,37,40,0,0,0,1,1,0,0,72,69,-3,77,3,away,home,37,3
7/19/2009,290719013,2009,SAC,TUL,home,-4.5,-110,145,-110,65,69,4,134,1020900096,31,32,0,0,0,0,1,1,1,65,69,4,63,1,away,home,31,1
7/21/2009,290721016,2009,WAS,IND,home,2,-110,142.5,-110,70,82,12,152,1020900097,34,41,1,0,0,1,1,0,0,70,82,12,75,7,away,home,34,7
7/22/2009,290722003,2009,TUL,ATL,home,-5.5,-110,156.75,-110,95,98,3,193,1020900098,38,42,1,1,1,1,1,1,0,95,98,3,80,4,away,home,38,4
7/22/2009,290722019,2009,CHI,NYL,home,-3,-110,144,-110,70,77,7,147,1020900099,33,28,0,0,1,0,1,1,1,70,77,7,61,-5,home,home,33,-5
7/22/2009,290722018,2009,CON,SAC,home,-8,-110,145,-110,83,75,-8,158,1020900100,33,44,0,0,0,0,0,0,0,83,75,-8,77,11,away,home,33,11
7/22/2009,290722011,2009,PHO,MIN,home,-4,-110,181.25,-110,86,99,13,185,1020900102,34,45,0,0,0,0,0,0,0,86,99,13,79,11,away,home,34,11
7/22/2009,290722014,2009,SEA,LAS,home,-5,-110,138.5,-110,98,87,-11,185,1020900101,32,38,0,0,0,0,0,0,0,98,87,-11,70,6,away,home,32,6
7/23/2009,290723017,2009,SAS,IND,home,2,-110,138.5,-110,84,65,-19,149,1020900103,50,24,1,1,1,1,1,1,1,84,65,-19,74,-26,home,home,50,-26
7/23/2009,290723016,2009,WAS,CHI,home,-6.5,-110,155,-110,75,64,-11,139,1020900104,38,24,1,1,1,1,1,1,1,75,64,-11,62,-14,home,home,38,-14
7/23/2009,290723009,2009,NYL,SAC,home,-5.5,-110,141.5,-110,73,88,15,161,1020900105,37,45,0,0,0,0,0,0,0,73,88,15,82,8,away,home,37,8
7/26/2009,290726009,2009,NYL,PHO,home,1.5,-110,174,-110,88,94,6,182,1020900106,47,42,1,1,1,1,1,1,1,88,94,6,89,-5,home,home,47,-5
7/26/2009,290726016,2009,WAS,SAC,home,-4,-110,151.5,-110,87,73,-14,160,1020900107,45,36,1,1,1,1,1,1,1,87,73,-14,81,-9,home,home,45,-9
7/28/2009,290728005,2009,IND,WAS,home,-7.5,-110,146,-110,85,81,-4,166,1020900108,44,41,0,0,0,0,0,0,1,85,81,-4,85,-3,home,home,44,-3
7/28/2009,290728018,2009,CON,PHO,home,-3.5,-110,176,-110,80,95,15,175,1020900109,30,45,0,0,0,0,0,0,0,80,95,15,75,15,away,home,30,15
7/28/2009,290728017,2009,SAS,SEA,home,-2,-110,138,-110,74,71,-3,145,1020900111,34,34,0,0,1,1,1,1,1,74,71,-3,68,0,tie,home,34,0
7/28/2009,290728008,2009,MIN,LAS,home,-1.5,-110,153,-110,70,76,6,146,1020900110,22,35,0,0,0,0,0,0,0,70,76,6,57,13,away,home,22,13
7/29/2009,290729019,2009,CHI,LAS,home,-4,-110,145.5,-110,75,63,-12,138,1020900112,40,33,1,0,0,0,1,1,1,75,63,-12,73,-7,home,home,40,-7
7/30/2009,290730013,2009,SAC,SAS,home,-3.5,-110,144.5,-110,101,93,-8,194,1020900113,53,50,0,1,1,1,1,1,1,101,93,-8,103,-3,home,home,53,-3
7/30/2009,290730005,2009,IND,CON,home,-5,-110,144,-110,94,85,-9,179,1020900114,48,40,1,1,1,1,1,1,1,94,85,-9,88,-8,home,home,48,-8
7/30/2009,290730009,2009,NYL,WAS,home,-5.5,-110,147.5,-110,75,78,3,153,1020900115,27,45,0,0,0,0,0,0,0,75,78,3,72,18,away,home,27,18
7/30/2009,290730020,2009,ATL,PHO,home,1,-110,187.5,-110,106,76,-30,182,1020900116,59,29,1,1,1,1,1,1,1,106,76,-30,88,-30,home,home,59,-30
7/31/2009,290731003,2009,TUL,MIN,home,-4.5,-110,156.5,-110,91,83,-8,174,1020900117,41,39,1,1,1,1,1,1,1,91,83,-8,80,-2,home,home,41,-2
8/1/2009,290801020,2009,ATL,NYL,home,-5,-110,158.5,-110,89,83,-6,172,1020900118,39,40,1,0,1,0,0,0,0,89,83,-6,79,1,away,home,39,1
8/1/2009,290801008,2009,MIN,PHO,home,2.5,-110,186.5,-110,74,87,13,161,1020900120,24,47,0,0,0,0,0,0,0,74,87,13,71,23,away,home,24,23
8/1/2009,290801019,2009,CHI,CON,home,-2,-110,148,-110,84,72,-12,156,1020900119,51,31,1,1,1,0,1,1,1,84,72,-12,82,-20,home,home,51,-20
8/1/2009,290801013,2009,SAC,LAS,home,-3.5,-110,145.5,-110,56,59,3,115,1020900121,32,27,0,0,0,1,1,1,1,56,59,3,59,-5,home,home,32,-5
8/1/2009,290801014,2009,SEA,SAS,home,-7,-110,140.5,-110,85,82,-3,167,1020900122,39,33,1,1,1,1,1,1,1,85,82,-3,72,-6,home,home,39,-6
8/2/2009,290802016,2009,WAS,IND,home,-1,-110,151,-110,79,87,8,166,1020900123,29,32,0,0,0,0,0,0,0,79,87,8,61,3,away,home,29,3
8/2/2009,290802003,2009,TUL,CON,home,-5,-110,151,-110,65,83,18,148,1020900124,33,50,1,0,0,0,0,0,0,65,83,18,83,17,away,home,33,17
8/4/2009,290804006,2009,LAS,SAS,home,-3,-110,141.5,-110,59,63,4,122,1020900125,29,33,1,1,1,1,0,0,0,59,63,4,62,4,away,home,29,4
8/4/2009,290804003,2009,TUL,NYL,home,-4.5,-110,149,-110,76,64,-12,140,1020900126,32,31,1,0,0,0,1,1,1,76,64,-12,63,-1,home,home,32,-1
8/4/2009,290804014,2009,SEA,PHO,home,-3.5,-110,173,-110,90,101,11,191,1020900127,43,45,0,1,0,0,0,0,0,90,101,11,88,2,away,home,43,2
8/5/2009,290805005,2009,IND,CHI,home,-8,-110,151.5,-110,76,67,-9,143,1020900128,34,33,1,0,1,1,0,1,1,76,67,-9,67,-1,home,home,34,-1
8/6/2009,290806017,2009,SAS,ATL,home,-5,-110,156.5,-110,84,92,8,176,1020900129,37,40,0,0,1,1,1,0,0,84,92,8,77,3,away,home,37,3
8/6/2009,290806006,2009,LAS,SEA,home,-3.5,-110,135.5,-110,79,75,-4,154,1020900130,32,31,1,1,1,1,1,0,0,79,75,-4,63,-1,home,home,32,-1
8/7/2009,290807016,2009,WAS,TUL,home,-3,-110,153.5,-110,70,66,-4,136,1020900131,42,34,0,0,0,1,1,1,1,70,66,-4,76,-8,home,home,42,-8
8/7/2009,290807008,2009,MIN,CON,home,-2,-110,157,-110,95,88,-7,183,1020900132,45,48,1,0,1,0,0,0,0,95,88,-7,93,3,away,home,45,3
8/7/2009,290807013,2009,SAC,NYL,home,-3,-110,145.5,-110,66,84,18,150,1020900133,39,41,0,0,0,0,0,0,0,66,84,18,80,2,away,home,39,2
8/8/2009,290808020,2009,ATL,CHI,home,-6,-110,164.5,-110,80,82,2,162,1020900134,36,42,1,1,1,1,0,0,0,80,82,2,78,6,away,home,36,6
8/8/2009,290808011,2009,PHO,IND,home,-4,-110,175,-110,83,90,7,173,1020900136,39,44,0,0,0,0,0,0,0,83,90,7,83,5,away,home,39,5
8/8/2009,290808014,2009,SEA,NYL,home,-7,-110,140.75,-110,70,69,-1,139,1020900135,37,30,1,1,1,1,1,1,1,70,69,-1,67,-7,home,home,37,-7
8/9/2009,290809018,2009,CON,WAS,home,-5,-110,153.5,-110,96,67,-29,163,1020900137,47,37,0,1,1,1,1,1,1,96,67,-29,84,-10,home,home,47,-10
8/9/2009,290809003,2009,TUL,CHI,home,-7.5,-110,149.5,-110,64,58,-6,122,1020900139,31,27,0,1,1,1,1,1,1,64,58,-6,58,-4,home,home,31,-4
8/9/2009,290809008,2009,MIN,SAS,home,-2,-110,158.5,-110,87,89,2,176,1020900138,36,41,1,0,1,1,0,0,0,87,89,2,77,5,away,home,36,5
8/10/2009,290810006,2009,LAS,IND,home,-2,-110,140,-110,75,63,-12,138,1020900140,37,22,1,1,1,1,1,1,1,75,63,-12,59,-15,home,home,37,-15
8/11/2009,290811016,2009,WAS,TUL,home,-3,-110,148.5,-110,77,81,4,158,1020900141,33,28,0,0,0,0,1,1,1,77,81,4,61,-5,home,home,33,-5
8/11/2009,290811017,2009,SAS,SAC,home,-6.5,-110,150.5,-110,73,90,17,163,1020900142,42,45,1,1,1,1,1,0,0,73,90,17,87,3,away,home,42,3
8/11/2009,290811006,2009,LAS,NYL,home,-5,-110,138,-110,61,65,4,126,1020900143,37,33,0,1,1,1,1,1,1,61,65,4,70,-4,home,home,37,-4
8/13/2009,290813018,2009,CON,SEA,home,-2.5,-110,146.5,-110,64,53,-11,117,1020900144,36,30,1,1,1,1,1,1,1,64,53,-11,66,-6,home,home,36,-6
8/13/2009,290813020,2009,ATL,TUL,home,-4,-110,161.5,-110,80,75,-5,155,1020900145,32,35,0,0,0,0,0,0,0,80,75,-5,67,3,away,home,32,3
8/13/2009,290813008,2009,MIN,IND,home,2.5,-110,159,-110,81,91,10,172,1020900146,38,40,0,0,0,0,0,0,0,81,91,10,78,2,away,home,38,2
8/13/2009,290813011,2009,PHO,SAS,home,-7,-110,178.5,-110,95,83,-12,178,1020900147,49,45,0,0,1,1,1,1,1,95,83,-12,94,-4,home,home,49,-4
8/14/2009,290814016,2009,WAS,CON,home,-3.5,-110,154.5,-110,91,89,-2,180,1020900148,36,32,1,1,1,1,0,1,1,91,89,-2,68,-4,home,home,36,-4
8/14/2009,290814009,2009,NYL,CHI,home,-4.5,-110,144.5,-110,77,88,11,165,1020900149,28,56,0,0,0,0,0,0,0,77,88,11,84,28,away,home,28,28
8/14/2009,290814006,2009,LAS,SAC,home,-6.5,-110,139,-110,79,85,6,164,1020900150,45,46,0,0,0,0,0,0,0,79,85,6,91,1,away,home,45,1
8/15/2009,290815005,2009,IND,TUL,home,-6.5,-110,146.5,-110,82,59,-23,141,1020900152,39,38,0,0,0,0,0,0,1,82,59,-23,77,-1,home,home,39,-1
8/15/2009,290815020,2009,ATL,SEA,home,-1,-110,155.5,-110,88,79,-9,167,1020900151,43,39,1,1,1,1,1,1,1,88,79,-9,82,-4,home,home,43,-4
8/15/2009,290815017,2009,SAS,PHO,home,-2,-110,176,-110,106,89,-17,195,1020900154,61,42,1,1,1,1,1,1,1,106,89,-17,103,-19,home,home,61,-19
8/15/2009,290815019,2009,CHI,MIN,home,-2,-110,161,-110,79,76,-3,155,1020900153,38,30,0,0,0,0,1,1,1,79,76,-3,68,-8,home,home,38,-8
8/15/2009,290815013,2009,SAC,LAS,home,-1,-110,142,-110,61,78,17,139,1020900155,22,35,0,0,0,0,0,0,0,61,78,17,57,13,away,home,22,13
8/16/2009,290816016,2009,WAS,NYL,home,-5,-110,149.5,-110,59,60,1,119,1020900156,23,31,1,1,0,0,0,0,1,59,60,1,54,8,away,home,23,8
8/18/2009,290818003,2009,TUL,SEA,home,4,-110,140,-110,75,79,4,154,1020900157,21,38,0,0,0,0,0,0,0,75,79,4,59,17,away,home,21,17
8/18/2009,290818019,2009,CHI,PHO,home,2.5,-110,177,-110,99,106,7,205,1020900158,48,46,0,0,0,0,0,0,1,99,106,7,94,-2,home,home,48,-2
8/18/2009,290818006,2009,LAS,WAS,home,-5.5,-110,142,-110,72,69,-3,141,1020900159,33,31,1,1,0,1,0,1,1,72,69,-3,64,-2,home,home,33,-2
8/19/2009,290819018,2009,CON,NYL,home,-5,-110,143,-110,74,69,-5,143,1020900160,26,38,0,0,0,0,0,0,0,74,69,-5,64,12,away,home,26,12
8/19/2009,290819006,2009,LAS,MIN,home,-4,-110,151,-110,78,63,-15,141,1020900089,35,35,1,1,0,0,0,0,1,78,63,-15,70,0,tie,home,35,0
8/20/2009,290820020,2009,ATL,SAS,home,-2.5,-110,165.75,-110,93,87,-6,180,1020900161,41,37,0,1,1,0,0,1,1,93,87,-6,78,-4,home,home,41,-4
8/20/2009,290820013,2009,SAC,IND,home,5.5,-110,146.5,-110,67,62,-5,129,1020900162,34,30,0,1,1,1,1,1,1,67,62,-5,64,-4,home,home,34,-4
8/21/2009,290821009,2009,NYL,CON,home,-3,-110,143.5,-110,85,83,-2,168,1020900163,40,32,0,1,1,1,1,1,1,85,83,-2,72,-8,home,home,40,-8
8/21/2009,290821017,2009,SAS,LAS,home,-3,-110,141.75,-110,66,67,1,133,1020900164,27,33,0,0,0,0,0,0,0,66,67,1,60,6,away,home,27,6
8/21/2009,290821011,2009,PHO,WAS,home,-7,-110,179.5,-110,81,91,10,172,1020900165,39,43,0,0,0,1,0,0,0,81,91,10,82,4,away,home,39,4
8/22/2009,290822018,2009,CON,MIN,home,-4,-110,158,-110,98,94,-4,192,1020900166,44,54,1,1,1,0,0,0,0,98,94,-4,98,10,away,home,44,10
8/22/2009,290822019,2009,CHI,TUL,home,-2.5,-110,148,-110,67,76,9,143,1020900167,43,40,0,1,0,0,1,1,1,67,76,9,83,-3,home,home,43,-3
8/22/2009,290822013,2009,SAC,WAS,home,-2.5,-110,149.5,-110,82,60,-22,142,1020900168,37,25,1,1,1,1,1,1,1,82,60,-22,62,-12,home,home,37,-12
8/22/2009,290822014,2009,SEA,IND,home,-1.5,-110,140.5,-110,74,60,-14,134,1020900169,37,25,0,0,0,1,1,1,1,74,60,-14,62,-12,home,home,37,-12
8/23/2009,290823020,2009,ATL,LAS,home,-3,-110,153.5,-110,87,91,4,178,1020900170,41,47,0,0,0,0,0,0,0,87,91,4,88,6,away,home,41,6
8/23/2009,290823009,2009,NYL,MIN,home,-4.5,-110,156.5,-110,80,67,-13,147,1020900171,35,39,0,0,0,0,0,0,1,80,67,-13,74,4,away,home,35,4
8/23/2009,290823003,2009,TUL,SAS,home,2,-110,148.5,-110,99,84,-15,183,1020900172,45,36,1,1,1,1,1,1,1,99,84,-15,81,-9,home,home,45,-9
8/25/2009,290825018,2009,CON,TUL,home,-3.5,-110,151.5,-110,70,90,20,160,1020900173,35,47,0,1,0,0,0,0,0,70,90,20,82,12,away,home,35,12
8/25/2009,290825020,2009,ATL,SAC,home,-3,-110,165,-110,103,83,-20,186,1020900174,48,40,1,1,1,1,1,1,1,103,83,-20,88,-8,home,home,48,-8
8/25/2009,290825006,2009,LAS,CHI,home,-8,-110,143,-110,75,63,-12,138,1020900175,27,32,0,0,0,0,0,0,1,75,63,-12,59,5,away,home,27,5
8/25/2009,290825014,2009,SEA,WAS,home,-6.5,-110,143,-110,78,68,-10,146,1020900176,47,24,1,1,1,1,1,1,1,78,68,-10,71,-23,home,home,47,-23
8/27/2009,290827005,2009,IND,SAS,home,-7,-110,150.5,-110,77,66,-11,143,1020900177,36,27,1,1,1,1,1,1,1,77,66,-11,63,-9,home,home,36,-9
8/27/2009,290827003,2009,TUL,ATL,home,-4,-110,168,-110,87,83,-4,170,1020900178,41,47,1,0,0,1,1,1,1,87,83,-4,88,6,away,home,41,6
8/27/2009,290827014,2009,SEA,CON,home,-4,-110,143.75,-110,86,74,-12,160,1020900179,36,32,1,1,1,1,1,1,1,86,74,-12,68,-4,home,home,36,-4
8/27/2009,290827006,2009,LAS,PHO,home,-3,-110,172,-110,90,98,8,188,1020900180,47,42,1,1,1,1,1,1,1,90,98,8,89,-5,home,home,47,-5
8/28/2009,290828008,2009,MIN,SAC,home,-2,-110,163,-110,100,95,-5,195,1020900181,64,50,0,0,1,1,1,1,1,100,95,-5,114,-14,home,home,64,-14
8/28/2009,290828019,2009,CHI,NYL,home,-3,-110,143,-110,96,77,-19,173,1020900182,47,39,1,1,1,1,1,1,1,96,77,-19,86,-8,home,home,47,-8
8/29/2009,290829017,2009,SAS,TUL,home,-3,-110,152,-110,100,88,-12,188,1020900183,35,47,0,0,0,0,0,0,0,100,88,-12,82,12,away,home,35,12
8/29/2009,290829005,2009,IND,SAC,home,-8,-110,147.5,-110,78,79,1,157,1020900184,40,36,0,0,0,0,0,1,1,78,79,1,76,-4,home,home,40,-4
8/29/2009,290829011,2009,PHO,CON,home,-4.5,-110,181,-110,95,84,-11,179,1020900186,52,49,0,0,0,0,0,0,0,95,84,-11,101,-3,home,home,52,-3
8/29/2009,290829014,2009,SEA,ATL,home,-4,-110,160,-110,91,84,-7,175,1020900185,33,33,1,1,1,0,1,0,0,91,84,-7,66,0,tie,home,33,0
8/30/2009,290830009,2009,NYL,CHI,home,-4.5,-110,146,-110,77,63,-14,140,1020900187,48,29,1,1,1,1,1,1,1,77,63,-14,77,-19,home,home,48,-19
8/30/2009,290830016,2009,WAS,MIN,home,-4,-110,164.5,-110,81,75,-6,156,1020900188,34,38,0,0,1,1,1,0,0,81,75,-6,72,4,away,home,34,4
8/30/2009,290830006,2009,LAS,CON,home,-2.5,-110,145.5,-110,91,81,-10,172,1020900189,47,27,1,1,1,1,1,1,1,91,81,-10,74,-20,home,home,47,-20
9/1/2009,290901009,2009,NYL,SEA,home,-1.5,-110,140.25,-110,58,65,7,123,1020900190,25,24,1,0,0,1,1,1,1,58,65,7,49,-1,home,home,25,-1
9/1/2009,290901003,2009,TUL,PHO,home,-1.5,-110,179.5,-110,101,99,-2,200,1020900191,42,39,0,1,1,1,1,1,1,101,99,-2,81,-3,home,home,42,-3
9/1/2009,290901017,2009,SAS,MIN,home,-4.5,-110,164.5,-110,84,82,-2,166,1020900192,36,27,1,1,1,1,1,1,1,84,82,-2,63,-9,home,home,36,-9
9/1/2009,290901013,2009,SAC,CON,home,1.5,-110,155.5,-110,90,70,-20,160,1020900193,44,38,1,1,1,1,1,1,1,90,70,-20,82,-6,home,home,44,-6
9/1/2009,290901006,2009,LAS,ATL,home,-4.5,-110,162.5,-110,79,84,5,163,1020900194,42,37,1,1,0,0,0,0,1,79,84,5,79,-5,home,home,42,-5
9/2/2009,290902005,2009,IND,PHO,home,-3.5,-110,177.5,-110,90,106,16,196,1020900195,46,55,0,0,0,0,0,0,0,90,106,16,101,9,away,home,46,9
9/3/2009,290903016,2009,WAS,SEA,home,-2.5,-110,143.5,-110,78,67,-11,145,1020900196,35,33,0,0,0,1,1,1,0,78,67,-11,68,-2,home,home,35,-2
9/4/2009,290904018,2009,CON,NYL,home,-5,-110,146.5,-110,88,85,-3,173,1020900197,36,38,1,0,0,0,0,0,0,88,85,-3,74,2,away,home,36,2
9/4/2009,290904003,2009,TUL,IND,home,-1.5,-110,149,-110,70,63,-7,133,1020900198,34,25,1,1,1,1,1,1,1,70,63,-7,59,-9,home,home,34,-9
9/4/2009,290904019,2009,CHI,WAS,home,-4.5,-110,149,-110,92,86,-6,178,1020900199,35,35,0,0,0,0,0,1,0,92,86,-6,70,0,tie,home,35,0
9/4/2009,290904013,2009,SAC,ATL,home,1,-110,170.5,-110,90,98,8,188,1020900200,54,51,0,0,0,0,1,1,1,90,98,8,105,-3,home,home,54,-3
9/5/2009,290905017,2009,SAS,LAS,home,-1.5,-110,144,-110,89,72,-17,161,1020900202,36,35,1,1,0,0,0,0,1,89,72,-17,71,-1,home,home,36,-1
9/5/2009,290905008,2009,MIN,SEA,home,-2,-110,151.5,-110,76,68,-8,144,1020900201,39,29,1,1,1,1,1,1,1,76,68,-8,68,-10,home,home,39,-10
9/5/2009,290905011,2009,PHO,ATL,home,-6.5,-110,191,-110,100,82,-18,182,1020900203,43,35,1,1,1,1,1,1,1,100,82,-18,78,-8,home,home,43,-8
9/6/2009,290906005,2009,IND,WAS,home,-6,-110,150,-110,72,61,-11,133,1020900204,31,28,1,1,1,1,1,1,1,72,61,-11,59,-3,home,home,31,-3
9/6/2009,290906003,2009,TUL,CHI,home,-6,-110,150.5,-110,84,75,-9,159,1020900205,38,36,1,1,1,1,1,0,1,84,75,-9,74,-2,home,home,38,-2
9/8/2009,290908009,2009,NYL,IND,home,2.5,-110,141.5,-110,63,69,6,132,1020900206,23,33,0,0,0,0,0,0,0,63,69,6,56,10,away,home,23,10
9/8/2009,290908006,2009,LAS,SAS,home,-6.5,-110,148.5,-110,76,68,-8,144,1020900207,30,38,1,1,0,0,0,0,0,76,68,-8,68,8,away,home,30,8
9/9/2009,290909008,2009,MIN,TUL,home,-1,-110,160,-110,75,72,-3,147,1020900208,41,38,0,1,1,0,1,1,1,75,72,-3,79,-3,home,home,41,-3
9/10/2009,290910003,2009,TUL,NYL,home,-7.5,-110,145.5,-110,94,87,-7,181,1020900209,44,34,1,1,1,1,1,1,1,94,87,-7,78,-10,home,home,44,-10
9/10/2009,290910019,2009,CHI,IND,home,-1,-110,146,-110,86,79,-7,165,1020900210,37,35,0,0,0,1,1,1,1,86,79,-7,72,-2,home,home,37,-2
9/10/2009,290910013,2009,SAC,SAS,home,2.5,-110,158,-110,71,80,9,151,1020900211,35,44,0,0,0,0,0,0,0,71,80,9,79,9,away,home,35,9
9/10/2009,290910014,2009,SEA,PHO,home,7.5,-110,172.5,-110,84,92,8,176,1020900212,42,44,0,0,0,0,1,1,0,84,92,8,86,2,away,home,42,2
9/11/2009,290911020,2009,ATL,CON,home,-5,-110,169,-110,88,64,-24,152,1020900213,53,36,1,1,1,1,1,1,1,88,64,-24,89,-17,home,home,53,-17
9/11/2009,290911006,2009,LAS,MIN,home,-6,-110,152.5,-110,90,61,-29,151,1020900214,40,32,1,1,1,1,1,1,1,90,61,-29,72,-8,home,home,40,-8
9/12/2009,290912016,2009,WAS,ATL,home,-7.5,-110,165.5,-110,82,64,-18,146,1020900215,42,29,1,1,1,1,1,1,1,82,64,-18,71,-13,home,home,42,-13
9/12/2009,290912017,2009,SAS,SEA,home,-6.5,-110,142.5,-110,55,64,9,119,1020900217,27,26,1,1,0,0,1,0,0,55,64,9,53,-1,home,home,27,-1
9/12/2009,290912019,2009,CHI,TUL,home,-4,-110,153,-110,69,80,11,149,1020900216,41,22,1,1,1,1,1,1,1,69,80,11,63,-19,home,home,41,-19
9/13/2009,290913011,2009,PHO,LAS,home,-4.5,-110,174,-110,78,81,3,159,1020900218,40,33,1,1,1,1,1,1,1,78,81,3,73,-7,home,home,40,-7
9/13/2009,290913018,2009,CON,IND,home,-2,-110,149.5,-110,95,85,-10,180,1020900219,40,39,1,1,1,1,1,0,1,95,85,-10,79,-1,home,home,40,-1
9/13/2009,290913009,2009,NYL,WAS,home,-5.5,-110,144,-110,86,65,-21,151,1020900220,36,25,0,1,1,1,1,1,1,86,65,-21,61,-11,home,home,36,-11
9/13/2009,290913013,2009,SAC,MIN,home,-5,-110,166,-110,88,66,-22,154,1020900221,41,34,1,1,1,1,1,1,1,88,66,-22,75,-7,home,home,41,-7
9/16/2009,290916003,2009,TUL,ATL,home,-4.5,-110,167,-110,94,89,-5,183,1040900111,36,45,0,0,0,0,0,0,0,94,89,-5,81,9,away,home,36,9
9/16/2009,290916006,2009,LAS,SEA,home,-6.5,-110,138,-110,70,63,-7,133,1040900131,34,28,1,1,1,1,1,1,1,70,63,-7,62,-6,home,home,34,-6
9/17/2009,290917016,2009,WAS,IND,home,3,-110,143.5,-110,79,88,9,167,1040900101,43,39,1,0,1,1,1,1,1,79,88,9,82,-4,home,home,43,-4
9/17/2009,290917017,2009,SAS,PHO,home,1.5,-110,177.5,-110,92,91,-1,183,1040900121,52,47,1,1,1,1,1,1,1,92,91,-1,99,-5,home,home,52,-5
9/18/2009,290918020,2009,ATL,TUL,home,-6.5,-110,169,-110,79,94,15,173,1040900112,46,45,1,0,0,0,0,0,1,79,94,15,91,-1,home,home,46,-1
9/18/2009,290918014,2009,SEA,LAS,home,-2.5,-110,138,-110,75,74,-1,149,1040900132,34,43,1,0,0,0,0,0,0,75,74,-1,77,9,away,home,34,9
9/19/2009,290919005,2009,IND,WAS,home,-7.5,-110,148,-110,81,74,-7,155,1040900102,30,37,1,1,1,0,0,0,0,81,74,-7,67,7,away,home,30,7
9/19/2009,290919011,2009,PHO,SAS,home,-8.5,-110,180.5,-110,106,78,-28,184,1040900122,64,42,0,1,1,1,1,1,1,106,78,-28,106,-22,home,home,64,-22
9/20/2009,290920014,2009,SEA,LAS,home,2.5,-110,138.5,-110,64,75,11,139,1040900133,25,41,0,0,0,0,0,0,0,64,75,11,66,16,away,home,25,16
9/21/2009,290921011,2009,PHO,SAS,home,-9,-110,180.5,-110,100,92,-8,192,1040900123,43,42,1,1,1,0,1,1,1,100,92,-8,85,-1,home,home,43,-1
9/23/2009,290923003,2009,TUL,IND,home,-2.5,-110,145.5,-110,72,56,-16,128,1040900201,35,37,0,0,0,0,0,0,1,72,56,-16,72,2,away,home,35,2
9/23/2009,290923006,2009,LAS,PHO,home,-3,-110,176.5,-110,94,103,9,197,1040900211,46,53,0,0,0,0,0,0,0,94,103,9,99,7,away,home,46,7
9/25/2009,290925005,2009,IND,TUL,home,-5.5,-110,144.5,-110,79,75,-4,154,1040900202,39,38,0,0,1,1,1,1,0,79,75,-4,77,-1,home,home,39,-1
9/25/2009,290925011,2009,PHO,LAS,home,-4.5,-110,182,-110,76,87,11,163,1040900212,34,49,0,0,0,0,0,0,0,76,87,11,83,15,away,home,34,15
9/26/2009,290926005,2009,IND,TUL,home,-4,-110,146.5,-110,72,67,-5,139,1040900203,40,38,1,1,0,1,0,0,1,72,67,-5,78,-2,home,home,40,-2
9/26/2009,290926011,2009,PHO,LAS,home,-4.5,-110,179.75,-110,85,74,-11,159,1040900213,41,25,1,1,1,1,1,1,1,85,74,-11,66,-16,home,home,41,-16
9/29/2009,290929011,2009,PHO,IND,home,-5.5,-110,174.75,-110,120,116,-4,236,1040900301,56,53,1,1,0,0,0,1,0,120,116,-4,109,-3,home,home,56,-3
10/1/2009,291001011,2009,PHO,IND,home,-4.5,-110,181.5,-110,84,93,9,177,1040900302,45,48,0,0,0,0,0,0,1,84,93,9,93,3,away,home,45,3
10/4/2009,291004005,2009,IND,PHO,home,-3.5,-110,179,-110,86,85,-1,171,1040900303,44,47,1,1,1,1,1,1,0,86,85,-1,91,3,away,home,44,3
10/7/2009,291007005,2009,IND,PHO,home,-1.5,-110,178.75,-110,77,90,13,167,1040900304,47,49,1,0,0,0,0,0,0,77,90,13,96,2,away,home,47,2
10/9/2009,291009011,2009,PHO,IND,home,-5,-110,178.5,-110,94,86,-8,180,1040900305,51,42,0,0,0,0,0,1,1,94,86,-8,93,-9,home,home,51,-9
6/6/2009,290606006,2009,TUL,LAS,away,5.5,-110,147,-110,58,78,20,136,1020900001,51,29,0,0,0,0,0,0,0,78,58,-20,80,-22,home,away,29,22
6/6/2009,290606013,2009,SEA,SAC,away,2,-110,137.5,-110,71,61,-10,132,1020900002,29,25,0,0,1,1,1,1,1,61,71,10,54,-4,home,away,25,4
6/6/2009,290606018,2009,WAS,CON,away,7.5,-110,156,-110,82,70,-12,152,1020900003,28,40,1,1,1,1,1,1,1,70,82,12,68,12,away,away,40,-12
6/6/2009,290606020,2009,IND,ATL,away,-4.5,-110,145.25,-110,86,87,1,173,1020900004,32,30,0,0,0,0,0,1,0,87,86,-1,62,-2,home,away,30,2
6/6/2009,290606008,2009,CHI,MIN,away,3.5,-110,155,-110,85,102,17,187,1020900005,56,45,1,1,1,0,0,0,0,102,85,-17,101,-11,home,away,45,11
6/6/2009,290606011,2009,SAS,PHO,away,4,-110,165.5,-110,79,90,11,169,1020900006,38,44,1,1,1,1,1,1,1,90,79,-11,82,6,away,away,44,-6
6/7/2009,290607009,2009,CON,NYL,away,4.5,-110,147.5,-110,66,57,-9,123,1020900007,32,30,0,0,1,0,1,1,1,57,66,9,62,-2,home,away,30,2
6/7/2009,290607016,2009,ATL,WAS,away,6,-110,151,-110,71,77,6,148,1020900008,38,30,1,1,1,1,0,0,0,77,71,-6,68,-8,home,away,30,8
6/7/2009,290607005,2009,MIN,IND,away,6.5,-110,154,-110,96,74,-22,170,1020900009,38,60,1,1,1,1,1,1,1,74,96,22,98,22,away,away,60,-22
6/7/2009,290607014,2009,SAC,SEA,away,7,-110,139,-110,70,80,10,150,1020900010,41,32,0,0,0,0,0,0,0,80,70,-10,73,-9,home,away,32,9
6/8/2009,290608003,2009,LAS,TUL,away,-4.5,-110,145.5,-110,52,81,29,133,1020900011,42,16,0,0,0,0,0,0,0,81,52,-29,58,-26,home,away,16,26
6/9/2009,290609005,2009,SEA,IND,away,2.5,-110,137.75,-110,66,73,7,139,1020900012,38,36,0,0,0,0,0,0,0,73,66,-7,74,-2,home,away,36,2
6/10/2009,290610003,2009,WAS,TUL,away,6.5,-110,150,-110,75,69,-6,144,1020900013,27,38,0,0,0,0,1,1,1,69,75,6,65,11,away,away,38,-11
6/10/2009,290610008,2009,LAS,MIN,away,2.5,-110,160.5,-110,76,87,11,163,1020900014,39,40,1,0,0,1,1,1,1,87,76,-11,79,1,away,away,40,-1
6/10/2009,290610011,2009,NYL,PHO,away,7,-110,167.5,-110,84,91,7,175,1020900015,43,44,1,1,1,1,1,0,1,91,84,-7,87,1,away,away,44,-1
6/12/2009,290612008,2009,SEA,MIN,away,4,-110,154.75,-110,88,71,-17,159,1020900017,30,42,1,1,1,1,1,1,1,71,88,17,72,12,away,away,42,-12
6/12/2009,290612019,2009,ATL,CHI,away,4,-110,148,-110,73,81,8,154,1020900018,43,34,0,0,0,0,0,0,0,81,73,-8,77,-9,home,away,34,9
6/12/2009,290612013,2009,PHO,SAC,away,1,-110,170.5,-110,71,90,19,161,1020900019,39,32,0,0,0,0,0,0,0,90,71,-19,71,-7,home,away,32,7
6/13/2009,290613017,2009,NYL,SAS,away,6,-110,145,-110,60,63,3,123,1020900020,29,31,1,1,1,0,1,1,0,63,60,-3,60,2,away,away,31,-2
6/13/2009,290613011,2009,SAC,PHO,away,7.5,-110,167.5,-110,104,115,11,219,1020900021,45,41,0,0,0,0,0,0,0,115,104,-11,86,-4,home,away,41,4
6/14/2009,290614018,2009,ATL,CON,away,7.5,-110,155,-110,67,62,-5,129,1020900022,30,26,1,1,1,1,0,1,1,62,67,5,56,-4,home,away,26,4
6/14/2009,290614019,2009,SEA,CHI,away,-1,-110,148,-110,57,64,7,121,1020900023,34,24,0,0,0,0,0,0,0,64,57,-7,58,-10,home,away,24,10
6/16/2009,290616019,2009,CON,CHI,away,4.5,-110,145.75,-110,75,78,3,153,1020900024,42,37,0,1,1,1,0,0,0,78,75,-3,79,-5,home,away,37,5
6/16/2009,290616013,2009,MIN,SAC,away,-1,-110,161,-110,86,83,-3,169,1020900025,42,46,1,1,1,1,0,1,1,83,86,3,88,4,away,away,46,-4
6/17/2009,290617011,2009,MIN,PHO,away,4.5,-110,182.5,-110,80,104,24,184,1020900026,54,48,1,1,0,1,0,0,0,104,80,-24,102,-6,home,away,48,6
6/19/2009,290619018,2009,CHI,CON,away,4,-110,146,-110,61,91,30,152,1020900027,46,35,0,0,0,0,0,0,0,91,61,-30,81,-11,home,away,35,11
6/19/2009,290619009,2009,SAS,NYL,away,8,-110,139,-110,61,77,16,138,1020900028,45,24,0,0,0,0,0,0,0,77,61,-16,69,-21,home,away,24,21
6/19/2009,290619003,2009,IND,TUL,away,3.5,-110,143,-110,66,54,-12,120,1020900030,27,25,1,0,0,0,1,1,1,54,66,12,52,-2,home,away,25,2
6/19/2009,290619020,2009,WAS,ATL,away,4,-110,151.75,-110,81,93,12,174,1020900029,41,34,0,0,1,1,1,0,0,93,81,-12,75,-7,home,away,34,7
6/19/2009,290619011,2009,LAS,PHO,away,4.5,-110,173.25,-110,80,89,9,169,1020900032,43,43,1,1,1,1,1,1,1,89,80,-9,86,0,tie,away,43,-0
6/19/2009,290619014,2009,MIN,SEA,away,10,-110,151,-110,62,90,28,152,1020900031,55,32,0,0,0,0,0,0,0,90,62,-28,87,-23,home,away,32,23
6/20/2009,290620016,2009,CHI,WAS,away,6,-110,146.5,-110,72,81,9,153,1020900033,29,39,0,0,0,0,1,1,1,81,72,-9,68,10,away,away,39,-10
6/21/2009,290621018,2009,SAS,CON,away,10.5,-110,141.5,-110,58,71,13,129,1020900034,39,31,1,1,0,0,0,0,0,71,58,-13,70,-8,home,away,31,8
6/21/2009,290621020,2009,NYL,ATL,away,3.5,-110,150.75,-110,93,81,-12,174,1020900035,40,46,0,0,1,1,0,1,1,81,93,12,86,6,away,away,46,-6
6/21/2009,290621005,2009,TUL,IND,away,5.5,-110,139.5,-110,70,82,12,152,1020900036,37,48,0,0,1,1,1,1,1,82,70,-12,85,11,away,away,48,-11
6/21/2009,290621011,2009,SEA,PHO,away,1,-110,168.5,-110,93,84,-9,177,1020900037,44,48,1,1,1,1,1,1,1,84,93,9,92,4,away,away,48,-4
6/21/2009,290621006,2009,SAC,LAS,away,4,-110,147.75,-110,47,67,20,114,1020900038,46,24,0,0,0,0,0,0,0,67,47,-20,70,-22,home,away,24,22
6/23/2009,290623020,2009,CHI,ATL,away,5,-110,151.5,-110,99,98,-1,197,1020900039,38,50,1,1,1,1,1,1,1,98,99,1,88,12,away,away,50,-12
6/23/2009,290623017,2009,PHO,SAS,away,2,-110,163,-110,87,91,4,178,1020900040,40,43,0,0,1,1,1,0,0,91,87,-4,83,3,away,away,43,-3
6/23/2009,290623008,2009,NYL,MIN,away,-1,-110,158.5,-110,57,69,12,126,1020900041,38,27,0,0,0,0,0,0,0,69,57,-12,65,-11,home,away,27,11
6/25/2009,290625016,2009,PHO,WAS,away,2,-110,176.5,-110,93,87,-6,180,1020900042,42,51,1,1,1,1,1,1,1,87,93,6,93,9,away,away,51,-9
6/26/2009,290626009,2009,IND,NYL,away,1.5,-110,141,-110,82,81,-1,163,1020900043,33,20,0,0,0,0,0,0,0,81,82,1,53,-13,home,away,20,13
6/26/2009,290626020,2009,TUL,ATL,away,1,-110,152.5,-110,86,96,10,182,1020900044,50,49,1,0,0,0,0,0,0,96,86,-10,99,-1,home,away,49,1
6/26/2009,290626017,2009,SAC,SAS,away,5.5,-110,144,-110,52,62,10,114,1020900045,33,25,0,0,0,0,0,0,0,62,52,-10,58,-8,home,away,25,8
6/26/2009,290626014,2009,LAS,SEA,away,10,-110,137,-110,67,69,2,136,1020900046,36,28,1,0,0,0,0,0,0,69,67,-2,64,-8,home,away,28,8
6/27/2009,290627018,2009,ATL,CON,away,8.5,-110,156,-110,68,82,14,150,1020900047,43,35,1,1,1,1,1,0,0,82,68,-14,78,-8,home,away,35,8
6/27/2009,290627005,2009,NYL,IND,away,6.5,-110,141,-110,54,63,9,117,1020900048,34,23,1,1,0,0,0,0,0,63,54,-9,57,-11,home,away,23,11
6/27/2009,290627008,2009,PHO,MIN,away,-2,-110,178.5,-110,80,109,29,189,1020900050,54,43,0,0,0,0,0,0,0,109,80,-29,97,-11,home,away,43,11
6/27/2009,290627019,2009,WAS,CHI,away,6,-110,151.5,-110,63,68,5,131,1020900049,26,25,1,1,1,0,0,1,1,68,63,-5,51,-1,home,away,25,1
6/28/2009,290628003,2009,SAC,TUL,away,6,-110,144.5,-110,72,86,14,158,1020900051,47,28,0,0,0,0,0,0,0,86,72,-14,75,-19,home,away,28,19
6/28/2009,290628006,2009,SEA,LAS,away,-1.5,-110,137,-110,55,82,27,137,1020900052,41,30,1,1,1,0,0,0,0,82,55,-27,71,-11,home,away,30,11
6/30/2009,290630020,2009,MIN,ATL,away,6,-110,174,-110,91,85,-6,176,1020900053,50,56,1,0,1,1,1,0,1,85,91,6,106,6,away,away,56,-6
6/30/2009,290630017,2009,WAS,SAS,away,7.5,-110,143.5,-110,84,82,-2,166,1020900055,33,39,0,0,0,0,1,1,1,82,84,2,72,6,away,away,39,-6
6/30/2009,290630019,2009,SAC,CHI,away,4.5,-110,145.5,-110,72,74,2,146,1020900054,32,37,0,0,0,1,0,1,1,74,72,-2,69,5,away,away,37,-5
7/1/2009,290701011,2009,SEA,PHO,away,2,-110,173,-110,81,93,12,174,1020900056,47,50,0,1,1,1,1,1,1,93,81,-12,97,3,away,away,50,-3
7/2/2009,290702005,2009,CON,IND,away,4.5,-110,142.25,-110,53,67,14,120,1020900057,37,30,0,0,0,0,0,0,0,67,53,-14,67,-7,home,away,30,7
7/2/2009,290702009,2009,TUL,NYL,away,3.5,-110,141,-110,64,80,16,144,1020900058,39,26,1,0,0,0,0,0,0,80,64,-16,65,-13,home,away,26,13
7/2/2009,290702008,2009,SAC,MIN,away,5.5,-110,163.5,-110,74,68,-6,142,1020900059,33,34,0,0,0,1,1,1,1,68,74,6,67,1,away,away,34,-1
7/3/2009,290703020,2009,WAS,ATL,away,3.5,-110,167,-110,65,72,7,137,1020900060,38,33,1,1,0,0,0,0,0,72,65,-7,71,-5,home,away,33,5
7/3/2009,290703017,2009,CHI,SAS,away,5.5,-110,140.5,-110,72,85,13,157,1020900061,45,28,0,0,0,0,0,0,0,85,72,-13,73,-17,home,away,28,17
7/5/2009,290705003,2009,CON,TUL,away,3.5,-110,145.75,-110,95,92,-3,187,1020900062,45,40,0,1,1,1,1,1,0,92,95,3,85,-5,home,away,40,5
7/5/2009,290705005,2009,ATL,IND,away,8.5,-110,151.5,-110,74,78,4,152,1020900063,39,38,1,0,0,0,0,0,0,78,74,-4,77,-1,home,away,38,1
7/5/2009,290705006,2009,PHO,LAS,away,6,-110,168,-110,104,89,-15,193,1020900064,51,45,1,1,1,1,1,1,1,89,104,15,96,-6,home,away,45,6
7/7/2009,290707014,2009,SAS,SEA,away,7,-110,141.5,-110,53,66,13,119,1020900065,33,34,1,0,1,1,1,1,0,66,53,-13,67,1,away,away,34,-1
7/7/2009,290707020,2009,CON,ATL,away,-2,-110,156.5,-110,67,72,5,139,1020900066,43,24,0,0,0,0,0,0,0,72,67,-5,67,-19,home,away,24,19
7/7/2009,290707008,2009,WAS,MIN,away,4,-110,165,-110,94,96,2,190,1020900067,38,38,1,1,1,1,1,1,0,96,94,-2,76,0,tie,away,38,-0
7/7/2009,290707013,2009,CHI,SAC,away,7,-110,147.5,-110,73,83,10,156,1020900068,40,37,0,1,0,0,0,0,0,83,73,-10,77,-3,home,away,37,3
7/8/2009,290708011,2009,CHI,PHO,away,10.5,-110,178.5,-110,70,90,20,160,1020900069,48,30,0,0,0,0,0,0,0,90,70,-20,78,-18,home,away,30,18
7/9/2009,290709014,2009,SAC,SEA,away,7.5,-110,140,-110,55,66,11,121,1020900071,38,28,0,0,0,0,0,0,0,66,55,-11,66,-10,home,away,28,10
7/10/2009,290710008,2009,SAS,MIN,away,2,-110,155,-110,77,61,-16,138,1020900072,31,37,0,0,1,1,1,1,1,61,77,16,68,6,away,away,37,-6
7/10/2009,290710019,2009,IND,CHI,away,-4.5,-110,140.5,-110,83,54,-29,137,1020900073,23,54,1,1,1,1,1,1,1,54,83,29,77,31,away,away,54,-31
7/11/2009,290711016,2009,LAS,WAS,away,4,-110,146.5,-110,63,75,12,138,1020900075,38,24,0,0,0,0,0,0,0,75,63,-12,62,-14,home,away,24,14
7/11/2009,290711018,2009,TUL,CON,away,6.5,-110,147.25,-110,79,77,-2,156,1020900074,32,32,0,0,1,1,0,0,1,77,79,2,64,0,tie,away,32,-0
7/11/2009,290711009,2009,ATL,NYL,away,6,-110,150,-110,69,71,2,140,1020900076,31,36,1,1,1,1,1,1,0,71,69,-2,67,5,away,away,36,-5
7/11/2009,290711013,2009,PHO,SAC,away,1,-110,170.5,-110,107,105,-2,212,1020900077,54,42,0,0,0,0,0,0,0,105,107,2,96,-12,home,away,42,12
7/12/2009,290712017,2009,MIN,SAS,away,7,-110,151.5,-110,83,76,-7,159,1020900078,35,42,0,0,1,1,1,1,1,76,83,7,77,7,away,away,42,-7
7/12/2009,290712014,2009,CHI,SEA,away,13,-110,139,-110,86,81,-5,167,1020900079,42,42,0,1,1,1,1,1,1,81,86,5,84,0,tie,away,42,-0
7/14/2009,290714018,2009,LAS,CON,away,5,-110,140.5,-110,71,82,11,153,1020900080,49,36,0,0,0,0,0,0,0,82,71,-11,85,-13,home,away,36,13
7/15/2009,290715016,2009,SAS,WAS,away,4,-110,147,-110,79,78,-1,157,1020900081,32,41,1,0,0,0,1,1,1,78,79,1,73,9,away,away,41,-9
7/15/2009,290715008,2009,ATL,MIN,away,4,-110,163,-110,91,77,-14,168,1020900082,47,49,1,1,1,1,1,1,1,77,91,14,96,2,away,away,49,-2
7/15/2009,290715005,2009,CHI,IND,away,8.5,-110,144.5,-110,74,84,10,158,1020900083,43,33,0,0,0,0,0,0,0,84,74,-10,76,-10,home,away,33,10
7/15/2009,290715011,2009,SAC,PHO,away,6.5,-110,177,-110,81,100,19,181,1020900084,48,39,1,0,1,0,0,0,0,100,81,-19,87,-9,home,away,39,9
7/15/2009,290715014,2009,TUL,SEA,away,9.5,-110,142.5,-110,66,63,-3,129,1020900085,30,39,1,1,1,1,1,1,1,63,66,3,69,9,away,away,39,-9
7/17/2009,290717005,2009,ATL,IND,away,6.5,-110,152,-110,79,84,5,163,1020900086,43,31,1,1,0,0,0,0,0,84,79,-5,74,-12,home,away,31,12
7/17/2009,290717017,2009,CON,SAS,away,3.5,-110,143.5,-110,72,64,-8,136,1020900087,28,28,1,1,1,1,1,1,1,64,72,8,56,0,tie,away,28,-0
7/17/2009,290717013,2009,SEA,SAC,away,4.5,-110,138,-110,69,56,-13,125,1020900088,30,34,1,1,1,1,1,1,1,56,69,13,64,4,away,away,34,-4
7/18/2009,290718016,2009,NYL,WAS,away,3.5,-110,145,-110,67,68,1,135,1020900090,32,28,1,0,0,0,0,0,0,68,67,-1,60,-4,home,away,28,4
7/18/2009,290718011,2009,TUL,PHO,away,4.5,-110,171,-110,90,97,7,187,1020900091,43,45,0,0,0,0,0,0,0,97,90,-7,88,2,away,away,45,-2
7/19/2009,290719018,2009,IND,CON,away,2.5,-110,143,-110,61,67,6,128,1020900092,30,27,0,1,1,0,0,0,0,67,61,-6,57,-3,home,away,27,3
7/19/2009,290719009,2009,ATL,NYL,away,3,-110,147.5,-110,86,89,3,175,1020900093,44,29,1,1,0,1,0,0,0,89,86,-3,73,-15,home,away,29,15
7/19/2009,290719019,2009,SAS,CHI,away,2.5,-110,144.5,-110,75,85,10,160,1020900094,43,25,0,0,0,0,0,0,0,85,75,-10,68,-18,home,away,25,18
7/19/2009,290719014,2009,MIN,SEA,away,4.5,-110,149.5,-110,69,72,3,141,1020900095,37,40,1,1,1,0,0,1,1,72,69,-3,77,3,away,away,40,-3
7/19/2009,290719013,2009,TUL,SAC,away,4.5,-110,145,-110,69,65,-4,134,1020900096,31,32,1,1,1,1,0,0,0,65,69,4,63,1,away,away,32,-1
7/21/2009,290721016,2009,IND,WAS,away,-2,-110,142.5,-110,82,70,-12,152,1020900097,34,41,0,1,1,0,0,1,1,70,82,12,75,7,away,away,41,-7
7/22/2009,290722003,2009,ATL,TUL,away,5.5,-110,156.75,-110,98,95,-3,193,1020900098,38,42,0,0,0,0,0,0,1,95,98,3,80,4,away,away,42,-4
7/22/2009,290722019,2009,NYL,CHI,away,3,-110,144,-110,77,70,-7,147,1020900099,33,28,1,1,0,1,0,0,0,70,77,7,61,-5,home,away,28,5
7/22/2009,290722018,2009,SAC,CON,away,8,-110,145,-110,75,83,8,158,1020900100,33,44,1,1,1,1,1,1,1,83,75,-8,77,11,away,away,44,-11
7/22/2009,290722011,2009,MIN,PHO,away,4,-110,181.25,-110,99,86,-13,185,1020900102,34,45,1,1,1,1,1,1,1,86,99,13,79,11,away,away,45,-11
7/22/2009,290722014,2009,LAS,SEA,away,5,-110,138.5,-110,87,98,11,185,1020900101,32,38,1,1,1,1,1,1,1,98,87,-11,70,6,away,away,38,-6
7/23/2009,290723017,2009,IND,SAS,away,-2,-110,138.5,-110,65,84,19,149,1020900103,50,24,0,0,0,0,0,0,0,84,65,-19,74,-26,home,away,24,26
7/23/2009,290723016,2009,CHI,WAS,away,6.5,-110,155,-110,64,75,11,139,1020900104,38,24,0,0,0,0,0,0,0,75,64,-11,62,-14,home,away,24,14
7/23/2009,290723009,2009,SAC,NYL,away,5.5,-110,141.5,-110,88,73,-15,161,1020900105,37,45,1,1,1,1,1,1,1,73,88,15,82,8,away,away,45,-8
7/26/2009,290726009,2009,PHO,NYL,away,-1.5,-110,174,-110,94,88,-6,182,1020900106,47,42,0,0,0,0,0,0,0,88,94,6,89,-5,home,away,42,5
7/26/2009,290726016,2009,SAC,WAS,away,4,-110,151.5,-110,73,87,14,160,1020900107,45,36,0,0,0,0,0,0,0,87,73,-14,81,-9,home,away,36,9
7/28/2009,290728005,2009,WAS,IND,away,7.5,-110,146,-110,81,85,4,166,1020900108,44,41,1,1,1,1,1,1,0,85,81,-4,85,-3,home,away,41,3
7/28/2009,290728018,2009,PHO,CON,away,3.5,-110,176,-110,95,80,-15,175,1020900109,30,45,1,1,1,1,1,1,1,80,95,15,75,15,away,away,45,-15
7/28/2009,290728017,2009,SEA,SAS,away,2,-110,138,-110,71,74,3,145,1020900111,34,34,1,1,0,0,0,0,0,74,71,-3,68,0,tie,away,34,-0
7/28/2009,290728008,2009,LAS,MIN,away,1.5,-110,153,-110,76,70,-6,146,1020900110,22,35,1,1,1,1,1,1,1,70,76,6,57,13,away,away,35,-13
7/29/2009,290729019,2009,LAS,CHI,away,4,-110,145.5,-110,63,75,12,138,1020900112,40,33,0,1,1,1,0,0,0,75,63,-12,73,-7,home,away,33,7
7/30/2009,290730013,2009,SAS,SAC,away,3.5,-110,144.5,-110,93,101,8,194,1020900113,53,50,1,0,0,0,0,0,0,101,93,-8,103,-3,home,away,50,3
7/30/2009,290730005,2009,CON,IND,away,5,-110,144,-110,85,94,9,179,1020900114,48,40,0,0,0,0,0,0,0,94,85,-9,88,-8,home,away,40,8
7/30/2009,290730009,2009,WAS,NYL,away,5.5,-110,147.5,-110,78,75,-3,153,1020900115,27,45,1,1,1,1,1,1,1,75,78,3,72,18,away,away,45,-18
7/30/2009,290730020,2009,PHO,ATL,away,-1,-110,187.5,-110,76,106,30,182,1020900116,59,29,0,0,0,0,0,0,0,106,76,-30,88,-30,home,away,29,30
7/31/2009,290731003,2009,MIN,TUL,away,4.5,-110,156.5,-110,83,91,8,174,1020900117,41,39,0,0,0,0,0,0,0,91,83,-8,80,-2,home,away,39,2
8/1/2009,290801020,2009,NYL,ATL,away,5,-110,158.5,-110,83,89,6,172,1020900118,39,40,0,1,0,1,1,1,1,89,83,-6,79,1,away,away,40,-1
8/1/2009,290801008,2009,PHO,MIN,away,-2.5,-110,186.5,-110,87,74,-13,161,1020900120,24,47,1,1,1,1,1,1,1,74,87,13,71,23,away,away,47,-23
8/1/2009,290801019,2009,CON,CHI,away,2,-110,148,-110,72,84,12,156,1020900119,51,31,0,0,0,1,0,0,0,84,72,-12,82,-20,home,away,31,20
8/1/2009,290801013,2009,LAS,SAC,away,3.5,-110,145.5,-110,59,56,-3,115,1020900121,32,27,1,1,1,0,0,0,0,56,59,3,59,-5,home,away,27,5
8/1/2009,290801014,2009,SAS,SEA,away,7,-110,140.5,-110,82,85,3,167,1020900122,39,33,0,0,0,0,0,0,0,85,82,-3,72,-6,home,away,33,6
8/2/2009,290802016,2009,IND,WAS,away,1,-110,151,-110,87,79,-8,166,1020900123,29,32,1,1,1,1,1,1,1,79,87,8,61,3,away,away,32,-3
8/2/2009,290802003,2009,CON,TUL,away,5,-110,151,-110,83,65,-18,148,1020900124,33,50,0,1,1,1,1,1,1,65,83,18,83,17,away,away,50,-17
8/4/2009,290804006,2009,SAS,LAS,away,3,-110,141.5,-110,63,59,-4,122,1020900125,29,33,0,0,0,0,1,1,1,59,63,4,62,4,away,away,33,-4
8/4/2009,290804003,2009,NYL,TUL,away,4.5,-110,149,-110,64,76,12,140,1020900126,32,31,0,1,1,1,0,0,0,76,64,-12,63,-1,home,away,31,1
8/4/2009,290804014,2009,PHO,SEA,away,3.5,-110,173,-110,101,90,-11,191,1020900127,43,45,1,0,1,1,1,1,1,90,101,11,88,2,away,away,45,-2
8/5/2009,290805005,2009,CHI,IND,away,8,-110,151.5,-110,67,76,9,143,1020900128,34,33,0,1,0,0,1,0,0,76,67,-9,67,-1,home,away,33,1
8/6/2009,290806017,2009,ATL,SAS,away,5,-110,156.5,-110,92,84,-8,176,1020900129,37,40,1,1,0,0,0,1,1,84,92,8,77,3,away,away,40,-3
8/6/2009,290806006,2009,SEA,LAS,away,3.5,-110,135.5,-110,75,79,4,154,1020900130,32,31,0,0,0,0,0,1,1,79,75,-4,63,-1,home,away,31,1
8/7/2009,290807016,2009,TUL,WAS,away,3,-110,153.5,-110,66,70,4,136,1020900131,42,34,1,1,1,0,0,0,0,70,66,-4,76,-8,home,away,34,8
8/7/2009,290807008,2009,CON,MIN,away,2,-110,157,-110,88,95,7,183,1020900132,45,48,0,1,0,1,1,1,1,95,88,-7,93,3,away,away,48,-3
8/7/2009,290807013,2009,NYL,SAC,away,3,-110,145.5,-110,84,66,-18,150,1020900133,39,41,1,1,1,1,1,1,1,66,84,18,80,2,away,away,41,-2
8/8/2009,290808020,2009,CHI,ATL,away,6,-110,164.5,-110,82,80,-2,162,1020900134,36,42,0,0,0,0,1,1,1,80,82,2,78,6,away,away,42,-6
8/8/2009,290808011,2009,IND,PHO,away,4,-110,175,-110,90,83,-7,173,1020900136,39,44,1,1,1,1,1,1,1,83,90,7,83,5,away,away,44,-5
8/8/2009,290808014,2009,NYL,SEA,away,7,-110,140.75,-110,69,70,1,139,1020900135,37,30,0,0,0,0,0,0,0,70,69,-1,67,-7,home,away,30,7
8/9/2009,290809018,2009,WAS,CON,away,5,-110,153.5,-110,67,96,29,163,1020900137,47,37,1,0,0,0,0,0,0,96,67,-29,84,-10,home,away,37,10
8/9/2009,290809003,2009,CHI,TUL,away,7.5,-110,149.5,-110,58,64,6,122,1020900139,31,27,1,0,0,0,0,0,0,64,58,-6,58,-4,home,away,27,4
8/9/2009,290809008,2009,SAS,MIN,away,2,-110,158.5,-110,89,87,-2,176,1020900138,36,41,0,1,0,0,1,1,1,87,89,2,77,5,away,away,41,-5
8/10/2009,290810006,2009,IND,LAS,away,2,-110,140,-110,63,75,12,138,1020900140,37,22,0,0,0,0,0,0,0,75,63,-12,59,-15,home,away,22,15
8/11/2009,290811016,2009,TUL,WAS,away,3,-110,148.5,-110,81,77,-4,158,1020900141,33,28,1,1,1,1,0,0,0,77,81,4,61,-5,home,away,28,5
8/11/2009,290811017,2009,SAC,SAS,away,6.5,-110,150.5,-110,90,73,-17,163,1020900142,42,45,0,0,0,0,0,1,1,73,90,17,87,3,away,away,45,-3
8/11/2009,290811006,2009,NYL,LAS,away,5,-110,138,-110,65,61,-4,126,1020900143,37,33,1,0,0,0,0,0,0,61,65,4,70,-4,home,away,33,4
8/13/2009,290813018,2009,SEA,CON,away,2.5,-110,146.5,-110,53,64,11,117,1020900144,36,30,0,0,0,0,0,0,0,64,53,-11,66,-6,home,away,30,6
8/13/2009,290813020,2009,TUL,ATL,away,4,-110,161.5,-110,75,80,5,155,1020900145,32,35,1,1,1,1,1,1,1,80,75,-5,67,3,away,away,35,-3
8/13/2009,290813008,2009,IND,MIN,away,-2.5,-110,159,-110,91,81,-10,172,1020900146,38,40,1,1,1,1,1,1,1,81,91,10,78,2,away,away,40,-2
8/13/2009,290813011,2009,SAS,PHO,away,7,-110,178.5,-110,83,95,12,178,1020900147,49,45,1,1,0,0,0,0,0,95,83,-12,94,-4,home,away,45,4
8/14/2009,290814016,2009,CON,WAS,away,3.5,-110,154.5,-110,89,91,2,180,1020900148,36,32,0,0,0,0,1,0,0,91,89,-2,68,-4,home,away,32,4
8/14/2009,290814009,2009,CHI,NYL,away,4.5,-110,144.5,-110,88,77,-11,165,1020900149,28,56,1,1,1,1,1,1,1,77,88,11,84,28,away,away,56,-28
8/14/2009,290814006,2009,SAC,LAS,away,6.5,-110,139,-110,85,79,-6,164,1020900150,45,46,1,1,1,1,1,1,1,79,85,6,91,1,away,away,46,-1
8/15/2009,290815005,2009,TUL,IND,away,6.5,-110,146.5,-110,59,82,23,141,1020900152,39,38,1,1,1,1,1,1,0,82,59,-23,77,-1,home,away,38,1
8/15/2009,290815020,2009,SEA,ATL,away,1,-110,155.5,-110,79,88,9,167,1020900151,43,39,0,0,0,0,0,0,0,88,79,-9,82,-4,home,away,39,4
8/15/2009,290815017,2009,PHO,SAS,away,2,-110,176,-110,89,106,17,195,1020900154,61,42,0,0,0,0,0,0,0,106,89,-17,103,-19,home,away,42,19
8/15/2009,290815019,2009,MIN,CHI,away,2,-110,161,-110,76,79,3,155,1020900153,38,30,1,1,1,1,0,0,0,79,76,-3,68,-8,home,away,30,8
8/15/2009,290815013,2009,LAS,SAC,away,1,-110,142,-110,78,61,-17,139,1020900155,22,35,1,1,1,1,1,1,1,61,78,17,57,13,away,away,35,-13
8/16/2009,290816016,2009,NYL,WAS,away,5,-110,149.5,-110,60,59,-1,119,1020900156,23,31,0,0,1,1,1,1,0,59,60,1,54,8,away,away,31,-8
8/18/2009,290818003,2009,SEA,TUL,away,-4,-110,140,-110,79,75,-4,154,1020900157,21,38,1,1,1,1,1,1,1,75,79,4,59,17,away,away,38,-17
8/18/2009,290818019,2009,PHO,CHI,away,-2.5,-110,177,-110,106,99,-7,205,1020900158,48,46,1,1,1,1,1,1,0,99,106,7,94,-2,home,away,46,2
8/18/2009,290818006,2009,WAS,LAS,away,5.5,-110,142,-110,69,72,3,141,1020900159,33,31,0,0,1,0,1,0,0,72,69,-3,64,-2,home,away,31,2
8/19/2009,290819018,2009,NYL,CON,away,5,-110,143,-110,69,74,5,143,1020900160,26,38,1,1,1,1,1,1,1,74,69,-5,64,12,away,away,38,-12
8/19/2009,290819006,2009,MIN,LAS,away,4,-110,151,-110,63,78,15,141,1020900089,35,35,0,0,1,1,1,1,0,78,63,-15,70,0,tie,away,35,-0
8/20/2009,290820020,2009,SAS,ATL,away,2.5,-110,165.75,-110,87,93,6,180,1020900161,41,37,1,0,0,1,1,0,0,93,87,-6,78,-4,home,away,37,4
8/20/2009,290820013,2009,IND,SAC,away,-5.5,-110,146.5,-110,62,67,5,129,1020900162,34,30,1,0,0,0,0,0,0,67,62,-5,64,-4,home,away,30,4
8/21/2009,290821009,2009,CON,NYL,away,3,-110,143.5,-110,83,85,2,168,1020900163,40,32,1,0,0,0,0,0,0,85,83,-2,72,-8,home,away,32,8
8/21/2009,290821017,2009,LAS,SAS,away,3,-110,141.75,-110,67,66,-1,133,1020900164,27,33,1,1,1,1,1,1,1,66,67,1,60,6,away,away,33,-6
8/21/2009,290821011,2009,WAS,PHO,away,7,-110,179.5,-110,91,81,-10,172,1020900165,39,43,1,1,1,0,1,1,1,81,91,10,82,4,away,away,43,-4
8/22/2009,290822018,2009,MIN,CON,away,4,-110,158,-110,94,98,4,192,1020900166,44,54,0,0,0,1,1,1,1,98,94,-4,98,10,away,away,54,-10
8/22/2009,290822019,2009,TUL,CHI,away,2.5,-110,148,-110,76,67,-9,143,1020900167,43,40,1,0,1,1,0,0,0,67,76,9,83,-3,home,away,40,3
8/22/2009,290822013,2009,WAS,SAC,away,2.5,-110,149.5,-110,60,82,22,142,1020900168,37,25,0,0,0,0,0,0,0,82,60,-22,62,-12,home,away,25,12
8/22/2009,290822014,2009,IND,SEA,away,1.5,-110,140.5,-110,60,74,14,134,1020900169,37,25,1,1,1,0,0,0,0,74,60,-14,62,-12,home,away,25,12
8/23/2009,290823020,2009,LAS,ATL,away,3,-110,153.5,-110,91,87,-4,178,1020900170,41,47,1,1,1,1,1,1,1,87,91,4,88,6,away,away,47,-6
8/23/2009,290823009,2009,MIN,NYL,away,4.5,-110,156.5,-110,67,80,13,147,1020900171,35,39,1,1,1,1,1,1,0,80,67,-13,74,4,away,away,39,-4
8/23/2009,290823003,2009,SAS,TUL,away,-2,-110,148.5,-110,84,99,15,183,1020900172,45,36,0,0,0,0,0,0,0,99,84,-15,81,-9,home,away,36,9
8/25/2009,290825018,2009,TUL,CON,away,3.5,-110,151.5,-110,90,70,-20,160,1020900173,35,47,1,0,1,1,1,1,1,70,90,20,82,12,away,away,47,-12
8/25/2009,290825020,2009,SAC,ATL,away,3,-110,165,-110,83,103,20,186,1020900174,48,40,0,0,0,0,0,0,0,103,83,-20,88,-8,home,away,40,8
8/25/2009,290825006,2009,CHI,LAS,away,8,-110,143,-110,63,75,12,138,1020900175,27,32,1,1,1,1,1,1,0,75,63,-12,59,5,away,away,32,-5
8/25/2009,290825014,2009,WAS,SEA,away,6.5,-110,143,-110,68,78,10,146,1020900176,47,24,0,0,0,0,0,0,0,78,68,-10,71,-23,home,away,24,23
8/27/2009,290827005,2009,SAS,IND,away,7,-110,150.5,-110,66,77,11,143,1020900177,36,27,0,0,0,0,0,0,0,77,66,-11,63,-9,home,away,27,9
8/27/2009,290827003,2009,ATL,TUL,away,4,-110,168,-110,83,87,4,170,1020900178,41,47,0,1,1,0,0,0,0,87,83,-4,88,6,away,away,47,-6
8/27/2009,290827014,2009,CON,SEA,away,4,-110,143.75,-110,74,86,12,160,1020900179,36,32,0,0,0,0,0,0,0,86,74,-12,68,-4,home,away,32,4
8/27/2009,290827006,2009,PHO,LAS,away,3,-110,172,-110,98,90,-8,188,1020900180,47,42,0,0,0,0,0,0,0,90,98,8,89,-5,home,away,42,5
8/28/2009,290828008,2009,SAC,MIN,away,2,-110,163,-110,95,100,5,195,1020900181,64,50,1,1,0,0,0,0,0,100,95,-5,114,-14,home,away,50,14
8/28/2009,290828019,2009,NYL,CHI,away,3,-110,143,-110,77,96,19,173,1020900182,47,39,0,0,0,0,0,0,0,96,77,-19,86,-8,home,away,39,8
8/29/2009,290829017,2009,TUL,SAS,away,3,-110,152,-110,88,100,12,188,1020900183,35,47,1,1,1,1,1,1,1,100,88,-12,82,12,away,away,47,-12
8/29/2009,290829005,2009,SAC,IND,away,8,-110,147.5,-110,79,78,-1,157,1020900184,40,36,1,1,1,1,1,0,0,78,79,1,76,-4,home,away,36,4
8/29/2009,290829011,2009,CON,PHO,away,4.5,-110,181,-110,84,95,11,179,1020900186,52,49,1,1,1,1,1,1,1,95,84,-11,101,-3,home,away,49,3
8/29/2009,290829014,2009,ATL,SEA,away,4,-110,160,-110,84,91,7,175,1020900185,33,33,0,0,0,1,0,1,1,91,84,-7,66,0,tie,away,33,-0
8/30/2009,290830009,2009,CHI,NYL,away,4.5,-110,146,-110,63,77,14,140,1020900187,48,29,0,0,0,0,0,0,0,77,63,-14,77,-19,home,away,29,19
8/30/2009,290830016,2009,MIN,WAS,away,4,-110,164.5,-110,75,81,6,156,1020900188,34,38,1,1,0,0,0,1,1,81,75,-6,72,4,away,away,38,-4
8/30/2009,290830006,2009,CON,LAS,away,2.5,-110,145.5,-110,81,91,10,172,1020900189,47,27,0,0,0,0,0,0,0,91,81,-10,74,-20,home,away,27,20
9/1/2009,290901009,2009,SEA,NYL,away,1.5,-110,140.25,-110,65,58,-7,123,1020900190,25,24,0,1,1,0,0,0,0,58,65,7,49,-1,home,away,24,1
9/1/2009,290901003,2009,PHO,TUL,away,1.5,-110,179.5,-110,99,101,2,200,1020900191,42,39,1,0,0,0,0,0,0,101,99,-2,81,-3,home,away,39,3
9/1/2009,290901017,2009,MIN,SAS,away,4.5,-110,164.5,-110,82,84,2,166,1020900192,36,27,0,0,0,0,0,0,0,84,82,-2,63,-9,home,away,27,9
9/1/2009,290901013,2009,CON,SAC,away,-1.5,-110,155.5,-110,70,90,20,160,1020900193,44,38,0,0,0,0,0,0,0,90,70,-20,82,-6,home,away,38,6
9/1/2009,290901006,2009,ATL,LAS,away,4.5,-110,162.5,-110,84,79,-5,163,1020900194,42,37,0,0,1,1,1,1,0,79,84,5,79,-5,home,away,37,5
9/2/2009,290902005,2009,PHO,IND,away,3.5,-110,177.5,-110,106,90,-16,196,1020900195,46,55,1,1,1,1,1,1,1,90,106,16,101,9,away,away,55,-9
9/3/2009,290903016,2009,SEA,WAS,away,2.5,-110,143.5,-110,67,78,11,145,1020900196,35,33,1,1,1,0,0,0,1,78,67,-11,68,-2,home,away,33,2
9/4/2009,290904018,2009,NYL,CON,away,5,-110,146.5,-110,85,88,3,173,1020900197,36,38,0,1,1,1,1,1,1,88,85,-3,74,2,away,away,38,-2
9/4/2009,290904003,2009,IND,TUL,away,1.5,-110,149,-110,63,70,7,133,1020900198,34,25,0,0,0,0,0,0,0,70,63,-7,59,-9,home,away,25,9
9/4/2009,290904019,2009,WAS,CHI,away,4.5,-110,149,-110,86,92,6,178,1020900199,35,35,1,1,1,1,1,0,1,92,86,-6,70,0,tie,away,35,-0
9/4/2009,290904013,2009,ATL,SAC,away,-1,-110,170.5,-110,98,90,-8,188,1020900200,54,51,1,1,1,1,0,0,0,90,98,8,105,-3,home,away,51,3
9/5/2009,290905017,2009,LAS,SAS,away,1.5,-110,144,-110,72,89,17,161,1020900202,36,35,0,0,1,1,1,1,0,89,72,-17,71,-1,home,away,35,1
9/5/2009,290905008,2009,SEA,MIN,away,2,-110,151.5,-110,68,76,8,144,1020900201,39,29,0,0,0,0,0,0,0,76,68,-8,68,-10,home,away,29,10
9/5/2009,290905011,2009,ATL,PHO,away,6.5,-110,191,-110,82,100,18,182,1020900203,43,35,0,0,0,0,0,0,0,100,82,-18,78,-8,home,away,35,8
9/6/2009,290906005,2009,WAS,IND,away,6,-110,150,-110,61,72,11,133,1020900204,31,28,0,0,0,0,0,0,0,72,61,-11,59,-3,home,away,28,3
9/6/2009,290906003,2009,CHI,TUL,away,6,-110,150.5,-110,75,84,9,159,1020900205,38,36,0,0,0,0,0,1,0,84,75,-9,74,-2,home,away,36,2
9/8/2009,290908009,2009,IND,NYL,away,-2.5,-110,141.5,-110,69,63,-6,132,1020900206,23,33,1,1,1,1,1,1,1,63,69,6,56,10,away,away,33,-10
9/8/2009,290908006,2009,SAS,LAS,away,6.5,-110,148.5,-110,68,76,8,144,1020900207,30,38,0,0,1,1,1,1,1,76,68,-8,68,8,away,away,38,-8
9/9/2009,290909008,2009,TUL,MIN,away,1,-110,160,-110,72,75,3,147,1020900208,41,38,1,0,0,1,0,0,0,75,72,-3,79,-3,home,away,38,3
9/10/2009,290910003,2009,NYL,TUL,away,7.5,-110,145.5,-110,87,94,7,181,1020900209,44,34,0,0,0,0,0,0,0,94,87,-7,78,-10,home,away,34,10
9/10/2009,290910019,2009,IND,CHI,away,1,-110,146,-110,79,86,7,165,1020900210,37,35,1,1,1,0,0,0,0,86,79,-7,72,-2,home,away,35,2
9/10/2009,290910013,2009,SAS,SAC,away,-2.5,-110,158,-110,80,71,-9,151,1020900211,35,44,1,1,1,1,1,1,1,71,80,9,79,9,away,away,44,-9
9/10/2009,290910014,2009,PHO,SEA,away,-7.5,-110,172.5,-110,92,84,-8,176,1020900212,42,44,1,1,1,1,0,0,1,84,92,8,86,2,away,away,44,-2
9/11/2009,290911020,2009,CON,ATL,away,5,-110,169,-110,64,88,24,152,1020900213,53,36,0,0,0,0,0,0,0,88,64,-24,89,-17,home,away,36,17
9/11/2009,290911006,2009,MIN,LAS,away,6,-110,152.5,-110,61,90,29,151,1020900214,40,32,0,0,0,0,0,0,0,90,61,-29,72,-8,home,away,32,8
9/12/2009,290912016,2009,ATL,WAS,away,7.5,-110,165.5,-110,64,82,18,146,1020900215,42,29,0,0,0,0,0,0,0,82,64,-18,71,-13,home,away,29,13
9/12/2009,290912017,2009,SEA,SAS,away,6.5,-110,142.5,-110,64,55,-9,119,1020900217,27,26,0,0,1,1,0,1,1,55,64,9,53,-1,home,away,26,1
9/12/2009,290912019,2009,TUL,CHI,away,4,-110,153,-110,80,69,-11,149,1020900216,41,22,0,0,0,0,0,0,0,69,80,11,63,-19,home,away,22,19
9/13/2009,290913011,2009,LAS,PHO,away,4.5,-110,174,-110,81,78,-3,159,1020900218,40,33,0,0,0,0,0,0,0,78,81,3,73,-7,home,away,33,7
9/13/2009,290913018,2009,IND,CON,away,2,-110,149.5,-110,85,95,10,180,1020900219,40,39,0,0,0,0,0,1,0,95,85,-10,79,-1,home,away,39,1
9/13/2009,290913009,2009,WAS,NYL,away,5.5,-110,144,-110,65,86,21,151,1020900220,36,25,1,0,0,0,0,0,0,86,65,-21,61,-11,home,away,25,11
9/13/2009,290913013,2009,MIN,SAC,away,5,-110,166,-110,66,88,22,154,1020900221,41,34,0,0,0,0,0,0,0,88,66,-22,75,-7,home,away,34,7
9/16/2009,290916003,2009,ATL,TUL,away,4.5,-110,167,-110,89,94,5,183,1040900111,36,45,1,1,1,1,1,1,1,94,89,-5,81,9,away,away,45,-9
9/16/2009,290916006,2009,SEA,LAS,away,6.5,-110,138,-110,63,70,7,133,1040900131,34,28,0,0,0,0,0,0,0,70,63,-7,62,-6,home,away,28,6
9/17/2009,290917016,2009,IND,WAS,away,-3,-110,143.5,-110,88,79,-9,167,1040900101,43,39,0,1,0,0,0,0,0,79,88,9,82,-4,home,away,39,4
9/17/2009,290917017,2009,PHO,SAS,away,-1.5,-110,177.5,-110,91,92,1,183,1040900121,52,47,0,0,0,0,0,0,0,92,91,-1,99,-5,home,away,47,5
9/18/2009,290918020,2009,TUL,ATL,away,6.5,-110,169,-110,94,79,-15,173,1040900112,46,45,0,1,1,1,1,1,0,79,94,15,91,-1,home,away,45,1
9/18/2009,290918014,2009,LAS,SEA,away,2.5,-110,138,-110,74,75,1,149,1040900132,34,43,0,1,1,1,1,1,1,75,74,-1,77,9,away,away,43,-9
9/19/2009,290919005,2009,WAS,IND,away,7.5,-110,148,-110,74,81,7,155,1040900102,30,37,0,0,0,1,1,1,1,81,74,-7,67,7,away,away,37,-7
9/19/2009,290919011,2009,SAS,PHO,away,8.5,-110,180.5,-110,78,106,28,184,1040900122,64,42,1,0,0,0,0,0,0,106,78,-28,106,-22,home,away,42,22
9/20/2009,290920014,2009,LAS,SEA,away,-2.5,-110,138.5,-110,75,64,-11,139,1040900133,25,41,1,1,1,1,1,1,1,64,75,11,66,16,away,away,41,-16
9/21/2009,290921011,2009,SAS,PHO,away,9,-110,180.5,-110,92,100,8,192,1040900123,43,42,0,0,0,1,0,0,0,100,92,-8,85,-1,home,away,42,1
9/23/2009,290923003,2009,IND,TUL,away,2.5,-110,145.5,-110,56,72,16,128,1040900201,35,37,1,1,1,1,1,1,0,72,56,-16,72,2,away,away,37,-2
9/23/2009,290923006,2009,PHO,LAS,away,3,-110,176.5,-110,103,94,-9,197,1040900211,46,53,1,1,1,1,1,1,1,94,103,9,99,7,away,away,53,-7
9/25/2009,290925005,2009,TUL,IND,away,5.5,-110,144.5,-110,75,79,4,154,1040900202,39,38,1,1,0,0,0,0,1,79,75,-4,77,-1,home,away,38,1
9/25/2009,290925011,2009,LAS,PHO,away,4.5,-110,182,-110,87,76,-11,163,1040900212,34,49,1,1,1,1,1,1,1,76,87,11,83,15,away,away,49,-15
9/26/2009,290926005,2009,TUL,IND,away,4,-110,146.5,-110,67,72,5,139,1040900203,40,38,0,0,1,0,1,1,0,72,67,-5,78,-2,home,away,38,2
9/26/2009,290926011,2009,LAS,PHO,away,4.5,-110,179.75,-110,74,85,11,159,1040900213,41,25,0,0,0,0,0,0,0,85,74,-11,66,-16,home,away,25,16
9/29/2009,290929011,2009,IND,PHO,away,5.5,-110,174.75,-110,116,120,4,236,1040900301,56,53,0,0,1,1,1,0,1,120,116,-4,109,-3,home,away,53,3
10/1/2009,291001011,2009,IND,PHO,away,4.5,-110,181.5,-110,93,84,-9,177,1040900302,45,48,1,1,1,1,1,1,0,84,93,9,93,3,away,away,48,-3
10/4/2009,291004005,2009,PHO,IND,away,3.5,-110,179,-110,85,86,1,171,1040900303,44,47,0,0,0,0,0,0,1,86,85,-1,91,3,away,away,47,-3
10/7/2009,291007005,2009,PHO,IND,away,1.5,-110,178.75,-110,90,77,-13,167,1040900304,47,49,0,1,1,1,1,1,1,77,90,13,96,2,away,away,49,-2
10/9/2009,291009011,2009,IND,PHO,away,5,-110,178.5,-110,86,94,8,180,1040900305,51,42,1,1,1,1,1,0,0,94,86,-8,93,-9,home,away,42,9
5/15/2010,300515011,2010,PHO,LAS,home,-6.5,-110,176.25,-110,78,77,-1,155,1021000001,42,35,1,0,0,0,0,0,1,78,77,-1,77,-7,home,home,42,-7
5/15/2010,300515018,2010,CON,CHI,home,-2.5,-110,154.5,-110,74,61,-13,135,1021000002,42,33,1,1,1,1,1,1,1,74,61,-13,75,-9,home,home,42,-9
5/15/2010,300515005,2010,IND,WAS,home,-6.5,-110,145.5,-110,65,72,7,137,1021000003,31,37,1,1,0,1,0,0,0,65,72,7,68,6,away,home,31,6
5/15/2010,300515017,2010,SAS,ATL,home,-5,-110,168.75,-110,70,75,5,145,1021000005,32,40,0,0,0,0,0,0,0,70,75,5,72,8,away,home,32,8
5/15/2010,300515003,2010,TUL,MIN,home,-5.5,-110,165.5,-110,74,80,6,154,1021000004,36,36,0,0,0,0,0,0,0,74,80,6,72,0,tie,home,36,0
5/16/2010,300516009,2010,NYL,CHI,home,-6.5,-110,152,-110,85,82,-3,167,1021000006,47,45,1,1,1,1,0,1,0,85,82,-3,92,-2,home,home,47,-2
5/16/2010,300516008,2010,MIN,WAS,home,-3.5,-110,151,-110,76,87,11,163,1021000008,43,38,1,1,1,1,1,1,1,76,87,11,81,-5,home,home,43,-5
5/16/2010,300516020,2010,ATL,IND,home,-1,-110,154.5,-110,66,62,-4,128,1021000007,37,38,1,0,0,1,1,0,0,66,62,-4,75,1,away,home,37,1
5/16/2010,300516014,2010,SEA,LAS,home,-6,-110,142.5,-110,81,67,-14,148,1021000009,43,36,1,0,0,0,1,1,1,81,67,-14,79,-7,home,home,43,-7
5/19/2010,300519014,2010,SEA,MIN,home,-11,-110,149.5,-110,79,76,-3,155,1021000010,40,45,0,0,0,0,0,0,0,79,76,-3,85,5,away,home,40,5
5/20/2010,300520003,2010,TUL,SAS,home,1.5,-110,163,-110,74,83,9,157,1021000011,41,41,0,0,0,0,0,0,0,74,83,9,82,0,tie,home,41,0
5/21/2010,300521016,2010,WAS,NYL,home,-3.5,-110,153.5,-110,77,61,-16,138,1021000012,31,28,0,0,0,0,1,0,0,77,61,-16,59,-3,home,home,31,-3
5/21/2010,300521020,2010,ATL,CON,home,-5,-110,157.25,-110,97,82,-15,179,1021000013,51,32,0,1,1,1,1,1,1,97,82,-15,83,-19,home,home,51,-19
5/22/2010,300522017,2010,SAS,LAS,home,-1,-110,151,-110,88,81,-7,169,1021000015,47,36,1,1,1,1,1,1,1,88,81,-7,83,-11,home,home,47,-11
5/22/2010,300522019,2010,CHI,IND,home,1,-110,148.75,-110,86,92,6,178,1021000014,52,50,1,1,1,1,1,1,1,86,92,6,102,-2,home,home,52,-2
5/22/2010,300522011,2010,PHO,SEA,home,-4.5,-110,168,-110,89,95,6,184,1021000016,40,44,0,0,0,0,0,0,0,89,95,6,84,4,away,home,40,4
5/23/2010,300523018,2010,CON,WAS,home,-3,-110,152,-110,80,65,-15,145,1021000017,31,28,0,0,1,1,1,1,1,80,65,-15,59,-3,home,home,31,-3
5/23/2010,300523009,2010,NYL,ATL,home,-3,-110,165.75,-110,77,86,9,163,1021000018,42,37,1,1,1,1,1,1,1,77,86,9,79,-5,home,home,42,-5
5/23/2010,300523005,2010,IND,CHI,home,-6.5,-110,149.75,-110,69,61,-8,130,1021000019,33,39,1,1,1,1,1,0,0,69,61,-8,72,6,away,home,33,6
5/23/2010,300523008,2010,MIN,TUL,home,-6.5,-110,159.75,-110,82,94,12,176,1021000020,38,52,0,0,0,0,0,0,0,82,94,12,90,14,away,home,38,14
5/25/2010,300525003,2010,TUL,PHO,home,5,-110,175.5,-110,96,110,14,206,1021000021,53,58,0,0,0,0,0,0,0,96,110,14,111,5,away,home,53,5
5/25/2010,300525014,2010,SEA,WAS,home,-8,-110,143,-110,82,76,-6,158,1021000022,27,38,0,0,0,0,0,0,0,82,76,-6,65,11,away,home,27,11
5/27/2010,300527018,2010,CON,MIN,home,-5.5,-110,159.5,-110,105,79,-26,184,1021000023,55,41,1,1,1,1,1,1,1,105,79,-26,96,-14,home,home,55,-14
5/27/2010,300527019,2010,CHI,SEA,home,2,-110,145.5,-110,84,75,-9,159,1021000024,42,29,1,1,1,1,1,1,1,84,75,-9,71,-13,home,home,42,-13
5/28/2010,300528017,2010,SAS,NYL,home,-6,-110,154.5,-110,71,77,6,148,1021000025,31,34,0,0,0,0,0,0,0,71,77,6,65,3,away,home,31,3
5/28/2010,300528011,2010,PHO,ATL,home,-4.5,-110,187,-110,93,96,3,189,1021000026,46,65,0,0,0,0,0,0,0,93,96,3,111,19,away,home,46,19
5/28/2010,300528006,2010,LAS,WAS,home,-6,-110,152.5,-110,81,75,-6,156,1021000027,44,30,1,1,1,1,1,1,1,81,75,-6,74,-14,home,home,44,-14
5/29/2010,300529008,2010,MIN,CHI,home,-3.5,-110,161,-110,58,73,15,131,1021000028,25,36,0,0,0,0,0,0,0,58,73,15,61,11,away,home,25,11
5/29/2010,300529003,2010,TUL,IND,home,6.5,-110,158.5,-110,79,74,-5,153,1021000029,40,35,0,0,1,1,1,1,1,79,74,-5,75,-5,home,home,40,-5
5/30/2010,300530017,2010,SAS,SEA,home,-1.5,-110,149.75,-110,56,84,28,140,1021000030,30,52,0,0,0,0,0,0,0,56,84,28,82,22,away,home,30,22
5/30/2010,300530016,2010,WAS,CON,home,-3.5,-110,150.5,-110,69,65,-4,134,1021000031,33,26,1,1,1,1,1,1,1,69,65,-4,59,-7,home,home,33,-7
5/30/2010,300530006,2010,LAS,ATL,home,-1.5,-110,161.25,-110,82,101,19,183,1021000032,45,42,1,1,1,1,1,1,1,82,101,19,87,-3,home,home,45,-3
6/1/2010,300601008,2010,MIN,PHO,home,6,-110,184,-110,92,82,-10,174,1021000033,40,38,1,0,0,0,0,0,1,92,82,-10,78,-2,home,home,40,-2
6/1/2010,300601014,2010,SEA,ATL,home,-5,-110,163.5,-110,90,72,-18,162,1021000034,39,27,1,1,1,1,1,1,1,90,72,-18,66,-12,home,home,39,-12
6/3/2010,300603005,2010,IND,SAS,home,-5.5,-110,147,-110,79,57,-22,136,1021000035,37,23,1,1,1,1,1,1,1,79,57,-22,60,-14,home,home,37,-14
6/4/2010,300604020,2010,ATL,CHI,home,-6.5,-110,165,-110,70,80,10,150,1021000036,35,40,0,1,0,0,0,0,0,70,80,10,75,5,away,home,35,5
6/4/2010,300604018,2010,CON,NYL,home,-6,-110,153,-110,75,68,-7,143,1021000037,33,27,0,0,1,1,1,1,1,75,68,-7,60,-6,home,home,33,-6
6/4/2010,300604003,2010,TUL,MIN,home,-2,-110,166,-110,92,79,-13,171,1021000038,49,40,0,1,1,1,1,1,1,92,79,-13,89,-9,home,home,49,-9
6/4/2010,300604011,2010,PHO,LAS,home,-5.5,-110,177,-110,90,89,-1,179,1021000039,40,43,0,0,0,0,0,0,0,90,89,-1,83,3,away,home,40,3
6/5/2010,300605016,2010,WAS,ATL,home,-2.5,-110,157,-110,79,86,7,165,1021000040,40,37,0,1,0,0,0,0,1,79,86,7,77,-3,home,home,40,-3
6/5/2010,300605005,2010,IND,NYL,home,-7.5,-110,144.5,-110,78,73,-5,151,1021000041,35,32,1,1,1,1,1,1,1,78,73,-5,67,-3,home,home,35,-3
6/5/2010,300605019,2010,CHI,TUL,home,-7.5,-110,159.5,-110,95,70,-25,165,1021000042,41,34,1,1,1,1,1,1,1,95,70,-25,75,-7,home,home,41,-7
6/5/2010,300605006,2010,LAS,SEA,home,4,-110,149,-110,75,79,4,154,1021000043,31,39,0,0,0,0,0,0,0,75,79,4,70,8,away,home,31,8
6/6/2010,300606018,2010,CON,SAS,home,-7,-110,147.5,-110,81,68,-13,149,1021000044,34,30,0,0,0,1,1,1,1,81,68,-13,64,-4,home,home,34,-4
6/6/2010,300606008,2010,MIN,IND,home,2,-110,151,-110,51,89,38,140,1021000045,31,51,0,0,0,0,0,0,0,51,89,38,82,20,away,home,31,20
6/6/2010,300606014,2010,SEA,PHO,home,-5,-110,170.75,-110,97,74,-23,171,1021000046,50,35,1,1,1,1,1,1,1,97,74,-23,85,-15,home,home,50,-15
6/8/2010,300608019,2010,CHI,NYL,home,-6,-110,148.5,-110,70,85,15,155,1021000047,31,41,1,1,1,1,0,0,0,70,85,15,72,10,away,home,31,10
6/8/2010,300608006,2010,LAS,PHO,home,-4,-110,178.5,-110,92,91,-1,183,1021000048,44,43,0,0,1,1,1,1,1,92,91,-1,87,-1,home,home,44,-1
6/10/2010,300610011,2010,PHO,MIN,home,-6.5,-110,182.5,-110,99,88,-11,187,1021000049,46,48,1,1,1,1,1,1,1,99,88,-11,94,2,away,home,46,2
6/11/2010,300611009,2010,NYL,ATL,home,-2.5,-110,165,-110,91,79,-12,170,1021000051,41,34,1,1,1,1,1,1,1,91,79,-12,75,-7,home,home,41,-7
6/11/2010,300611018,2010,CON,IND,home,-2.5,-110,146.5,-110,86,77,-9,163,1021000050,45,39,1,1,1,1,1,1,1,86,77,-9,84,-6,home,home,45,-6
6/11/2010,300611017,2010,SAS,TUL,home,-6.5,-110,161,-110,87,75,-12,162,1021000052,30,32,1,0,1,0,0,1,1,87,75,-12,62,2,away,home,30,2
6/11/2010,300611019,2010,CHI,WAS,home,-4.5,-110,148,-110,78,95,17,173,1021000053,42,45,0,0,0,0,0,0,0,78,95,17,87,3,away,home,42,3
6/11/2010,300611014,2010,SEA,LAS,home,-8,-110,155,-110,82,60,-22,142,1021000054,42,29,1,1,1,1,1,1,1,82,60,-22,71,-13,home,home,42,-13
6/12/2010,300612016,2010,WAS,NYL,home,-4,-110,150,-110,82,65,-17,147,1021000055,43,31,1,1,1,1,1,1,1,82,65,-17,74,-12,home,home,43,-12
6/12/2010,300612011,2010,PHO,TUL,home,-10,-110,190,-110,116,84,-32,200,1021000057,59,46,1,1,1,1,1,1,1,116,84,-32,105,-13,home,home,59,-13
6/13/2010,300613020,2010,ATL,SAS,home,-7,-110,162.5,-110,90,83,-7,173,1021000056,37,39,0,0,0,0,0,0,0,90,83,-7,76,2,away,home,37,2
6/13/2010,300613006,2010,MIN,LAS,away,5.5,-110,163,-110,84,88,4,172,1021000059,42,39,0,0,0,0,0,1,0,88,84,-4,81,-3,home,away,39,3
6/13/2010,300613005,2010,IND,CON,home,-5.5,-110,148.5,-110,77,67,-10,144,1021000058,42,26,0,1,1,1,1,1,1,77,67,-10,68,-16,home,home,42,-16
6/15/2010,300615019,2010,CHI,ATL,home,-3,-110,165,-110,86,93,7,179,1021000060,41,38,1,1,1,1,1,1,1,86,93,7,79,-3,home,home,41,-3
6/17/2010,300617005,2010,IND,SEA,home,-3.5,-110,144.5,-110,72,65,-7,137,1021000061,35,34,0,0,0,0,0,1,0,72,65,-7,69,-1,home,home,35,-1
6/18/2010,300618009,2010,NYL,SEA,home,1.5,-110,150.5,-110,84,92,8,176,1021000062,33,37,0,0,0,1,1,0,0,84,92,8,70,4,away,home,33,4
6/18/2010,300618008,2010,MIN,TUL,home,-7,-110,175.5,-110,78,67,-11,145,1021000063,41,45,0,0,0,0,0,0,0,78,67,-11,86,4,away,home,41,4
6/18/2010,300618011,2010,PHO,SAS,home,-7,-110,177,-110,105,108,3,213,1021000064,59,49,0,0,0,0,0,0,1,105,108,3,108,-10,home,home,59,-10
6/18/2010,300618006,2010,LAS,CON,home,4,-110,155,-110,75,78,3,153,1021000065,43,36,0,0,1,1,1,1,1,75,78,3,79,-7,home,home,43,-7
6/19/2010,300619016,2010,WAS,CHI,home,-6,-110,152.5,-110,65,61,-4,126,1021000066,20,32,0,0,0,0,0,0,0,65,61,-4,52,12,away,home,20,12
6/19/2010,300619005,2010,IND,ATL,home,-6,-110,157,-110,94,91,-3,185,1021000067,55,41,1,1,1,1,1,1,1,94,91,-3,96,-14,home,home,55,-14
6/19/2010,300619003,2010,TUL,MIN,home,-2,-110,172.5,-110,78,92,14,170,1021000068,40,47,1,0,0,0,0,0,0,78,92,14,87,7,away,home,40,7
6/20/2010,300620011,2010,PHO,CON,home,-5,-110,183.5,-110,94,96,2,190,1021000069,43,53,0,0,0,0,0,0,0,94,96,2,96,10,away,home,43,10
6/20/2010,300620014,2010,SEA,SAS,home,-9,-110,154.5,-110,82,61,-21,143,1021000070,37,30,0,1,1,1,1,1,1,82,61,-21,67,-7,home,home,37,-7
6/22/2010,300622009,2010,NYL,MIN,home,-6,-110,163.25,-110,68,75,7,143,1021000072,34,32,0,1,0,1,0,1,0,68,75,7,66,-2,home,home,34,-2
6/22/2010,300622018,2010,CON,CHI,home,-8,-110,153.5,-110,77,86,9,163,1021000071,48,43,1,0,1,1,1,1,1,77,86,9,91,-5,home,home,48,-5
6/23/2010,300623020,2010,ATL,TUL,home,-11.5,-110,177.5,-110,96,90,-6,186,1021000073,49,46,1,1,1,1,1,1,1,96,90,-6,95,-3,home,home,49,-3
6/24/2010,300624016,2010,WAS,LAS,home,-8.5,-110,151,-110,68,53,-15,121,1021000074,38,25,1,1,1,1,1,1,1,68,53,-15,63,-13,home,home,38,-13
6/25/2010,300625018,2010,CON,PHO,home,-5,-110,184.5,-110,82,79,-3,161,1021000075,43,37,0,0,0,1,1,1,1,82,79,-3,80,-6,home,home,43,-6
6/25/2010,300625003,2010,TUL,NYL,home,3.5,-110,165,-110,78,92,14,170,1021000076,35,50,0,0,0,0,0,0,0,78,92,14,85,15,away,home,35,15
6/25/2010,300625019,2010,CHI,WAS,home,-4,-110,149.5,-110,79,72,-7,151,1021000077,37,40,1,0,0,0,0,0,0,79,72,-7,77,3,away,home,37,3
6/25/2010,300625014,2010,SEA,IND,home,-5.5,-110,145.75,-110,85,81,-4,166,1021000078,43,49,0,1,1,1,1,1,0,85,81,-4,92,6,away,home,43,6
6/26/2010,300626017,2010,SAS,MIN,home,-6,-110,158,-110,80,66,-14,146,1021000079,40,35,1,1,1,1,1,1,1,80,66,-14,75,-5,home,home,40,-5
6/27/2010,300627020,2010,ATL,LAS,home,-10.5,-110,168,-110,89,81,-8,170,1021000080,38,49,0,0,0,0,0,0,0,89,81,-8,87,11,away,home,38,11
6/27/2010,300627009,2010,NYL,CON,home,-1,-110,156.75,-110,77,68,-9,145,1021000081,33,46,0,0,0,0,0,0,0,77,68,-9,79,13,away,home,33,13
6/27/2010,300627003,2010,TUL,SEA,home,9,-110,166,-110,72,83,11,155,1021000083,40,30,1,1,0,0,1,1,1,72,83,11,70,-10,home,home,40,-10
6/27/2010,300627016,2010,WAS,PHO,home,-2.5,-110,175.5,-110,95,85,-10,180,1021000082,49,38,1,1,1,1,1,1,1,95,85,-10,87,-11,home,home,49,-11
6/27/2010,300627019,2010,CHI,IND,home,3,-110,151.5,-110,64,70,6,134,1021000084,26,29,1,0,0,1,0,0,0,64,70,6,55,3,away,home,26,3
6/29/2010,300629016,2010,WAS,IND,home,-2,-110,145,-110,68,65,-3,133,1021000085,33,32,0,0,1,1,1,1,0,68,65,-3,65,-1,home,home,33,-1
6/29/2010,300629020,2010,ATL,PHO,home,-7,-110,190,-110,94,88,-6,182,1021000086,48,54,1,0,0,0,0,0,0,94,88,-6,102,6,away,home,48,6
6/29/2010,300629003,2010,TUL,CON,home,6,-110,164,-110,89,101,12,190,1021000087,42,50,1,0,1,0,0,0,0,89,101,12,92,8,away,home,42,8
6/29/2010,300629014,2010,SEA,SAS,home,-7.5,-110,149,-110,86,72,-14,158,1021000088,36,27,1,1,1,1,1,1,1,86,72,-14,63,-9,home,home,36,-9
6/29/2010,300629006,2010,LAS,NYL,home,3,-110,157,-110,68,80,12,148,1021000089,35,44,1,1,1,0,0,0,0,68,80,12,79,9,away,home,35,9
7/1/2010,300701020,2010,ATL,MIN,home,-9.5,-110,172.5,-110,76,58,-18,134,1021000090,38,24,1,1,1,1,1,1,1,76,58,-18,62,-14,home,home,38,-14
7/1/2010,300701019,2010,CHI,CON,home,-1,-110,153,-110,92,80,-12,172,1021000091,53,29,1,1,1,1,1,1,1,92,80,-12,82,-24,home,home,53,-24
7/1/2010,300701011,2010,PHO,WAS,home,-4.5,-110,177,-110,104,107,3,211,1021000092,46,42,1,1,1,1,1,1,1,104,107,3,88,-4,home,home,46,-4
7/1/2010,300701006,2010,LAS,SAS,home,4.5,-110,153.75,-110,73,63,-10,136,1021000093,39,24,1,1,1,1,1,1,1,73,63,-10,63,-15,home,home,39,-15
7/3/2010,300703006,2010,LAS,SEA,home,9,-110,149.5,-110,62,75,13,137,1021000094,33,43,0,0,0,0,0,0,0,62,75,13,76,10,away,home,33,10
7/3/2010,300703020,2010,ATL,CHI,home,-6.5,-110,166,-110,82,88,6,170,1021000095,45,45,1,0,0,0,0,1,0,82,88,6,90,0,tie,home,45,0
7/3/2010,300703003,2010,TUL,WAS,home,6.5,-110,162.5,-110,54,69,15,123,1021000096,19,30,0,1,0,0,0,0,0,54,69,15,49,11,away,home,19,11
7/3/2010,300703011,2010,PHO,NYL,home,-5,-110,185,-110,97,82,-15,179,1021000097,50,42,1,1,1,1,1,1,1,97,82,-15,92,-8,home,home,50,-8
7/6/2010,300706014,2010,SEA,NYL,home,-8,-110,151.5,-110,78,70,-8,148,1021000098,37,41,0,0,0,0,0,0,0,78,70,-8,78,4,away,home,37,4
7/6/2010,300706017,2010,SAS,CON,home,-2.5,-110,156.5,-110,79,66,-13,145,1021000100,40,38,1,1,1,1,1,1,1,79,66,-13,78,-2,home,home,40,-2
7/6/2010,300706019,2010,CHI,IND,home,2.5,-110,146.5,-110,51,58,7,109,1021000099,21,39,0,0,0,0,0,0,0,51,58,7,60,18,away,home,21,18
7/6/2010,300706006,2010,LAS,PHO,home,5,-110,178.5,-110,89,98,9,187,1021000101,37,56,0,0,0,0,0,0,0,89,98,9,93,19,away,home,37,19
7/7/2010,300707020,2010,ATL,CON,home,-7.5,-110,169,-110,108,103,-5,211,1021000102,54,51,0,0,1,1,1,1,1,108,103,-5,105,-3,home,home,54,-3
7/8/2010,300708005,2010,IND,TUL,home,-14.5,-110,154.5,-110,100,72,-28,172,1021000103,56,34,0,1,1,1,1,1,1,100,72,-28,90,-22,home,home,56,-22
7/8/2010,300708008,2010,MIN,SAS,home,-2.5,-110,152.5,-110,89,66,-23,155,1021000104,42,32,1,1,1,1,1,1,1,89,66,-23,74,-10,home,home,42,-10
7/11/2010,300711009,2010,NYL,CHI,home,-4,-110,151.5,-110,57,54,-3,111,1021000105,26,35,1,0,0,0,0,0,0,57,54,-3,61,9,away,home,26,9
7/13/2010,300713003,2010,TUL,LAS,home,-2,-110,163,-110,71,87,16,158,1021000106,41,36,0,0,0,0,1,1,1,71,87,16,77,-5,home,home,41,-5
7/14/2010,300714019,2010,CHI,SAS,home,-7,-110,148.5,-110,88,61,-27,149,1021000107,36,22,1,1,1,1,1,1,1,88,61,-27,58,-14,home,home,36,-14
7/14/2010,300714008,2010,MIN,ATL,home,2,-110,167.5,-110,83,81,-2,164,1021000109,44,32,1,1,1,1,1,1,1,83,81,-2,76,-12,home,home,44,-12
7/14/2010,300714005,2010,IND,CON,home,-7.5,-110,153.5,-110,68,77,9,145,1021000108,38,34,1,1,1,1,1,1,1,68,77,9,72,-4,home,home,38,-4
7/14/2010,300714011,2010,PHO,SEA,home,2.5,-110,178.5,-110,107,111,4,218,1021000110,43,41,1,0,0,1,0,1,1,107,111,4,84,-2,home,home,43,-2
7/15/2010,300715009,2010,NYL,WAS,home,-1,-110,146,-110,75,67,-8,142,1021000111,28,28,1,0,0,0,0,0,1,75,67,-8,56,0,tie,home,28,0
7/16/2010,300716005,2010,IND,ATL,home,-6.5,-110,162,-110,89,70,-19,159,1021000112,41,37,0,0,1,1,1,1,1,89,70,-19,78,-4,home,home,41,-4
7/16/2010,300716017,2010,SAS,TUL,home,-9.5,-110,163.5,-110,70,75,5,145,1021000113,37,35,0,0,0,0,0,0,1,70,75,5,72,-2,home,home,37,-2
7/16/2010,300716019,2010,CHI,LAS,home,-9,-110,148,-110,80,68,-12,148,1021000114,43,30,1,1,1,1,1,1,1,80,68,-12,73,-13,home,home,43,-13
7/17/2010,300717008,2010,MIN,SEA,home,5.5,-110,152,-110,71,73,2,144,1021000115,37,36,1,1,0,0,1,0,0,71,73,2,73,-1,home,home,37,-1
7/17/2010,300717018,2010,CON,ATL,home,-5.5,-110,172,-110,96,80,-16,176,1021000116,39,41,1,1,0,0,0,0,0,96,80,-16,80,2,away,home,39,2
7/17/2010,300717011,2010,PHO,TUL,home,-14.5,-110,194,-110,97,88,-9,185,1021000117,47,45,1,1,1,1,1,1,1,97,88,-9,92,-2,home,home,47,-2
7/18/2010,300718017,2010,SAS,LAS,home,-7,-110,150.5,-110,83,73,-10,156,1021000118,37,34,1,1,1,1,1,1,1,83,73,-10,71,-3,home,home,37,-3
7/18/2010,300718009,2010,NYL,IND,home,2.5,-110,144,-110,81,84,3,165,1021000119,37,38,1,1,0,1,1,1,0,81,84,3,75,1,away,home,37,1
7/18/2010,300718016,2010,WAS,CHI,home,-6,-110,145,-110,59,61,2,120,1021000120,34,42,1,1,1,1,1,0,0,59,61,2,76,8,away,home,34,8
7/20/2010,300720017,2010,SAS,SEA,home,6,-110,150.5,-110,74,80,6,154,1021000121,41,40,1,1,1,1,0,1,0,74,80,6,81,-1,home,home,41,-1
7/20/2010,300720006,2010,LAS,TUL,home,-7,-110,160,-110,86,83,-3,169,1021000122,37,35,1,1,0,0,1,0,1,86,83,-3,72,-2,home,home,37,-2
7/20/2010,300720018,2010,CON,NYL,home,-6,-110,156,-110,74,82,8,156,1021000123,30,40,0,0,0,0,0,0,0,74,82,8,70,10,away,home,30,10
7/21/2010,300721016,2010,WAS,ATL,home,-3.5,-110,158.5,-110,82,72,-10,154,1021000124,41,29,1,1,1,1,1,1,1,82,72,-10,70,-12,home,home,41,-12
7/22/2010,300722005,2010,IND,LAS,home,-11,-110,149,-110,76,57,-19,133,1021000125,35,36,0,0,0,0,0,1,1,76,57,-19,71,1,away,home,35,1
7/22/2010,300722003,2010,TUL,PHO,home,7,-110,190,-110,91,123,32,214,1021000127,41,67,0,0,0,0,0,0,0,91,123,32,108,26,away,home,41,26
7/22/2010,300722008,2010,MIN,SAS,home,-5.5,-110,152,-110,72,74,2,146,1021000126,40,35,0,0,0,1,0,1,1,72,74,2,75,-5,home,home,40,-5
7/23/2010,300723019,2010,CHI,NYL,home,-4.5,-110,145,-110,71,79,8,150,1021000128,44,37,0,0,0,1,1,1,1,71,79,8,81,-7,home,home,44,-7
7/24/2010,300724016,2010,WAS,IND,home,1,-110,140.5,-110,73,78,5,151,1021000130,31,39,0,0,0,0,0,0,0,73,78,5,70,8,away,home,31,8
7/24/2010,300724018,2010,CON,LAS,home,-9,-110,154.5,-110,80,89,9,169,1021000129,35,45,1,0,0,0,0,0,0,80,89,9,80,10,away,home,35,10
7/24/2010,300724017,2010,SAS,CHI,home,-2.5,-110,147.5,-110,72,75,3,147,1021000132,40,35,0,0,0,1,1,1,1,72,75,3,75,-5,home,home,40,-5
7/24/2010,300724008,2010,MIN,PHO,home,1.5,-110,183.5,-110,124,127,3,251,1021000131,54,47,1,1,1,1,1,1,1,124,127,3,101,-7,home,home,54,-7
7/25/2010,300725020,2010,ATL,NYL,home,-5,-110,162.5,-110,82,75,-7,157,1021000133,33,41,1,1,0,0,0,0,0,82,75,-7,74,8,away,home,33,8
7/25/2010,300725014,2010,SEA,TUL,home,-15.5,-110,164,-110,75,59,-16,134,1021000134,40,32,0,1,0,0,1,1,1,75,59,-16,72,-8,home,home,40,-8
7/27/2010,300727003,2010,TUL,ATL,home,8,-110,174,-110,89,105,16,194,1021000135,34,59,0,0,0,0,0,0,0,89,105,16,93,25,away,home,34,25
7/27/2010,300727005,2010,IND,CHI,home,-7.5,-110,142,-110,78,74,-4,152,1021000136,48,32,1,1,1,1,1,1,1,78,74,-4,80,-16,home,home,48,-16
7/27/2010,300727009,2010,NYL,SAS,home,-6.5,-110,151,-110,77,72,-5,149,1021000138,36,36,1,1,1,1,1,1,0,77,72,-5,72,0,tie,home,36,0
7/27/2010,300727018,2010,CON,WAS,home,-3.5,-110,151.5,-110,88,78,-10,166,1021000137,43,31,0,1,1,1,1,1,1,88,78,-10,74,-12,home,home,43,-12
7/27/2010,300727008,2010,MIN,LAS,home,-6.5,-110,154.5,-110,58,71,13,129,1021000139,26,29,1,1,1,0,0,0,0,58,71,13,55,3,away,home,26,3
7/27/2010,300727014,2010,SEA,PHO,home,-7.5,-110,180,-110,91,85,-6,176,1021000140,38,56,0,0,0,0,0,0,0,91,85,-6,94,18,away,home,38,18
7/29/2010,300729016,2010,WAS,SAS,home,-7.5,-110,148,-110,75,79,4,154,1021000141,31,28,0,0,0,1,1,1,0,75,79,4,59,-3,home,home,31,-3
7/29/2010,300729011,2010,PHO,MIN,home,-8.5,-110,189.5,-110,110,92,-18,202,1021000142,69,50,1,1,1,1,1,1,1,110,92,-18,119,-19,home,home,69,-19
7/30/2010,300730005,2010,IND,WAS,home,-7,-110,145,-110,73,77,4,150,1021000143,43,35,0,1,1,1,1,1,1,73,77,4,78,-8,home,home,43,-8
7/30/2010,300730009,2010,NYL,LAS,home,-7,-110,148.5,-110,88,79,-9,167,1021000145,45,43,1,1,1,0,1,1,1,88,79,-9,88,-2,home,home,45,-2
7/30/2010,300730018,2010,CON,ATL,home,-4,-110,176,-110,62,94,32,156,1021000144,36,53,0,0,0,0,0,0,0,62,94,32,89,17,away,home,36,17
7/30/2010,300730003,2010,TUL,SAS,home,5,-110,159.5,-110,85,101,16,186,1021000146,39,47,1,1,1,0,0,0,0,85,101,16,86,8,away,home,39,8
7/30/2010,300730014,2010,SEA,CHI,home,-7.5,-110,147,-110,80,60,-20,140,1021000147,55,31,1,1,1,1,1,1,1,80,60,-20,86,-24,home,home,55,-24
8/1/2010,300801020,2010,ATL,IND,home,-2.5,-110,162,-110,90,74,-16,164,1021000148,45,35,1,1,1,1,1,1,1,90,74,-16,80,-10,home,home,45,-10
8/1/2010,300801009,2010,NYL,CON,home,-3,-110,156,-110,71,67,-4,138,1021000149,34,33,1,1,1,1,1,0,1,71,67,-4,67,-1,home,home,34,-1
8/1/2010,300801016,2010,WAS,TUL,home,-12.5,-110,157.5,-110,87,62,-25,149,1021000150,44,25,1,1,1,1,1,1,1,87,62,-25,69,-19,home,home,44,-19
8/1/2010,300801011,2010,PHO,CHI,home,-7.5,-110,182.5,-110,97,96,-1,193,1021000151,45,44,0,0,0,0,0,0,0,97,96,-1,89,-1,home,home,45,-1
8/1/2010,300801008,2010,MIN,SEA,home,5.5,-110,152,-110,72,71,-1,143,1021000152,39,31,0,0,0,1,1,1,1,72,71,-1,70,-8,home,home,39,-8
8/3/2010,300803005,2010,IND,NYL,home,-7.5,-110,147.5,-110,72,82,10,154,1021000153,29,40,0,0,0,0,0,0,0,72,82,10,69,11,away,home,29,11
8/3/2010,300803020,2010,ATL,WAS,home,-6,-110,161,-110,78,86,8,164,1021000154,31,39,0,0,0,0,0,0,0,78,86,8,70,8,away,home,31,8
8/3/2010,300803017,2010,SAS,PHO,home,3.5,-110,188.5,-110,92,103,11,195,1021000157,48,47,1,1,1,1,1,1,1,92,103,11,95,-1,home,home,48,-1
8/3/2010,300803003,2010,TUL,SEA,home,12.5,-110,159,-110,84,75,-9,159,1021000156,48,41,0,1,0,0,1,1,1,84,75,-9,89,-7,home,home,48,-7
8/3/2010,300803008,2010,MIN,CON,home,1,-110,160.5,-110,111,103,-8,214,1021000155,58,36,1,1,1,1,1,1,1,111,103,-8,94,-22,home,home,58,-22
8/4/2010,300804006,2010,LAS,CHI,home,3,-110,147,-110,82,77,-5,159,1021000158,40,36,1,1,1,1,1,1,1,82,77,-5,76,-4,home,home,40,-4
8/5/2010,300805014,2010,SEA,CON,home,-9.5,-110,156,-110,83,82,-1,165,1021000159,45,37,1,1,1,1,1,1,1,83,82,-1,82,-8,home,home,45,-8
8/6/2010,300806005,2010,IND,ATL,home,-6,-110,163,-110,95,93,-2,188,1021000160,45,39,0,0,0,0,0,1,1,95,93,-2,84,-6,home,home,45,-6
8/6/2010,300806009,2010,NYL,WAS,home,-4,-110,148,-110,85,77,-8,162,1021000161,40,26,0,0,0,1,1,1,1,85,77,-8,66,-14,home,home,40,-14
8/6/2010,300806011,2010,PHO,SAS,home,-9.5,-110,192.5,-110,103,87,-16,190,1021000162,55,40,1,1,1,1,1,1,1,103,87,-16,95,-15,home,home,55,-15
8/6/2010,300806006,2010,LAS,TUL,home,-8.5,-110,160.5,-110,77,70,-7,147,1021000163,26,34,0,0,0,0,0,0,0,77,70,-7,60,8,away,home,26,8
8/7/2010,300807019,2010,CHI,MIN,home,-7,-110,154.5,-110,82,87,5,169,1021000164,49,33,1,1,1,1,1,1,1,82,87,5,82,-16,home,home,49,-16
8/7/2010,300807014,2010,SEA,TUL,home,-15,-110,157.5,-110,111,65,-46,176,1021000165,60,27,1,1,1,1,1,1,1,111,65,-46,87,-33,home,home,60,-33
8/8/2010,300808018,2010,CON,WAS,home,-5,-110,155,-110,76,67,-9,143,1021000166,34,37,0,0,0,0,0,0,1,76,67,-9,71,3,away,home,34,3
8/8/2010,300808011,2010,PHO,IND,home,-3.5,-110,186.5,-110,82,104,22,186,1021000167,46,53,1,1,0,1,1,0,0,82,104,22,99,7,away,home,46,7
8/8/2010,300808008,2010,MIN,NYL,home,4,-110,154.5,-110,72,74,2,146,1021000168,34,38,0,0,1,0,0,0,0,72,74,2,72,4,away,home,34,4
8/8/2010,300808006,2010,LAS,SAS,home,-3.5,-110,152.5,-110,83,92,9,175,1021000169,34,44,1,1,0,0,0,0,0,83,92,9,78,10,away,home,34,10
8/10/2010,300810016,2010,WAS,CON,home,-4,-110,151.25,-110,84,74,-10,158,1021000170,37,34,1,1,1,1,1,1,1,84,74,-10,71,-3,home,home,37,-3
8/10/2010,300810020,2010,ATL,SEA,home,-4.5,-110,166,-110,70,80,10,150,1021000171,31,32,1,1,1,1,0,1,1,70,80,10,63,1,away,home,31,1
8/10/2010,300810017,2010,SAS,MIN,home,-4.5,-110,157,-110,66,73,7,139,1021000173,35,43,0,0,0,0,0,0,0,66,73,7,78,8,away,home,35,8
8/10/2010,300810019,2010,CHI,PHO,home,-2,-110,187,-110,91,82,-9,173,1021000172,35,44,0,1,0,0,0,0,0,91,82,-9,79,9,away,home,35,9
8/10/2010,300810006,2010,LAS,IND,home,5.5,-110,152.25,-110,76,82,6,158,1021000174,38,40,0,0,0,0,0,0,0,76,82,6,78,2,away,home,38,2
8/12/2010,300812008,2010,MIN,LAS,home,-6,-110,153.5,-110,77,78,1,155,1021000175,42,33,1,1,1,1,1,1,1,77,78,1,75,-9,home,home,42,-9
8/13/2010,300813016,2010,WAS,MIN,home,-8.5,-110,152,-110,61,58,-3,119,1021000176,29,40,1,0,0,0,0,0,0,61,58,-3,69,11,away,home,29,11
8/13/2010,300813005,2010,IND,PHO,home,-5,-110,185,-110,110,90,-20,200,1021000178,54,46,1,1,1,1,1,1,1,110,90,-20,100,-8,home,home,54,-8
8/13/2010,300813020,2010,ATL,NYL,home,-5.5,-110,162.5,-110,83,90,7,173,1021000177,37,44,1,1,0,0,0,0,0,83,90,7,81,7,away,home,37,7
8/13/2010,300813018,2010,CON,SEA,home,-4.5,-110,154.5,-110,88,68,-20,156,1021000179,52,33,1,1,1,1,1,1,1,88,68,-20,85,-19,home,home,52,-19
8/13/2010,300813017,2010,SAS,TUL,home,-11,-110,163.5,-110,94,74,-20,168,1021000180,47,46,0,0,0,1,1,1,1,94,74,-20,93,-1,home,home,47,-1
8/14/2010,300814009,2010,NYL,PHO,home,-5,-110,186,-110,107,69,-38,176,1021000181,61,42,1,0,1,1,1,1,1,107,69,-38,103,-19,home,home,61,-19
8/14/2010,300814003,2010,TUL,LAS,home,7,-110,161.5,-110,87,92,5,179,1021000183,39,54,0,0,0,0,0,0,0,87,92,5,93,15,away,home,39,15
8/14/2010,300814019,2010,CHI,ATL,home,1,-110,165,-110,74,98,24,172,1021000182,32,57,1,1,0,0,0,0,0,74,98,24,89,25,away,home,32,25
8/15/2010,300815016,2010,WAS,SEA,home,-8,-110,146,-110,80,71,-9,151,1021000184,32,36,1,0,1,0,0,0,0,80,71,-9,68,4,away,home,32,4
8/15/2010,300815018,2010,CON,IND,home,1,-110,157.75,-110,66,79,13,145,1021000185,37,42,0,0,0,0,0,0,0,66,79,13,79,5,away,home,37,5
8/15/2010,300815008,2010,MIN,SAS,home,-4.5,-110,154.5,-110,84,78,-6,162,1021000186,38,29,0,0,1,1,1,1,1,84,78,-6,67,-9,home,home,38,-9
8/17/2010,300817020,2010,ATL,CHI,home,-8,-110,168,-110,79,84,5,163,1021000187,45,43,0,0,0,0,1,1,0,79,84,5,88,-2,home,home,45,-2
8/17/2010,300817009,2010,NYL,IND,home,-2.5,-110,149.5,-110,78,57,-21,135,1021000189,30,27,0,0,0,1,1,1,1,78,57,-21,57,-3,home,home,30,-3
8/17/2010,300817018,2010,CON,TUL,home,-12,-110,173,-110,90,62,-28,152,1021000188,41,34,0,1,1,1,1,1,1,90,62,-28,75,-7,home,home,41,-7
8/17/2010,300817017,2010,SAS,WAS,home,-1.5,-110,149,-110,66,76,10,142,1021000190,32,36,0,0,0,1,0,0,0,66,76,10,68,4,away,home,32,4
8/17/2010,300817014,2010,SEA,MIN,home,-7,-110,153.5,-110,68,64,-4,132,1021000191,28,39,0,0,0,0,0,0,0,68,64,-4,67,11,away,home,28,11
8/17/2010,300817006,2010,LAS,PHO,home,-1.5,-110,186.5,-110,84,90,6,174,1021000192,40,49,1,0,0,0,0,0,0,84,90,6,89,9,away,home,40,9
8/19/2010,300819009,2010,NYL,TUL,home,-15.5,-110,163,-110,95,85,-10,180,1021000193,43,46,0,0,0,0,0,1,0,95,85,-10,89,3,away,home,43,3
8/20/2010,300820016,2010,WAS,NYL,home,-3.5,-110,145,-110,75,74,-1,149,1021000194,35,31,0,1,1,1,1,1,1,75,74,-1,66,-4,home,home,35,-4
8/20/2010,300820017,2010,SAS,IND,home,5,-110,150.5,-110,75,61,-14,136,1021000195,37,27,1,1,1,1,1,1,1,75,61,-14,64,-10,home,home,37,-10
8/20/2010,300820019,2010,CHI,CON,home,-3,-110,159.5,-110,71,78,7,149,1021000196,41,34,1,1,0,0,0,1,1,71,78,7,75,-7,home,home,41,-7
8/20/2010,300820011,2010,PHO,SEA,home,-3,-110,172,-110,73,78,5,151,1021000197,35,34,0,1,1,0,1,1,1,73,78,5,69,-1,home,home,35,-1
8/20/2010,300820006,2010,LAS,MIN,home,-3.5,-110,155.5,-110,98,91,-7,189,1021000198,39,44,0,1,0,0,0,0,0,98,91,-7,83,5,away,home,39,5
8/21/2010,300821003,2010,TUL,CHI,home,4,-110,164.75,-110,84,71,-13,155,1021000199,36,37,1,1,1,1,1,0,0,84,71,-13,73,1,away,home,36,1
8/21/2010,300821014,2010,SEA,LAS,home,-8,-110,152.5,-110,76,75,-1,151,1021000200,39,36,0,0,0,1,1,0,1,76,75,-1,75,-3,home,home,39,-3
8/22/2010,300822017,2010,SAS,PHO,home,-5,-110,173,-110,83,82,-1,165,1021000202,37,35,1,1,0,0,0,0,1,83,82,-1,72,-2,home,home,37,-2
8/22/2010,300822020,2010,ATL,WAS,home,4,-110,161,-110,81,90,9,171,1021000201,37,54,0,0,0,0,0,0,0,81,90,9,91,17,away,home,37,17
8/22/2010,300822009,2010,NYL,CON,home,-6.5,-110,153.5,-110,88,87,-1,175,1021000203,43,34,1,1,1,1,1,1,1,88,87,-1,77,-9,home,home,43,-9
8/22/2010,300822005,2010,IND,MIN,home,-8.5,-110,152.75,-110,79,83,4,162,1021000204,46,33,1,1,1,1,1,1,1,79,83,4,79,-13,home,home,46,-13
8/25/2010,300825016,2010,WAS,ATL,home,-5,-110,158.5,-110,90,95,5,185,1041000101,33,48,0,1,0,0,0,0,0,90,95,5,81,15,away,home,33,15
8/25/2010,300825014,2010,SEA,LAS,home,-11.5,-110,150.5,-110,79,66,-13,145,1041000121,43,33,1,1,1,1,1,1,1,79,66,-13,76,-10,home,home,43,-10
8/26/2010,300826009,2010,NYL,IND,home,-3,-110,146.5,-110,85,73,-12,158,1041000111,48,47,0,0,0,0,0,0,0,85,73,-12,95,-1,home,home,48,-1
8/26/2010,300826011,2010,PHO,SAS,home,-8.5,-110,186.5,-110,106,93,-13,199,1041000131,46,39,1,1,1,1,1,1,1,106,93,-13,85,-7,home,home,46,-7
8/27/2010,300827020,2010,ATL,WAS,home,-1,-110,163,-110,101,77,-24,178,1041000102,50,28,0,0,0,1,1,1,1,101,77,-24,78,-22,home,home,50,-22
8/28/2010,300828017,2010,SAS,PHO,home,4.5,-110,186.5,-110,73,92,19,165,1041000132,30,48,0,0,0,0,0,0,0,73,92,19,78,18,away,home,30,18
8/28/2010,300828006,2010,LAS,SEA,home,6.5,-110,148.5,-110,66,81,15,147,1041000122,36,42,1,1,1,1,0,0,0,66,81,15,78,6,away,home,36,6
8/29/2010,300829005,2010,IND,NYL,home,-4,-110,146.5,-110,75,67,-8,142,1041000112,39,27,1,1,1,1,1,1,1,75,67,-8,66,-12,home,home,39,-12
9/1/2010,300901009,2010,NYL,IND,home,-4,-110,146.5,-110,77,74,-3,151,1041000113,46,47,0,0,0,0,1,1,1,77,74,-3,93,1,away,home,46,1
9/2/2010,300902014,2010,SEA,PHO,home,-7,-110,175.5,-110,82,74,-8,156,1041000211,47,33,1,1,1,1,1,1,1,82,74,-8,80,-14,home,home,47,-14
9/5/2010,300905011,2010,PHO,SEA,home,-1,-110,171,-110,88,91,3,179,1041000212,48,40,1,1,1,1,0,1,1,88,91,3,88,-8,home,home,48,-8
9/5/2010,300905009,2010,NYL,ATL,home,-4.5,-110,165,-110,75,81,6,156,1041000201,39,44,0,1,0,0,0,0,0,75,81,6,83,5,away,home,39,5
9/7/2010,300907020,2010,ATL,NYL,home,-4,-110,162.5,-110,105,93,-12,198,1041000202,55,44,1,1,1,1,1,1,1,105,93,-12,99,-11,home,home,55,-11
9/12/2010,300912014,2010,SEA,ATL,home,-7.5,-110,164,-110,79,77,-2,156,1041000301,39,39,1,1,1,1,0,1,1,79,77,-2,78,0,tie,home,39,0
9/14/2010,300914014,2010,SEA,ATL,home,-7,-110,164.5,-110,87,84,-3,171,1041000302,49,47,0,0,0,1,1,1,1,87,84,-3,96,-2,home,home,49,-2
9/16/2010,300916020,2010,ATL,SEA,home,-3.5,-110,166,-110,84,87,3,171,1041000303,44,43,0,0,0,0,0,0,1,84,87,3,87,-1,home,home,44,-1
5/15/2010,300515011,2010,LAS,PHO,away,6.5,-110,176.25,-110,77,78,1,155,1021000001,42,35,0,1,1,1,1,1,0,78,77,-1,77,-7,home,away,35,7
5/15/2010,300515018,2010,CHI,CON,away,2.5,-110,154.5,-110,61,74,13,135,1021000002,42,33,0,0,0,0,0,0,0,74,61,-13,75,-9,home,away,33,9
5/15/2010,300515005,2010,WAS,IND,away,6.5,-110,145.5,-110,72,65,-7,137,1021000003,31,37,0,0,1,0,1,1,1,65,72,7,68,6,away,away,37,-6
5/15/2010,300515017,2010,ATL,SAS,away,5,-110,168.75,-110,75,70,-5,145,1021000005,32,40,1,1,1,1,1,1,1,70,75,5,72,8,away,away,40,-8
5/15/2010,300515003,2010,MIN,TUL,away,5.5,-110,165.5,-110,80,74,-6,154,1021000004,36,36,1,1,1,1,1,1,1,74,80,6,72,0,tie,away,36,-0
5/16/2010,300516009,2010,CHI,NYL,away,6.5,-110,152,-110,82,85,3,167,1021000006,47,45,0,0,0,0,1,0,1,85,82,-3,92,-2,home,away,45,2
5/16/2010,300516008,2010,WAS,MIN,away,3.5,-110,151,-110,87,76,-11,163,1021000008,43,38,0,0,0,0,0,0,0,76,87,11,81,-5,home,away,38,5
5/16/2010,300516020,2010,IND,ATL,away,1,-110,154.5,-110,62,66,4,128,1021000007,37,38,0,1,1,0,0,1,1,66,62,-4,75,1,away,away,38,-1
5/16/2010,300516014,2010,LAS,SEA,away,6,-110,142.5,-110,67,81,14,148,1021000009,43,36,0,1,1,1,0,0,0,81,67,-14,79,-7,home,away,36,7
5/19/2010,300519014,2010,MIN,SEA,away,11,-110,149.5,-110,76,79,3,155,1021000010,40,45,1,1,1,1,1,1,1,79,76,-3,85,5,away,away,45,-5
5/20/2010,300520003,2010,SAS,TUL,away,-1.5,-110,163,-110,83,74,-9,157,1021000011,41,41,1,1,1,1,1,1,1,74,83,9,82,0,tie,away,41,-0
5/21/2010,300521016,2010,NYL,WAS,away,3.5,-110,153.5,-110,61,77,16,138,1021000012,31,28,1,1,1,1,0,1,1,77,61,-16,59,-3,home,away,28,3
5/21/2010,300521020,2010,CON,ATL,away,5,-110,157.25,-110,82,97,15,179,1021000013,51,32,1,0,0,0,0,0,0,97,82,-15,83,-19,home,away,32,19
5/22/2010,300522017,2010,LAS,SAS,away,1,-110,151,-110,81,88,7,169,1021000015,47,36,0,0,0,0,0,0,0,88,81,-7,83,-11,home,away,36,11
5/22/2010,300522019,2010,IND,CHI,away,-1,-110,148.75,-110,92,86,-6,178,1021000014,52,50,0,0,0,0,0,0,0,86,92,6,102,-2,home,away,50,2
5/22/2010,300522011,2010,SEA,PHO,away,4.5,-110,168,-110,95,89,-6,184,1021000016,40,44,1,1,1,1,1,1,1,89,95,6,84,4,away,away,44,-4
5/23/2010,300523018,2010,WAS,CON,away,3,-110,152,-110,65,80,15,145,1021000017,31,28,1,1,0,0,0,0,0,80,65,-15,59,-3,home,away,28,3
5/23/2010,300523009,2010,ATL,NYL,away,3,-110,165.75,-110,86,77,-9,163,1021000018,42,37,0,0,0,0,0,0,0,77,86,9,79,-5,home,away,37,5
5/23/2010,300523005,2010,CHI,IND,away,6.5,-110,149.75,-110,61,69,8,130,1021000019,33,39,0,0,0,0,0,1,1,69,61,-8,72,6,away,away,39,-6
5/23/2010,300523008,2010,TUL,MIN,away,6.5,-110,159.75,-110,94,82,-12,176,1021000020,38,52,1,1,1,1,1,1,1,82,94,12,90,14,away,away,52,-14
5/25/2010,300525003,2010,PHO,TUL,away,-5,-110,175.5,-110,110,96,-14,206,1021000021,53,58,1,1,1,1,1,1,1,96,110,14,111,5,away,away,58,-5
5/25/2010,300525014,2010,WAS,SEA,away,8,-110,143,-110,76,82,6,158,1021000022,27,38,1,1,1,1,1,1,1,82,76,-6,65,11,away,away,38,-11
5/27/2010,300527018,2010,MIN,CON,away,5.5,-110,159.5,-110,79,105,26,184,1021000023,55,41,0,0,0,0,0,0,0,105,79,-26,96,-14,home,away,41,14
5/27/2010,300527019,2010,SEA,CHI,away,-2,-110,145.5,-110,75,84,9,159,1021000024,42,29,0,0,0,0,0,0,0,84,75,-9,71,-13,home,away,29,13
5/28/2010,300528017,2010,NYL,SAS,away,6,-110,154.5,-110,77,71,-6,148,1021000025,31,34,1,1,1,1,1,1,1,71,77,6,65,3,away,away,34,-3
5/28/2010,300528011,2010,ATL,PHO,away,4.5,-110,187,-110,96,93,-3,189,1021000026,46,65,1,1,1,1,1,1,1,93,96,3,111,19,away,away,65,-19
5/28/2010,300528006,2010,WAS,LAS,away,6,-110,152.5,-110,75,81,6,156,1021000027,44,30,0,0,0,0,0,0,0,81,75,-6,74,-14,home,away,30,14
5/29/2010,300529008,2010,CHI,MIN,away,3.5,-110,161,-110,73,58,-15,131,1021000028,25,36,1,1,1,1,1,1,1,58,73,15,61,11,away,away,36,-11
5/29/2010,300529003,2010,IND,TUL,away,-6.5,-110,158.5,-110,74,79,5,153,1021000029,40,35,1,1,0,0,0,0,0,79,74,-5,75,-5,home,away,35,5
5/30/2010,300530017,2010,SEA,SAS,away,1.5,-110,149.75,-110,84,56,-28,140,1021000030,30,52,1,1,1,1,1,1,1,56,84,28,82,22,away,away,52,-22
5/30/2010,300530016,2010,CON,WAS,away,3.5,-110,150.5,-110,65,69,4,134,1021000031,33,26,0,0,0,0,0,0,0,69,65,-4,59,-7,home,away,26,7
5/30/2010,300530006,2010,ATL,LAS,away,1.5,-110,161.25,-110,101,82,-19,183,1021000032,45,42,0,0,0,0,0,0,0,82,101,19,87,-3,home,away,42,3
6/1/2010,300601008,2010,PHO,MIN,away,-6,-110,184,-110,82,92,10,174,1021000033,40,38,0,1,1,1,1,1,0,92,82,-10,78,-2,home,away,38,2
6/1/2010,300601014,2010,ATL,SEA,away,5,-110,163.5,-110,72,90,18,162,1021000034,39,27,0,0,0,0,0,0,0,90,72,-18,66,-12,home,away,27,12
6/3/2010,300603005,2010,SAS,IND,away,5.5,-110,147,-110,57,79,22,136,1021000035,37,23,0,0,0,0,0,0,0,79,57,-22,60,-14,home,away,23,14
6/4/2010,300604020,2010,CHI,ATL,away,6.5,-110,165,-110,80,70,-10,150,1021000036,35,40,1,0,1,1,1,1,1,70,80,10,75,5,away,away,40,-5
6/4/2010,300604018,2010,NYL,CON,away,6,-110,153,-110,68,75,7,143,1021000037,33,27,1,1,0,0,0,0,0,75,68,-7,60,-6,home,away,27,6
6/4/2010,300604003,2010,MIN,TUL,away,2,-110,166,-110,79,92,13,171,1021000038,49,40,1,0,0,0,0,0,0,92,79,-13,89,-9,home,away,40,9
6/4/2010,300604011,2010,LAS,PHO,away,5.5,-110,177,-110,89,90,1,179,1021000039,40,43,1,1,1,1,1,1,1,90,89,-1,83,3,away,away,43,-3
6/5/2010,300605016,2010,ATL,WAS,away,2.5,-110,157,-110,86,79,-7,165,1021000040,40,37,1,0,1,1,1,1,0,79,86,7,77,-3,home,away,37,3
6/5/2010,300605005,2010,NYL,IND,away,7.5,-110,144.5,-110,73,78,5,151,1021000041,35,32,0,0,0,0,0,0,0,78,73,-5,67,-3,home,away,32,3
6/5/2010,300605019,2010,TUL,CHI,away,7.5,-110,159.5,-110,70,95,25,165,1021000042,41,34,0,0,0,0,0,0,0,95,70,-25,75,-7,home,away,34,7
6/5/2010,300605006,2010,SEA,LAS,away,-4,-110,149,-110,79,75,-4,154,1021000043,31,39,1,1,1,1,1,1,1,75,79,4,70,8,away,away,39,-8
6/6/2010,300606018,2010,SAS,CON,away,7,-110,147.5,-110,68,81,13,149,1021000044,34,30,1,1,1,0,0,0,0,81,68,-13,64,-4,home,away,30,4
6/6/2010,300606008,2010,IND,MIN,away,-2,-110,151,-110,89,51,-38,140,1021000045,31,51,1,1,1,1,1,1,1,51,89,38,82,20,away,away,51,-20
6/6/2010,300606014,2010,PHO,SEA,away,5,-110,170.75,-110,74,97,23,171,1021000046,50,35,0,0,0,0,0,0,0,97,74,-23,85,-15,home,away,35,15
6/8/2010,300608019,2010,NYL,CHI,away,6,-110,148.5,-110,85,70,-15,155,1021000047,31,41,0,0,0,0,1,1,1,70,85,15,72,10,away,away,41,-10
6/8/2010,300608006,2010,PHO,LAS,away,4,-110,178.5,-110,91,92,1,183,1021000048,44,43,1,1,0,0,0,0,0,92,91,-1,87,-1,home,away,43,1
6/10/2010,300610011,2010,MIN,PHO,away,6.5,-110,182.5,-110,88,99,11,187,1021000049,46,48,0,0,0,0,0,0,0,99,88,-11,94,2,away,away,48,-2
6/11/2010,300611009,2010,ATL,NYL,away,2.5,-110,165,-110,79,91,12,170,1021000051,41,34,0,0,0,0,0,0,0,91,79,-12,75,-7,home,away,34,7
6/11/2010,300611018,2010,IND,CON,away,2.5,-110,146.5,-110,77,86,9,163,1021000050,45,39,0,0,0,0,0,0,0,86,77,-9,84,-6,home,away,39,6
6/11/2010,300611017,2010,TUL,SAS,away,6.5,-110,161,-110,75,87,12,162,1021000052,30,32,0,1,0,1,1,0,0,87,75,-12,62,2,away,away,32,-2
6/11/2010,300611019,2010,WAS,CHI,away,4.5,-110,148,-110,95,78,-17,173,1021000053,42,45,1,1,1,1,1,1,1,78,95,17,87,3,away,away,45,-3
6/11/2010,300611014,2010,LAS,SEA,away,8,-110,155,-110,60,82,22,142,1021000054,42,29,0,0,0,0,0,0,0,82,60,-22,71,-13,home,away,29,13
6/12/2010,300612016,2010,NYL,WAS,away,4,-110,150,-110,65,82,17,147,1021000055,43,31,0,0,0,0,0,0,0,82,65,-17,74,-12,home,away,31,12
6/12/2010,300612011,2010,TUL,PHO,away,10,-110,190,-110,84,116,32,200,1021000057,59,46,0,0,0,0,0,0,0,116,84,-32,105,-13,home,away,46,13
6/13/2010,300613020,2010,SAS,ATL,away,7,-110,162.5,-110,83,90,7,173,1021000056,37,39,1,1,1,1,1,1,1,90,83,-7,76,2,away,away,39,-2
6/13/2010,300613006,2010,LAS,MIN,home,-5.5,-110,163,-110,88,84,-4,172,1021000059,42,39,1,1,1,1,1,0,1,88,84,-4,81,-3,home,home,42,-3
6/13/2010,300613005,2010,CON,IND,away,5.5,-110,148.5,-110,67,77,10,144,1021000058,42,26,1,0,0,0,0,0,0,77,67,-10,68,-16,home,away,26,16
6/15/2010,300615019,2010,ATL,CHI,away,3,-110,165,-110,93,86,-7,179,1021000060,41,38,0,0,0,0,0,0,0,86,93,7,79,-3,home,away,38,3
6/17/2010,300617005,2010,SEA,IND,away,3.5,-110,144.5,-110,65,72,7,137,1021000061,35,34,1,1,1,1,1,0,1,72,65,-7,69,-1,home,away,34,1
6/18/2010,300618009,2010,SEA,NYL,away,-1.5,-110,150.5,-110,92,84,-8,176,1021000062,33,37,1,1,1,0,0,1,1,84,92,8,70,4,away,away,37,-4
6/18/2010,300618008,2010,TUL,MIN,away,7,-110,175.5,-110,67,78,11,145,1021000063,41,45,1,1,1,1,1,1,1,78,67,-11,86,4,away,away,45,-4
6/18/2010,300618011,2010,SAS,PHO,away,7,-110,177,-110,108,105,-3,213,1021000064,59,49,1,1,1,1,1,1,0,105,108,3,108,-10,home,away,49,10
6/18/2010,300618006,2010,CON,LAS,away,-4,-110,155,-110,78,75,-3,153,1021000065,43,36,1,1,0,0,0,0,0,75,78,3,79,-7,home,away,36,7
6/19/2010,300619016,2010,CHI,WAS,away,6,-110,152.5,-110,61,65,4,126,1021000066,20,32,1,1,1,1,1,1,1,65,61,-4,52,12,away,away,32,-12
6/19/2010,300619005,2010,ATL,IND,away,6,-110,157,-110,91,94,3,185,1021000067,55,41,0,0,0,0,0,0,0,94,91,-3,96,-14,home,away,41,14
6/19/2010,300619003,2010,MIN,TUL,away,2,-110,172.5,-110,92,78,-14,170,1021000068,40,47,0,1,1,1,1,1,1,78,92,14,87,7,away,away,47,-7
6/20/2010,300620011,2010,CON,PHO,away,5,-110,183.5,-110,96,94,-2,190,1021000069,43,53,1,1,1,1,1,1,1,94,96,2,96,10,away,away,53,-10
6/20/2010,300620014,2010,SAS,SEA,away,9,-110,154.5,-110,61,82,21,143,1021000070,37,30,1,0,0,0,0,0,0,82,61,-21,67,-7,home,away,30,7
6/22/2010,300622009,2010,MIN,NYL,away,6,-110,163.25,-110,75,68,-7,143,1021000072,34,32,1,0,1,0,1,0,1,68,75,7,66,-2,home,away,32,2
6/22/2010,300622018,2010,CHI,CON,away,8,-110,153.5,-110,86,77,-9,163,1021000071,48,43,0,1,0,0,0,0,0,77,86,9,91,-5,home,away,43,5
6/23/2010,300623020,2010,TUL,ATL,away,11.5,-110,177.5,-110,90,96,6,186,1021000073,49,46,0,0,0,0,0,0,0,96,90,-6,95,-3,home,away,46,3
6/24/2010,300624016,2010,LAS,WAS,away,8.5,-110,151,-110,53,68,15,121,1021000074,38,25,0,0,0,0,0,0,0,68,53,-15,63,-13,home,away,25,13
6/25/2010,300625018,2010,PHO,CON,away,5,-110,184.5,-110,79,82,3,161,1021000075,43,37,1,1,1,0,0,0,0,82,79,-3,80,-6,home,away,37,6
6/25/2010,300625003,2010,NYL,TUL,away,-3.5,-110,165,-110,92,78,-14,170,1021000076,35,50,1,1,1,1,1,1,1,78,92,14,85,15,away,away,50,-15
6/25/2010,300625019,2010,WAS,CHI,away,4,-110,149.5,-110,72,79,7,151,1021000077,37,40,0,1,1,1,1,1,1,79,72,-7,77,3,away,away,40,-3
6/25/2010,300625014,2010,IND,SEA,away,5.5,-110,145.75,-110,81,85,4,166,1021000078,43,49,1,0,0,0,0,0,1,85,81,-4,92,6,away,away,49,-6
6/26/2010,300626017,2010,MIN,SAS,away,6,-110,158,-110,66,80,14,146,1021000079,40,35,0,0,0,0,0,0,0,80,66,-14,75,-5,home,away,35,5
6/27/2010,300627020,2010,LAS,ATL,away,10.5,-110,168,-110,81,89,8,170,1021000080,38,49,1,1,1,1,1,1,1,89,81,-8,87,11,away,away,49,-11
6/27/2010,300627009,2010,CON,NYL,away,1,-110,156.75,-110,68,77,9,145,1021000081,33,46,1,1,1,1,1,1,1,77,68,-9,79,13,away,away,46,-13
6/27/2010,300627003,2010,SEA,TUL,away,-9,-110,166,-110,83,72,-11,155,1021000083,40,30,0,0,1,1,0,0,0,72,83,11,70,-10,home,away,30,10
6/27/2010,300627016,2010,PHO,WAS,away,2.5,-110,175.5,-110,85,95,10,180,1021000082,49,38,0,0,0,0,0,0,0,95,85,-10,87,-11,home,away,38,11
6/27/2010,300627019,2010,IND,CHI,away,-3,-110,151.5,-110,70,64,-6,134,1021000084,26,29,0,1,1,0,1,1,1,64,70,6,55,3,away,away,29,-3
6/29/2010,300629016,2010,IND,WAS,away,2,-110,145,-110,65,68,3,133,1021000085,33,32,1,1,0,0,0,0,1,68,65,-3,65,-1,home,away,32,1
6/29/2010,300629020,2010,PHO,ATL,away,7,-110,190,-110,88,94,6,182,1021000086,48,54,0,1,1,1,1,1,1,94,88,-6,102,6,away,away,54,-6
6/29/2010,300629003,2010,CON,TUL,away,-6,-110,164,-110,101,89,-12,190,1021000087,42,50,0,1,0,1,1,1,1,89,101,12,92,8,away,away,50,-8
6/29/2010,300629014,2010,SAS,SEA,away,7.5,-110,149,-110,72,86,14,158,1021000088,36,27,0,0,0,0,0,0,0,86,72,-14,63,-9,home,away,27,9
6/29/2010,300629006,2010,NYL,LAS,away,-3,-110,157,-110,80,68,-12,148,1021000089,35,44,0,0,0,1,1,1,1,68,80,12,79,9,away,away,44,-9
7/1/2010,300701020,2010,MIN,ATL,away,9.5,-110,172.5,-110,58,76,18,134,1021000090,38,24,0,0,0,0,0,0,0,76,58,-18,62,-14,home,away,24,14
7/1/2010,300701019,2010,CON,CHI,away,1,-110,153,-110,80,92,12,172,1021000091,53,29,0,0,0,0,0,0,0,92,80,-12,82,-24,home,away,29,24
7/1/2010,300701011,2010,WAS,PHO,away,4.5,-110,177,-110,107,104,-3,211,1021000092,46,42,0,0,0,0,0,0,0,104,107,3,88,-4,home,away,42,4
7/1/2010,300701006,2010,SAS,LAS,away,-4.5,-110,153.75,-110,63,73,10,136,1021000093,39,24,0,0,0,0,0,0,0,73,63,-10,63,-15,home,away,24,15
7/3/2010,300703006,2010,SEA,LAS,away,-9,-110,149.5,-110,75,62,-13,137,1021000094,33,43,1,1,1,1,1,1,1,62,75,13,76,10,away,away,43,-10
7/3/2010,300703020,2010,CHI,ATL,away,6.5,-110,166,-110,88,82,-6,170,1021000095,45,45,0,1,1,1,1,0,1,82,88,6,90,0,tie,away,45,-0
7/3/2010,300703003,2010,WAS,TUL,away,-6.5,-110,162.5,-110,69,54,-15,123,1021000096,19,30,1,0,1,1,1,1,1,54,69,15,49,11,away,away,30,-11
7/3/2010,300703011,2010,NYL,PHO,away,5,-110,185,-110,82,97,15,179,1021000097,50,42,0,0,0,0,0,0,0,97,82,-15,92,-8,home,away,42,8
7/6/2010,300706014,2010,NYL,SEA,away,8,-110,151.5,-110,70,78,8,148,1021000098,37,41,1,1,1,1,1,1,1,78,70,-8,78,4,away,away,41,-4
7/6/2010,300706017,2010,CON,SAS,away,2.5,-110,156.5,-110,66,79,13,145,1021000100,40,38,0,0,0,0,0,0,0,79,66,-13,78,-2,home,away,38,2
7/6/2010,300706019,2010,IND,CHI,away,-2.5,-110,146.5,-110,58,51,-7,109,1021000099,21,39,1,1,1,1,1,1,1,51,58,7,60,18,away,away,39,-18
7/6/2010,300706006,2010,PHO,LAS,away,-5,-110,178.5,-110,98,89,-9,187,1021000101,37,56,1,1,1,1,1,1,1,89,98,9,93,19,away,away,56,-19
7/7/2010,300707020,2010,CON,ATL,away,7.5,-110,169,-110,103,108,5,211,1021000102,54,51,1,1,0,0,0,0,0,108,103,-5,105,-3,home,away,51,3
7/8/2010,300708005,2010,TUL,IND,away,14.5,-110,154.5,-110,72,100,28,172,1021000103,56,34,1,0,0,0,0,0,0,100,72,-28,90,-22,home,away,34,22
7/8/2010,300708008,2010,SAS,MIN,away,2.5,-110,152.5,-110,66,89,23,155,1021000104,42,32,0,0,0,0,0,0,0,89,66,-23,74,-10,home,away,32,10
7/11/2010,300711009,2010,CHI,NYL,away,4,-110,151.5,-110,54,57,3,111,1021000105,26,35,0,1,1,1,1,1,1,57,54,-3,61,9,away,away,35,-9
7/13/2010,300713003,2010,LAS,TUL,away,2,-110,163,-110,87,71,-16,158,1021000106,41,36,1,1,1,1,0,0,0,71,87,16,77,-5,home,away,36,5
7/14/2010,300714019,2010,SAS,CHI,away,7,-110,148.5,-110,61,88,27,149,1021000107,36,22,0,0,0,0,0,0,0,88,61,-27,58,-14,home,away,22,14
7/14/2010,300714008,2010,ATL,MIN,away,-2,-110,167.5,-110,81,83,2,164,1021000109,44,32,0,0,0,0,0,0,0,83,81,-2,76,-12,home,away,32,12
7/14/2010,300714005,2010,CON,IND,away,7.5,-110,153.5,-110,77,68,-9,145,1021000108,38,34,0,0,0,0,0,0,0,68,77,9,72,-4,home,away,34,4
7/14/2010,300714011,2010,SEA,PHO,away,-2.5,-110,178.5,-110,111,107,-4,218,1021000110,43,41,0,1,1,0,1,0,0,107,111,4,84,-2,home,away,41,2
7/15/2010,300715009,2010,WAS,NYL,away,1,-110,146,-110,67,75,8,142,1021000111,28,28,0,1,1,1,1,1,0,75,67,-8,56,0,tie,away,28,-0
7/16/2010,300716005,2010,ATL,IND,away,6.5,-110,162,-110,70,89,19,159,1021000112,41,37,1,1,0,0,0,0,0,89,70,-19,78,-4,home,away,37,4
7/16/2010,300716017,2010,TUL,SAS,away,9.5,-110,163.5,-110,75,70,-5,145,1021000113,37,35,1,1,1,1,1,1,0,70,75,5,72,-2,home,away,35,2
7/16/2010,300716019,2010,LAS,CHI,away,9,-110,148,-110,68,80,12,148,1021000114,43,30,0,0,0,0,0,0,0,80,68,-12,73,-13,home,away,30,13
7/17/2010,300717008,2010,SEA,MIN,away,-5.5,-110,152,-110,73,71,-2,144,1021000115,37,36,0,0,1,1,0,1,1,71,73,2,73,-1,home,away,36,1
7/17/2010,300717018,2010,ATL,CON,away,5.5,-110,172,-110,80,96,16,176,1021000116,39,41,0,0,1,1,1,1,1,96,80,-16,80,2,away,away,41,-2
7/17/2010,300717011,2010,TUL,PHO,away,14.5,-110,194,-110,88,97,9,185,1021000117,47,45,0,0,0,0,0,0,0,97,88,-9,92,-2,home,away,45,2
7/18/2010,300718017,2010,LAS,SAS,away,7,-110,150.5,-110,73,83,10,156,1021000118,37,34,0,0,0,0,0,0,0,83,73,-10,71,-3,home,away,34,3
7/18/2010,300718009,2010,IND,NYL,away,-2.5,-110,144,-110,84,81,-3,165,1021000119,37,38,0,0,1,0,0,0,1,81,84,3,75,1,away,away,38,-1
7/18/2010,300718016,2010,CHI,WAS,away,6,-110,145,-110,61,59,-2,120,1021000120,34,42,0,0,0,0,0,1,1,59,61,2,76,8,away,away,42,-8
7/20/2010,300720017,2010,SEA,SAS,away,-6,-110,150.5,-110,80,74,-6,154,1021000121,41,40,0,0,0,0,1,0,1,74,80,6,81,-1,home,away,40,1
7/20/2010,300720006,2010,TUL,LAS,away,7,-110,160,-110,83,86,3,169,1021000122,37,35,0,0,1,1,0,1,0,86,83,-3,72,-2,home,away,35,2
7/20/2010,300720018,2010,NYL,CON,away,6,-110,156,-110,82,74,-8,156,1021000123,30,40,1,1,1,1,1,1,1,74,82,8,70,10,away,away,40,-10
7/21/2010,300721016,2010,ATL,WAS,away,3.5,-110,158.5,-110,72,82,10,154,1021000124,41,29,0,0,0,0,0,0,0,82,72,-10,70,-12,home,away,29,12
7/22/2010,300722005,2010,LAS,IND,away,11,-110,149,-110,57,76,19,133,1021000125,35,36,1,1,1,1,1,0,0,76,57,-19,71,1,away,away,36,-1
7/22/2010,300722003,2010,PHO,TUL,away,-7,-110,190,-110,123,91,-32,214,1021000127,41,67,1,1,1,1,1,1,1,91,123,32,108,26,away,away,67,-26
7/22/2010,300722008,2010,SAS,MIN,away,5.5,-110,152,-110,74,72,-2,146,1021000126,40,35,1,1,1,0,1,0,0,72,74,2,75,-5,home,away,35,5
7/23/2010,300723019,2010,NYL,CHI,away,4.5,-110,145,-110,79,71,-8,150,1021000128,44,37,1,1,1,0,0,0,0,71,79,8,81,-7,home,away,37,7
7/24/2010,300724016,2010,IND,WAS,away,-1,-110,140.5,-110,78,73,-5,151,1021000130,31,39,1,1,1,1,1,1,1,73,78,5,70,8,away,away,39,-8
7/24/2010,300724018,2010,LAS,CON,away,9,-110,154.5,-110,89,80,-9,169,1021000129,35,45,0,1,1,1,1,1,1,80,89,9,80,10,away,away,45,-10
7/24/2010,300724017,2010,CHI,SAS,away,2.5,-110,147.5,-110,75,72,-3,147,1021000132,40,35,1,1,1,0,0,0,0,72,75,3,75,-5,home,away,35,5
7/24/2010,300724008,2010,PHO,MIN,away,-1.5,-110,183.5,-110,127,124,-3,251,1021000131,54,47,0,0,0,0,0,0,0,124,127,3,101,-7,home,away,47,7
7/25/2010,300725020,2010,NYL,ATL,away,5,-110,162.5,-110,75,82,7,157,1021000133,33,41,0,0,1,1,1,1,1,82,75,-7,74,8,away,away,41,-8
7/25/2010,300725014,2010,TUL,SEA,away,15.5,-110,164,-110,59,75,16,134,1021000134,40,32,1,0,1,1,0,0,0,75,59,-16,72,-8,home,away,32,8
7/27/2010,300727003,2010,ATL,TUL,away,-8,-110,174,-110,105,89,-16,194,1021000135,34,59,1,1,1,1,1,1,1,89,105,16,93,25,away,away,59,-25
7/27/2010,300727005,2010,CHI,IND,away,7.5,-110,142,-110,74,78,4,152,1021000136,48,32,0,0,0,0,0,0,0,78,74,-4,80,-16,home,away,32,16
7/27/2010,300727009,2010,SAS,NYL,away,6.5,-110,151,-110,72,77,5,149,1021000138,36,36,0,0,0,0,0,0,1,77,72,-5,72,0,tie,away,36,-0
7/27/2010,300727018,2010,WAS,CON,away,3.5,-110,151.5,-110,78,88,10,166,1021000137,43,31,1,0,0,0,0,0,0,88,78,-10,74,-12,home,away,31,12
7/27/2010,300727008,2010,LAS,MIN,away,6.5,-110,154.5,-110,71,58,-13,129,1021000139,26,29,0,0,0,1,1,1,1,58,71,13,55,3,away,away,29,-3
7/27/2010,300727014,2010,PHO,SEA,away,7.5,-110,180,-110,85,91,6,176,1021000140,38,56,1,1,1,1,1,1,1,91,85,-6,94,18,away,away,56,-18
7/29/2010,300729016,2010,SAS,WAS,away,7.5,-110,148,-110,79,75,-4,154,1021000141,31,28,1,1,1,0,0,0,1,75,79,4,59,-3,home,away,28,3
7/29/2010,300729011,2010,MIN,PHO,away,8.5,-110,189.5,-110,92,110,18,202,1021000142,69,50,0,0,0,0,0,0,0,110,92,-18,119,-19,home,away,50,19
7/30/2010,300730005,2010,WAS,IND,away,7,-110,145,-110,77,73,-4,150,1021000143,43,35,1,0,0,0,0,0,0,73,77,4,78,-8,home,away,35,8
7/30/2010,300730009,2010,LAS,NYL,away,7,-110,148.5,-110,79,88,9,167,1021000145,45,43,0,0,0,1,0,0,0,88,79,-9,88,-2,home,away,43,2
7/30/2010,300730018,2010,ATL,CON,away,4,-110,176,-110,94,62,-32,156,1021000144,36,53,1,1,1,1,1,1,1,62,94,32,89,17,away,away,53,-17
7/30/2010,300730003,2010,SAS,TUL,away,-5,-110,159.5,-110,101,85,-16,186,1021000146,39,47,0,0,0,1,1,1,1,85,101,16,86,8,away,away,47,-8
7/30/2010,300730014,2010,CHI,SEA,away,7.5,-110,147,-110,60,80,20,140,1021000147,55,31,0,0,0,0,0,0,0,80,60,-20,86,-24,home,away,31,24
8/1/2010,300801020,2010,IND,ATL,away,2.5,-110,162,-110,74,90,16,164,1021000148,45,35,0,0,0,0,0,0,0,90,74,-16,80,-10,home,away,35,10
8/1/2010,300801009,2010,CON,NYL,away,3,-110,156,-110,67,71,4,138,1021000149,34,33,0,0,0,0,0,1,0,71,67,-4,67,-1,home,away,33,1
8/1/2010,300801016,2010,TUL,WAS,away,12.5,-110,157.5,-110,62,87,25,149,1021000150,44,25,0,0,0,0,0,0,0,87,62,-25,69,-19,home,away,25,19
8/1/2010,300801011,2010,CHI,PHO,away,7.5,-110,182.5,-110,96,97,1,193,1021000151,45,44,1,1,1,1,1,1,1,97,96,-1,89,-1,home,away,44,1
8/1/2010,300801008,2010,SEA,MIN,away,-5.5,-110,152,-110,71,72,1,143,1021000152,39,31,1,1,1,0,0,0,0,72,71,-1,70,-8,home,away,31,8
8/3/2010,300803005,2010,NYL,IND,away,7.5,-110,147.5,-110,82,72,-10,154,1021000153,29,40,1,1,1,1,1,1,1,72,82,10,69,11,away,away,40,-11
8/3/2010,300803020,2010,WAS,ATL,away,6,-110,161,-110,86,78,-8,164,1021000154,31,39,1,1,1,1,1,1,1,78,86,8,70,8,away,away,39,-8
8/3/2010,300803017,2010,PHO,SAS,away,-3.5,-110,188.5,-110,103,92,-11,195,1021000157,48,47,0,0,0,0,0,0,0,92,103,11,95,-1,home,away,47,1
8/3/2010,300803003,2010,SEA,TUL,away,-12.5,-110,159,-110,75,84,9,159,1021000156,48,41,1,0,1,1,0,0,0,84,75,-9,89,-7,home,away,41,7
8/3/2010,300803008,2010,CON,MIN,away,-1,-110,160.5,-110,103,111,8,214,1021000155,58,36,0,0,0,0,0,0,0,111,103,-8,94,-22,home,away,36,22
8/4/2010,300804006,2010,CHI,LAS,away,-3,-110,147,-110,77,82,5,159,1021000158,40,36,0,0,0,0,0,0,0,82,77,-5,76,-4,home,away,36,4
8/5/2010,300805014,2010,CON,SEA,away,9.5,-110,156,-110,82,83,1,165,1021000159,45,37,0,0,0,0,0,0,0,83,82,-1,82,-8,home,away,37,8
8/6/2010,300806005,2010,ATL,IND,away,6,-110,163,-110,93,95,2,188,1021000160,45,39,1,1,1,1,1,0,0,95,93,-2,84,-6,home,away,39,6
8/6/2010,300806009,2010,WAS,NYL,away,4,-110,148,-110,77,85,8,162,1021000161,40,26,1,1,1,0,0,0,0,85,77,-8,66,-14,home,away,26,14
8/6/2010,300806011,2010,SAS,PHO,away,9.5,-110,192.5,-110,87,103,16,190,1021000162,55,40,0,0,0,0,0,0,0,103,87,-16,95,-15,home,away,40,15
8/6/2010,300806006,2010,TUL,LAS,away,8.5,-110,160.5,-110,70,77,7,147,1021000163,26,34,1,1,1,1,1,1,1,77,70,-7,60,8,away,away,34,-8
8/7/2010,300807019,2010,MIN,CHI,away,7,-110,154.5,-110,87,82,-5,169,1021000164,49,33,0,0,0,0,0,0,0,82,87,5,82,-16,home,away,33,16
8/7/2010,300807014,2010,TUL,SEA,away,15,-110,157.5,-110,65,111,46,176,1021000165,60,27,0,0,0,0,0,0,0,111,65,-46,87,-33,home,away,27,33
8/8/2010,300808018,2010,WAS,CON,away,5,-110,155,-110,67,76,9,143,1021000166,34,37,1,1,1,1,1,1,0,76,67,-9,71,3,away,away,37,-3
8/8/2010,300808011,2010,IND,PHO,away,3.5,-110,186.5,-110,104,82,-22,186,1021000167,46,53,0,0,1,0,0,1,1,82,104,22,99,7,away,away,53,-7
8/8/2010,300808008,2010,NYL,MIN,away,-4,-110,154.5,-110,74,72,-2,146,1021000168,34,38,1,1,0,1,1,1,1,72,74,2,72,4,away,away,38,-4
8/8/2010,300808006,2010,SAS,LAS,away,3.5,-110,152.5,-110,92,83,-9,175,1021000169,34,44,0,0,1,1,1,1,1,83,92,9,78,10,away,away,44,-10
8/10/2010,300810016,2010,CON,WAS,away,4,-110,151.25,-110,74,84,10,158,1021000170,37,34,0,0,0,0,0,0,0,84,74,-10,71,-3,home,away,34,3
8/10/2010,300810020,2010,SEA,ATL,away,4.5,-110,166,-110,80,70,-10,150,1021000171,31,32,0,0,0,0,1,0,0,70,80,10,63,1,away,away,32,-1
8/10/2010,300810017,2010,MIN,SAS,away,4.5,-110,157,-110,73,66,-7,139,1021000173,35,43,1,1,1,1,1,1,1,66,73,7,78,8,away,away,43,-8
8/10/2010,300810019,2010,PHO,CHI,away,2,-110,187,-110,82,91,9,173,1021000172,35,44,1,0,1,1,1,1,1,91,82,-9,79,9,away,away,44,-9
8/10/2010,300810006,2010,IND,LAS,away,-5.5,-110,152.25,-110,82,76,-6,158,1021000174,38,40,1,1,1,1,1,1,1,76,82,6,78,2,away,away,40,-2
8/12/2010,300812008,2010,LAS,MIN,away,6,-110,153.5,-110,78,77,-1,155,1021000175,42,33,0,0,0,0,0,0,0,77,78,1,75,-9,home,away,33,9
8/13/2010,300813016,2010,MIN,WAS,away,8.5,-110,152,-110,58,61,3,119,1021000176,29,40,0,1,1,1,1,1,1,61,58,-3,69,11,away,away,40,-11
8/13/2010,300813005,2010,PHO,IND,away,5,-110,185,-110,90,110,20,200,1021000178,54,46,0,0,0,0,0,0,0,110,90,-20,100,-8,home,away,46,8
8/13/2010,300813020,2010,NYL,ATL,away,5.5,-110,162.5,-110,90,83,-7,173,1021000177,37,44,0,0,1,1,1,1,1,83,90,7,81,7,away,away,44,-7
8/13/2010,300813018,2010,SEA,CON,away,4.5,-110,154.5,-110,68,88,20,156,1021000179,52,33,0,0,0,0,0,0,0,88,68,-20,85,-19,home,away,33,19
8/13/2010,300813017,2010,TUL,SAS,away,11,-110,163.5,-110,74,94,20,168,1021000180,47,46,1,1,1,0,0,0,0,94,74,-20,93,-1,home,away,46,1
8/14/2010,300814009,2010,PHO,NYL,away,5,-110,186,-110,69,107,38,176,1021000181,61,42,0,1,0,0,0,0,0,107,69,-38,103,-19,home,away,42,19
8/14/2010,300814003,2010,LAS,TUL,away,-7,-110,161.5,-110,92,87,-5,179,1021000183,39,54,1,1,1,1,1,1,1,87,92,5,93,15,away,away,54,-15
8/14/2010,300814019,2010,ATL,CHI,away,-1,-110,165,-110,98,74,-24,172,1021000182,32,57,0,0,1,1,1,1,1,74,98,24,89,25,away,away,57,-25
8/15/2010,300815016,2010,SEA,WAS,away,8,-110,146,-110,71,80,9,151,1021000184,32,36,0,1,0,1,1,1,1,80,71,-9,68,4,away,away,36,-4
8/15/2010,300815018,2010,IND,CON,away,-1,-110,157.75,-110,79,66,-13,145,1021000185,37,42,1,1,1,1,1,1,1,66,79,13,79,5,away,away,42,-5
8/15/2010,300815008,2010,SAS,MIN,away,4.5,-110,154.5,-110,78,84,6,162,1021000186,38,29,1,1,0,0,0,0,0,84,78,-6,67,-9,home,away,29,9
8/17/2010,300817020,2010,CHI,ATL,away,8,-110,168,-110,84,79,-5,163,1021000187,45,43,1,1,1,1,0,0,1,79,84,5,88,-2,home,away,43,2
8/17/2010,300817009,2010,IND,NYL,away,2.5,-110,149.5,-110,57,78,21,135,1021000189,30,27,1,1,1,0,0,0,0,78,57,-21,57,-3,home,away,27,3
8/17/2010,300817018,2010,TUL,CON,away,12,-110,173,-110,62,90,28,152,1021000188,41,34,1,0,0,0,0,0,0,90,62,-28,75,-7,home,away,34,7
8/17/2010,300817017,2010,WAS,SAS,away,1.5,-110,149,-110,76,66,-10,142,1021000190,32,36,1,1,1,0,1,1,1,66,76,10,68,4,away,away,36,-4
8/17/2010,300817014,2010,MIN,SEA,away,7,-110,153.5,-110,64,68,4,132,1021000191,28,39,1,1,1,1,1,1,1,68,64,-4,67,11,away,away,39,-11
8/17/2010,300817006,2010,PHO,LAS,away,1.5,-110,186.5,-110,90,84,-6,174,1021000192,40,49,0,1,1,1,1,1,1,84,90,6,89,9,away,away,49,-9
8/19/2010,300819009,2010,TUL,NYL,away,15.5,-110,163,-110,85,95,10,180,1021000193,43,46,1,1,1,1,1,0,1,95,85,-10,89,3,away,away,46,-3
8/20/2010,300820016,2010,NYL,WAS,away,3.5,-110,145,-110,74,75,1,149,1021000194,35,31,1,0,0,0,0,0,0,75,74,-1,66,-4,home,away,31,4
8/20/2010,300820017,2010,IND,SAS,away,-5,-110,150.5,-110,61,75,14,136,1021000195,37,27,0,0,0,0,0,0,0,75,61,-14,64,-10,home,away,27,10
8/20/2010,300820019,2010,CON,CHI,away,3,-110,159.5,-110,78,71,-7,149,1021000196,41,34,0,0,1,1,1,0,0,71,78,7,75,-7,home,away,34,7
8/20/2010,300820011,2010,SEA,PHO,away,3,-110,172,-110,78,73,-5,151,1021000197,35,34,1,0,0,1,0,0,0,73,78,5,69,-1,home,away,34,1
8/20/2010,300820006,2010,MIN,LAS,away,3.5,-110,155.5,-110,91,98,7,189,1021000198,39,44,1,0,1,1,1,1,1,98,91,-7,83,5,away,away,44,-5
8/21/2010,300821003,2010,CHI,TUL,away,-4,-110,164.75,-110,71,84,13,155,1021000199,36,37,0,0,0,0,0,1,1,84,71,-13,73,1,away,away,37,-1
8/21/2010,300821014,2010,LAS,SEA,away,8,-110,152.5,-110,75,76,1,151,1021000200,39,36,1,1,1,0,0,1,0,76,75,-1,75,-3,home,away,36,3
8/22/2010,300822017,2010,PHO,SAS,away,5,-110,173,-110,82,83,1,165,1021000202,37,35,0,0,1,1,1,1,0,83,82,-1,72,-2,home,away,35,2
8/22/2010,300822020,2010,WAS,ATL,away,-4,-110,161,-110,90,81,-9,171,1021000201,37,54,1,1,1,1,1,1,1,81,90,9,91,17,away,away,54,-17
8/22/2010,300822009,2010,CON,NYL,away,6.5,-110,153.5,-110,87,88,1,175,1021000203,43,34,0,0,0,0,0,0,0,88,87,-1,77,-9,home,away,34,9
8/22/2010,300822005,2010,MIN,IND,away,8.5,-110,152.75,-110,83,79,-4,162,1021000204,46,33,0,0,0,0,0,0,0,79,83,4,79,-13,home,away,33,13
8/25/2010,300825016,2010,ATL,WAS,away,5,-110,158.5,-110,95,90,-5,185,1041000101,33,48,1,0,1,1,1,1,1,90,95,5,81,15,away,away,48,-15
8/25/2010,300825014,2010,LAS,SEA,away,11.5,-110,150.5,-110,66,79,13,145,1041000121,43,33,0,0,0,0,0,0,0,79,66,-13,76,-10,home,away,33,10
8/26/2010,300826009,2010,IND,NYL,away,3,-110,146.5,-110,73,85,12,158,1041000111,48,47,1,1,1,1,1,1,1,85,73,-12,95,-1,home,away,47,1
8/26/2010,300826011,2010,SAS,PHO,away,8.5,-110,186.5,-110,93,106,13,199,1041000131,46,39,0,0,0,0,0,0,0,106,93,-13,85,-7,home,away,39,7
8/27/2010,300827020,2010,WAS,ATL,away,1,-110,163,-110,77,101,24,178,1041000102,50,28,1,1,1,0,0,0,0,101,77,-24,78,-22,home,away,28,22
8/28/2010,300828017,2010,PHO,SAS,away,-4.5,-110,186.5,-110,92,73,-19,165,1041000132,30,48,1,1,1,1,1,1,1,73,92,19,78,18,away,away,48,-18
8/28/2010,300828006,2010,SEA,LAS,away,-6.5,-110,148.5,-110,81,66,-15,147,1041000122,36,42,0,0,0,0,1,1,1,66,81,15,78,6,away,away,42,-6
8/29/2010,300829005,2010,NYL,IND,away,4,-110,146.5,-110,67,75,8,142,1041000112,39,27,0,0,0,0,0,0,0,75,67,-8,66,-12,home,away,27,12
9/1/2010,300901009,2010,IND,NYL,away,4,-110,146.5,-110,74,77,3,151,1041000113,46,47,1,1,1,1,0,0,0,77,74,-3,93,1,away,away,47,-1
9/2/2010,300902014,2010,PHO,SEA,away,7,-110,175.5,-110,74,82,8,156,1041000211,47,33,0,0,0,0,0,0,0,82,74,-8,80,-14,home,away,33,14
9/5/2010,300905011,2010,SEA,PHO,away,1,-110,171,-110,91,88,-3,179,1041000212,48,40,0,0,0,0,1,0,0,88,91,3,88,-8,home,away,40,8
9/5/2010,300905009,2010,ATL,NYL,away,4.5,-110,165,-110,81,75,-6,156,1041000201,39,44,1,0,1,1,1,1,1,75,81,6,83,5,away,away,44,-5
9/7/2010,300907020,2010,NYL,ATL,away,4,-110,162.5,-110,93,105,12,198,1041000202,55,44,0,0,0,0,0,0,0,105,93,-12,99,-11,home,away,44,11
9/12/2010,300912014,2010,ATL,SEA,away,7.5,-110,164,-110,77,79,2,156,1041000301,39,39,0,0,0,0,1,0,0,79,77,-2,78,0,tie,away,39,-0
9/14/2010,300914014,2010,ATL,SEA,away,7,-110,164.5,-110,84,87,3,171,1041000302,49,47,1,1,1,0,0,0,0,87,84,-3,96,-2,home,away,47,2
9/16/2010,300916020,2010,SEA,ATL,away,3.5,-110,166,-110,87,84,-3,171,1041000303,44,43,1,1,1,1,1,1,0,84,87,3,87,-1,home,away,43,1
6/3/2011,310603006,2011,LAS,MIN,home,-3,-110,156,-110,82,74,-8,156,1021100001,37,43,0,0,0,0,0,0,0,82,74,-8,80,6,away,home,37,6
6/4/2011,310604018,2011,CON,WAS,home,-5.5,-110,147.5,-110,89,73,-16,162,1021100003,45,39,0,0,0,1,1,1,1,89,73,-16,84,-6,home,home,45,-6
6/4/2011,310604005,2011,IND,CHI,home,-7,-110,145.5,-110,65,57,-8,122,1021100004,33,29,1,1,1,1,1,1,1,65,57,-8,62,-4,home,home,33,-4
6/4/2011,400182104,2011,IND,CHI,home,-7,-110,145.5,-110,65,57,-8,122,1021100004,33,29,1,1,1,1,1,1,1,65,57,-8,62,-4,home,home,33,-4
6/4/2011,310604017,2011,SAS,TUL,home,-9,-110,161.75,-110,93,73,-20,166,1021100005,51,26,0,1,1,1,1,1,1,93,73,-20,77,-25,home,home,51,-25
6/5/2011,310605020,2011,ATL,NYL,home,-7,-110,163.5,-110,88,94,6,182,1021100006,38,40,0,0,0,0,0,1,0,88,94,6,78,2,away,home,38,2
6/5/2011,310605008,2011,MIN,LAS,home,-5.5,-110,154,-110,86,69,-17,155,1021100007,46,40,1,0,1,1,1,1,1,86,69,-17,86,-6,home,home,46,-6
6/7/2011,310607008,2011,MIN,TUL,home,-12,-110,166.5,-110,75,65,-10,140,1021100008,39,28,1,1,1,1,1,1,1,75,65,-10,67,-11,home,home,39,-11
6/9/2011,310609020,2011,ATL,WAS,home,-7.5,-110,157.5,-110,90,98,8,188,1021100009,47,40,1,1,1,1,1,1,1,90,98,8,87,-7,home,home,47,-7
6/9/2011,310609014,2011,SEA,MIN,home,-7,-110,151.5,-110,74,81,7,155,1021100010,24,50,0,0,0,0,0,0,0,74,81,7,74,26,away,home,24,26
6/10/2011,310610005,2011,IND,NYL,home,-5.5,-110,145,-110,80,81,1,161,1021100011,42,52,1,1,1,1,1,0,0,80,81,1,94,10,away,home,42,10
6/10/2011,310610003,2011,TUL,SAS,home,7,-110,160.5,-110,62,93,31,155,1021100012,28,48,0,0,0,0,0,0,0,62,93,31,76,20,away,home,28,20
6/10/2011,310610019,2011,CHI,CON,home,-2,-110,151.5,-110,78,75,-3,153,1021100013,37,35,1,1,1,1,1,1,1,78,75,-3,72,-2,home,home,37,-2
6/10/2011,310610006,2011,LAS,PHO,home,-3,-110,175,-110,98,84,-14,182,1021100014,54,40,0,1,1,1,0,1,1,98,84,-14,94,-14,home,home,54,-14
6/11/2011,310611009,2011,NYL,IND,home,-2,-110,146,-110,80,86,6,166,1021100015,49,45,1,0,1,1,1,0,1,80,86,6,94,-4,home,home,49,-4
6/11/2011,310611016,2011,WAS,CHI,home,-4.5,-110,147,-110,77,84,7,161,1021100016,33,51,0,0,0,0,0,0,0,77,84,7,84,18,away,home,33,18
6/11/2011,310611017,2011,SAS,ATL,home,2.5,-110,167.5,-110,86,74,-12,160,1021100017,28,35,0,0,0,0,0,0,0,86,74,-12,63,7,away,home,28,7
6/12/2011,310612018,2011,CON,TUL,home,-15.5,-110,164,-110,90,79,-11,169,1021100018,49,42,1,1,1,1,1,1,1,90,79,-11,91,-7,home,home,49,-7
6/14/2011,310614009,2011,NYL,ATL,home,1.5,-110,163.75,-110,58,79,21,137,1021100020,32,44,1,1,0,0,0,0,0,58,79,21,76,12,away,home,32,12
6/14/2011,310614005,2011,IND,TUL,home,-14,-110,157.5,-110,82,74,-8,156,1021100019,42,43,0,1,1,1,1,1,1,82,74,-8,85,1,away,home,42,1
6/16/2011,310616016,2011,WAS,CON,home,-2.5,-110,153,-110,71,79,8,150,1021100021,37,43,0,0,0,0,0,0,0,71,79,8,80,6,away,home,37,6
6/17/2011,310617008,2011,MIN,ATL,home,-3.5,-110,166.5,-110,96,85,-11,181,1021100022,39,39,0,0,0,0,1,0,1,96,85,-11,78,0,tie,home,39,0
6/17/2011,310617019,2011,CHI,NYL,home,-5.5,-110,147.5,-110,85,73,-12,158,1021100023,31,36,1,0,0,0,0,0,0,85,73,-12,67,5,away,home,31,5
6/17/2011,310617011,2011,PHO,SAS,home,-7,-110,179.5,-110,99,101,2,200,1021100024,51,37,1,1,1,1,1,1,1,99,101,2,88,-14,home,home,51,-14
6/17/2011,310617014,2011,SEA,IND,home,-6,-110,148.5,-110,68,54,-14,122,1021100025,37,19,1,1,1,1,1,1,1,68,54,-14,56,-18,home,home,37,-18
6/18/2011,310618003,2011,TUL,WAS,home,4,-110,158.25,-110,77,59,-18,136,1021100026,26,32,0,1,0,0,0,1,1,77,59,-18,58,6,away,home,26,6
6/19/2011,310619018,2011,CON,CHI,home,-6,-110,151.5,-110,83,68,-15,151,1021100027,48,33,1,1,1,1,1,1,1,83,68,-15,81,-15,home,home,48,-15
6/19/2011,310619020,2011,ATL,MIN,home,-3,-110,169.5,-110,64,77,13,141,1021100028,31,43,0,0,0,0,0,0,0,64,77,13,74,12,away,home,31,12
6/19/2011,310619011,2011,PHO,IND,home,-3.5,-110,174.5,-110,93,89,-4,182,1021100029,41,50,1,1,1,1,0,0,0,93,89,-4,91,9,away,home,41,9
6/19/2011,310619006,2011,LAS,SEA,home,2.5,-110,150,-110,74,50,-24,124,1021100030,39,25,1,1,1,1,1,1,1,74,50,-24,64,-14,home,home,39,-14
6/21/2011,310621020,2011,ATL,CHI,home,-5,-110,160.5,-110,71,68,-3,139,1021100031,43,31,1,1,1,1,1,1,1,71,68,-3,74,-12,home,home,43,-12
6/21/2011,310621016,2011,WAS,IND,home,2,-110,147,-110,80,89,9,169,1021100032,39,42,1,1,1,1,0,0,0,80,89,9,81,3,away,home,39,3
6/21/2011,310621017,2011,SAS,PHO,home,-3.5,-110,181.5,-110,98,105,7,203,1021100033,43,52,0,0,0,0,0,0,0,98,105,7,95,9,away,home,43,9
6/21/2011,310621003,2011,TUL,SEA,home,6.5,-110,152,-110,77,82,5,159,1021100034,37,31,1,1,1,1,1,1,0,77,82,5,68,-6,home,home,37,-6
6/21/2011,310621006,2011,LAS,NYL,home,-7.5,-110,152.5,-110,96,91,-5,187,1021100035,53,53,0,0,0,0,1,1,1,96,91,-5,106,0,tie,home,53,0
6/23/2011,310623003,2011,TUL,NYL,home,5.5,-110,159.5,-110,82,94,12,176,1021100036,32,46,0,0,0,0,0,0,0,82,94,12,78,14,away,home,32,14
6/23/2011,310623019,2011,CHI,CON,home,-2.5,-110,156.5,-110,107,101,-6,208,1021100037,38,34,1,1,1,1,1,1,1,107,101,-6,72,-4,home,home,38,-4
6/24/2011,310624020,2011,ATL,PHO,home,-2.5,-110,184.5,-110,83,92,9,175,1021100038,43,51,0,0,0,0,0,0,0,83,92,9,94,8,away,home,43,8
6/24/2011,310624017,2011,SAS,LAS,home,-2.5,-110,161.5,-110,90,80,-10,170,1021100039,42,43,0,0,0,0,0,0,0,90,80,-10,85,1,away,home,42,1
6/24/2011,310624014,2011,SEA,MIN,home,-3,-110,151,-110,65,55,-10,120,1021100040,35,25,1,1,1,1,1,1,1,65,55,-10,60,-10,home,home,35,-10
6/25/2011,310625005,2011,IND,CON,home,-3.5,-110,154.25,-110,75,70,-5,145,1021100041,39,32,1,0,0,0,0,1,1,75,70,-5,71,-7,home,home,39,-7
6/25/2011,310625019,2011,CHI,PHO,home,-4,-110,176,-110,78,86,8,164,1021100042,40,37,1,1,0,0,1,1,1,78,86,8,77,-3,home,home,40,-3
6/26/2011,310626020,2011,ATL,SAS,home,-2.5,-110,167,-110,86,92,6,178,1021100043,41,40,1,0,0,0,0,0,0,86,92,6,81,-1,home,home,41,-1
6/26/2011,310626009,2011,NYL,LAS,home,1,-110,156,-110,77,67,-10,144,1021100044,41,33,0,0,1,1,0,1,1,77,67,-10,74,-8,home,home,41,-8
6/26/2011,310626016,2011,WAS,TUL,home,-7.5,-110,153.5,-110,83,63,-20,146,1021100045,41,35,1,1,1,1,1,1,1,83,63,-20,76,-6,home,home,41,-6
6/26/2011,310626008,2011,MIN,IND,home,-7.5,-110,151.5,-110,75,78,3,153,1021100046,41,40,0,0,0,0,0,1,1,75,78,3,81,-1,home,home,41,-1
6/28/2011,310628005,2011,IND,PHO,home,-4,-110,174.25,-110,91,86,-5,177,1021100047,45,39,1,1,1,1,0,1,1,91,86,-5,84,-6,home,home,45,-6
6/28/2011,310628018,2011,CON,LAS,home,-6.5,-110,153.5,-110,79,76,-3,155,1021100049,41,42,1,1,1,1,1,1,1,79,76,-3,83,1,away,home,41,1
6/28/2011,310628019,2011,CHI,SAS,home,-3,-110,159,-110,74,84,10,158,1021100048,37,34,0,0,1,0,0,1,0,74,84,10,71,-3,home,home,37,-3
6/30/2011,310630020,2011,ATL,NYL,home,-5.5,-110,164.5,-110,87,81,-6,168,1021100050,37,44,0,0,0,0,0,0,0,87,81,-6,81,7,away,home,37,7
6/30/2011,310630003,2011,TUL,MIN,home,8.5,-110,161,-110,71,101,30,172,1021100051,30,54,0,0,0,0,0,0,0,71,101,30,84,24,away,home,30,24
7/1/2011,310701009,2011,NYL,SAS,home,2,-110,161,-110,81,75,-6,156,1021100052,39,34,1,1,1,1,1,1,1,81,75,-6,73,-5,home,home,39,-5
7/1/2011,310701018,2011,CON,SEA,home,-4,-110,149,-110,75,70,-5,145,1021100053,45,33,1,1,1,1,1,1,1,75,70,-5,78,-12,home,home,45,-12
7/1/2011,310701011,2011,PHO,CHI,home,-6,-110,175.5,-110,97,84,-13,181,1021100054,48,49,0,0,0,0,0,0,0,97,84,-13,97,1,away,home,48,1
7/3/2011,310703016,2011,WAS,SEA,home,5,-110,146,-110,63,73,10,136,1021100055,26,35,1,0,0,0,0,0,0,63,73,10,61,9,away,home,26,9
7/5/2011,310705005,2011,IND,SEA,home,-5.5,-110,143,-110,78,61,-17,139,1021100056,42,27,1,1,1,1,1,1,1,78,61,-17,69,-15,home,home,42,-15
7/5/2011,310705019,2011,CHI,WAS,home,-6,-110,150.5,-110,78,65,-13,143,1021100057,35,24,1,1,1,1,1,1,1,78,65,-13,59,-11,home,home,35,-11
7/5/2011,310705011,2011,PHO,LAS,home,-5,-110,178,-110,101,82,-19,183,1021100058,42,50,0,1,1,0,0,0,0,101,82,-19,92,8,away,home,42,8
7/8/2011,310708017,2011,SAS,NYL,home,-5.5,-110,163,-110,73,76,3,149,1021100059,31,37,0,1,0,1,0,0,0,73,76,3,68,6,away,home,31,6
7/8/2011,310708003,2011,TUL,PHO,home,10.5,-110,183.5,-110,78,86,8,164,1021100060,39,46,0,0,0,0,0,0,0,78,86,8,85,7,away,home,39,7
7/9/2011,310709005,2011,IND,WAS,home,-9,-110,147.5,-110,68,57,-11,125,1021100061,25,33,0,0,0,0,0,0,0,68,57,-11,58,8,away,home,25,8
7/9/2011,310709008,2011,MIN,CON,home,-8,-110,161.5,-110,90,67,-23,157,1021100063,44,43,0,0,1,1,1,1,1,90,67,-23,87,-1,home,home,44,-1
7/9/2011,310709019,2011,CHI,ATL,home,-3.5,-110,162,-110,81,69,-12,150,1021100062,31,39,0,0,0,0,0,0,0,81,69,-12,70,8,away,home,31,8
7/9/2011,310709014,2011,SEA,LAS,home,-8.5,-110,145.5,-110,99,80,-19,179,1021100064,38,39,0,0,0,0,0,1,1,99,80,-19,77,1,away,home,38,1
7/10/2011,310710009,2011,NYL,CHI,home,-6.5,-110,151.5,-110,80,73,-7,153,1021100065,38,49,0,0,0,0,0,0,0,80,73,-7,87,11,away,home,38,11
7/10/2011,310710011,2011,PHO,TUL,home,-14,-110,178.5,-110,102,63,-39,165,1021100066,60,28,1,1,1,1,1,1,1,102,63,-39,88,-32,home,home,60,-32
7/12/2011,310712014,2011,SEA,WAS,home,-10.5,-110,145.5,-110,79,71,-8,150,1021100067,43,37,1,1,1,1,1,1,1,79,71,-8,80,-6,home,home,43,-6
7/12/2011,310712017,2011,SAS,LAS,home,-7,-110,158,-110,74,84,10,158,1021100068,41,43,1,1,1,1,0,0,0,74,84,10,84,2,away,home,41,2
7/13/2011,310713009,2011,NYL,ATL,home,-4,-110,161.5,-110,91,69,-22,160,1021100069,54,37,1,1,1,1,1,1,1,91,69,-22,91,-17,home,home,54,-17
7/13/2011,310713019,2011,CHI,TUL,home,-12.5,-110,152.25,-110,72,54,-18,126,1021100070,43,31,1,1,1,1,1,1,1,72,54,-18,74,-12,home,home,43,-12
7/13/2011,310713008,2011,MIN,PHO,home,-6.5,-110,182,-110,105,112,7,217,1021100071,49,48,0,0,0,0,0,1,1,105,112,7,97,-1,home,home,49,-1
7/13/2011,310713005,2011,IND,CON,home,-5.5,-110,151.5,-110,90,78,-12,168,1021100072,53,30,1,1,1,1,1,1,1,90,78,-12,83,-23,home,home,53,-23
7/14/2011,310714017,2011,SAS,SEA,home,-5,-110,149.5,-110,69,66,-3,135,1021100073,32,23,1,1,1,1,1,1,1,69,66,-3,55,-9,home,home,32,-9
7/15/2011,310715009,2011,NYL,CON,home,-4.5,-110,156,-110,59,68,9,127,1021100075,33,34,1,0,0,0,1,0,0,59,68,9,67,1,away,home,33,1
7/15/2011,310715005,2011,IND,MIN,home,-4.5,-110,152,-110,70,80,10,150,1021100074,41,41,0,0,1,1,1,0,0,70,80,10,82,0,tie,home,41,0
7/15/2011,310715003,2011,TUL,LAS,home,8,-110,153,-110,74,79,5,153,1021100076,45,36,0,0,0,1,1,1,1,74,79,5,81,-9,home,home,45,-9
7/15/2011,310715011,2011,PHO,WAS,home,-11.5,-110,179.5,-110,78,64,-14,142,1021100077,36,27,1,1,1,1,1,1,1,78,64,-14,63,-9,home,home,36,-9
7/16/2011,310716020,2011,ATL,CHI,home,-5.5,-110,162.5,-110,76,68,-8,144,1021100078,33,33,1,1,1,1,1,0,0,76,68,-8,66,0,tie,home,33,0
7/16/2011,310716008,2011,MIN,SEA,home,-5,-110,146.5,-110,69,62,-7,131,1021100079,35,26,1,1,1,1,1,1,1,69,62,-7,61,-9,home,home,35,-9
7/17/2011,310717009,2011,NYL,TUL,home,-13,-110,153.5,-110,88,57,-31,145,1021100080,48,33,1,1,1,1,1,1,1,88,57,-31,81,-15,home,home,48,-15
7/17/2011,310717018,2011,CON,IND,home,-4.5,-110,151,-110,76,71,-5,147,1021100081,42,32,0,1,1,1,1,1,1,76,71,-5,74,-10,home,home,42,-10
7/17/2011,310717006,2011,LAS,WAS,home,-9,-110,151.5,-110,85,89,4,174,1021100082,47,25,1,1,1,1,1,1,1,85,89,4,72,-22,home,home,47,-22
7/18/2011,310718006,2011,LAS,SAS,home,3,-110,157.5,-110,69,79,10,148,1021100083,32,42,0,0,0,0,0,0,0,69,79,10,74,10,away,home,32,10
7/19/2011,310719020,2011,ATL,IND,home,2.5,-110,154.75,-110,84,74,-10,158,1021100084,44,36,1,1,1,1,1,1,1,84,74,-10,80,-8,home,home,44,-8
7/19/2011,310719019,2011,CHI,SEA,home,-3.5,-110,141.5,-110,78,69,-9,147,1021100085,30,33,1,1,1,1,1,1,1,78,69,-9,63,3,away,home,30,3
7/19/2011,310719018,2011,CON,NYL,home,-5,-110,153.75,-110,85,79,-6,164,1021100086,47,35,0,0,0,1,1,1,1,85,79,-6,82,-12,home,home,47,-12
7/20/2011,310720016,2011,WAS,ATL,home,-2.5,-110,154.5,-110,79,86,7,165,1021100087,38,39,0,0,1,1,1,1,1,79,86,7,77,1,away,home,38,1
7/20/2011,310720011,2011,PHO,MIN,home,-4.5,-110,186.5,-110,98,106,8,204,1021100088,51,50,1,1,1,1,0,0,1,98,106,8,101,-1,home,home,51,-1
7/21/2011,310721005,2011,IND,CHI,home,-6,-110,145,-110,77,63,-14,140,1021100089,41,27,1,1,1,1,1,1,1,77,63,-14,68,-14,home,home,41,-14
7/21/2011,310721014,2011,SEA,SAS,home,-4.5,-110,147,-110,73,55,-18,128,1021100090,38,22,0,1,1,1,1,1,1,73,55,-18,60,-16,home,home,38,-16
7/26/2011,310726016,2011,WAS,SAS,home,5,-110,154,-110,67,73,6,140,1021100091,34,37,0,0,1,0,1,0,0,67,73,6,71,3,away,home,34,3
7/26/2011,310726003,2011,TUL,ATL,home,8,-110,157.5,-110,68,76,8,144,1021100094,26,41,0,0,0,0,0,0,0,68,76,8,67,15,away,home,26,15
7/26/2011,310726008,2011,MIN,LAS,home,-9,-110,159.5,-110,85,72,-13,157,1021100093,43,30,1,1,1,1,1,1,1,85,72,-13,73,-13,home,home,43,-13
7/26/2011,310726019,2011,CHI,CON,home,-4,-110,151,-110,66,77,11,143,1021100092,32,34,0,0,1,1,0,0,0,66,77,11,66,2,away,home,32,2
7/26/2011,310726011,2011,PHO,SEA,home,-8,-110,167.5,-110,77,83,6,160,1021100095,43,40,1,1,1,1,1,1,1,77,83,6,83,-3,home,home,43,-3
7/28/2011,310728017,2011,SAS,PHO,home,-1,-110,182,-110,102,91,-11,193,1021100096,48,42,0,1,1,1,1,1,1,102,91,-11,90,-6,home,home,48,-6
7/28/2011,310728009,2011,NYL,WAS,home,-9,-110,150,-110,75,71,-4,146,1021100098,32,36,0,0,0,1,0,0,0,75,71,-4,68,4,away,home,32,4
7/28/2011,310728020,2011,ATL,LAS,home,-5,-110,162,-110,89,80,-9,169,1021100097,45,41,0,0,1,1,1,0,0,89,80,-9,86,-4,home,home,45,-4
7/28/2011,310728018,2011,CON,IND,home,-5,-110,151.5,-110,58,69,11,127,1021100099,25,34,0,0,0,0,0,0,0,58,69,11,59,9,away,home,25,9
7/28/2011,310728003,2011,TUL,CHI,home,7.5,-110,147,-110,55,64,9,119,1021100100,32,39,0,0,0,0,0,0,0,55,64,9,71,7,away,home,32,7
7/29/2011,310729016,2011,WAS,IND,home,6.5,-110,144.5,-110,59,61,2,120,1021100101,31,37,0,0,0,0,0,0,0,59,61,2,68,6,away,home,31,6
7/29/2011,310729008,2011,MIN,SEA,home,-8,-110,148.25,-110,92,67,-25,159,1021100102,49,30,1,1,1,1,1,1,1,92,67,-25,79,-19,home,home,49,-19
7/30/2011,310730009,2011,NYL,PHO,home,-2.5,-110,178,-110,84,91,7,175,1021100103,36,42,1,1,1,1,1,0,0,84,91,7,78,6,away,home,36,6
7/30/2011,310730003,2011,TUL,SEA,home,7,-110,142,-110,72,89,17,161,1021100105,35,48,0,0,0,0,0,0,0,72,89,17,83,13,away,home,35,13
7/30/2011,310730019,2011,CHI,LAS,home,-6.5,-110,149.5,-110,84,88,4,172,1021100104,35,51,0,0,0,0,0,0,0,84,88,4,86,16,away,home,35,16
7/31/2011,310731017,2011,SAS,MIN,home,3.5,-110,160,-110,69,70,1,139,1021100106,42,30,0,1,1,1,1,1,1,69,70,1,72,-12,home,home,42,-12
7/31/2011,310731018,2011,CON,ATL,home,-4.5,-110,162,-110,99,92,-7,191,1021100107,45,42,1,1,1,1,1,1,1,99,92,-7,87,-3,home,home,45,-3
7/31/2011,310731005,2011,IND,LAS,home,-10,-110,149,-110,98,63,-35,161,1021100108,53,30,0,1,1,1,1,1,1,98,63,-35,83,-23,home,home,53,-23
8/2/2011,310802020,2011,ATL,NYL,home,-6.5,-110,164.5,-110,75,85,10,160,1021100109,40,46,0,0,1,0,0,0,0,75,85,10,86,6,away,home,40,6
8/2/2011,310802008,2011,MIN,PHO,home,-6.5,-110,188,-110,90,73,-17,163,1021100110,41,38,0,1,1,1,1,1,1,90,73,-17,79,-3,home,home,41,-3
8/2/2011,310802014,2011,SEA,SAS,home,-5,-110,144.5,-110,78,64,-14,142,1021100111,44,33,1,1,1,1,1,1,1,78,64,-14,77,-11,home,home,44,-11
8/3/2011,310803006,2011,LAS,CON,home,3.5,-110,159.5,-110,70,79,9,149,1021100112,40,35,1,1,1,1,1,0,1,70,79,9,75,-5,home,home,40,-5
8/4/2011,310804009,2011,NYL,CHI,home,-6,-110,147.5,-110,59,49,-10,108,1021100113,23,26,0,0,0,0,0,0,0,59,49,-10,49,3,away,home,23,3
8/4/2011,310804008,2011,MIN,SAS,home,-9,-110,156.5,-110,62,60,-2,122,1021100114,17,23,0,0,0,0,0,0,1,62,60,-2,40,6,away,home,17,6
8/5/2011,310805003,2011,TUL,IND,home,9.5,-110,144.5,-110,65,85,20,150,1021100115,29,42,0,0,0,0,0,0,0,65,85,20,71,13,away,home,29,13
8/5/2011,310805014,2011,SEA,CON,home,-6,-110,147,-110,81,79,-2,160,1021100116,47,40,1,1,1,1,1,1,1,81,79,-2,87,-7,home,home,47,-7
8/6/2011,310806016,2011,WAS,NYL,home,4,-110,146.5,-110,91,81,-10,172,1021100117,50,38,1,1,1,1,1,1,1,91,81,-10,88,-12,home,home,50,-12
8/6/2011,310806017,2011,SAS,TUL,home,-15,-110,150,-110,72,64,-8,136,1021100118,28,21,1,1,1,1,1,1,1,72,64,-8,49,-7,home,home,28,-7
8/7/2011,310807020,2011,ATL,SEA,home,-5,-110,155,-110,70,53,-17,123,1021100119,34,22,1,1,1,1,1,1,1,70,53,-17,56,-12,home,home,34,-12
8/7/2011,310807011,2011,PHO,CON,home,-6.5,-110,184.5,-110,95,96,1,191,1021100120,46,41,0,1,1,1,1,1,1,95,96,1,87,-5,home,home,46,-5
8/7/2011,310807019,2011,CHI,IND,home,2.5,-110,142.5,-110,88,69,-19,157,1021100121,35,34,0,1,1,0,0,1,0,88,69,-19,69,-1,home,home,35,-1
8/7/2011,310807006,2011,LAS,MIN,home,7.5,-110,157.5,-110,78,84,6,162,1021100122,37,45,0,0,0,0,0,0,0,78,84,6,82,8,away,home,37,8
8/9/2011,310809016,2011,WAS,ATL,home,4.5,-110,156.5,-110,70,72,2,142,1021100124,38,39,1,1,1,0,1,0,0,70,72,2,77,1,away,home,38,1
8/9/2011,310809005,2011,IND,SAS,home,-6.5,-110,146.5,-110,81,68,-13,149,1021100123,39,23,1,1,1,1,1,1,1,81,68,-13,62,-16,home,home,39,-16
8/9/2011,310809018,2011,CON,CHI,home,-6.5,-110,149.25,-110,69,58,-11,127,1021100125,39,28,0,0,0,1,1,1,1,69,58,-11,67,-11,home,home,39,-11
8/9/2011,310809009,2011,NYL,SEA,home,-4.5,-110,144.75,-110,58,56,-2,114,1021100126,32,29,1,1,1,1,1,1,1,58,56,-2,61,-3,home,home,32,-3
8/9/2011,310809011,2011,PHO,MIN,home,-1,-110,186,-110,85,80,-5,165,1021100127,48,48,1,1,1,1,1,1,1,85,80,-5,96,0,tie,home,48,0
8/9/2011,310809006,2011,LAS,TUL,home,-10.5,-110,151,-110,71,66,-5,137,1021100128,31,27,1,1,1,1,1,0,0,71,66,-5,58,-4,home,home,31,-4
8/11/2011,310811018,2011,CON,SAS,home,-5.5,-110,151.5,-110,59,72,13,131,1021100129,24,40,0,0,0,0,0,0,0,59,72,13,64,16,away,home,24,16
8/11/2011,310811011,2011,PHO,ATL,home,-6,-110,185,-110,109,95,-14,204,1021100130,59,48,1,1,1,1,1,1,1,109,95,-14,107,-11,home,home,59,-11
8/11/2011,310811014,2011,SEA,TUL,home,-13.5,-110,142,-110,77,63,-14,140,1021100131,50,28,1,1,1,1,1,1,1,77,63,-14,78,-22,home,home,50,-22
8/12/2011,310812016,2011,WAS,NYL,home,3.5,-110,149.5,-110,64,63,-1,127,1021100132,36,39,0,1,0,0,0,0,0,64,63,-1,75,3,away,home,36,3
8/12/2011,310812019,2011,CHI,MIN,home,5.5,-110,149.5,-110,76,79,3,155,1021100133,39,47,1,1,0,0,0,0,0,76,79,3,86,8,away,home,39,8
8/12/2011,310812006,2011,LAS,PHO,home,5,-110,182.5,-110,93,90,-3,183,1021100134,41,44,0,0,0,0,0,0,0,93,90,-3,85,3,away,home,41,3
8/13/2011,310813018,2011,CON,WAS,home,-10,-110,151,-110,82,75,-7,157,1021100135,44,43,0,0,0,0,1,1,1,82,75,-7,87,-1,home,home,44,-1
8/13/2011,310813005,2011,IND,NYL,home,-7.5,-110,145.5,-110,82,71,-11,153,1021100136,38,32,0,1,1,1,1,1,1,82,71,-11,70,-6,home,home,38,-6
8/13/2011,310813014,2011,SEA,ATL,home,-6.5,-110,153,-110,63,92,29,155,1021100137,42,50,0,0,0,0,0,0,0,63,92,29,92,8,away,home,42,8
8/14/2011,310814017,2011,SAS,CHI,home,-5,-110,146.5,-110,73,85,12,158,1021100138,29,47,0,0,0,0,0,0,0,73,85,12,76,18,away,home,29,18
8/14/2011,310814008,2011,MIN,TUL,home,-17,-110,153,-110,82,54,-28,136,1021100139,39,25,1,1,1,1,1,1,1,82,54,-28,64,-14,home,home,39,-14
8/16/2011,310816009,2011,NYL,WAS,home,-8,-110,146.5,-110,69,66,-3,135,1021100140,36,27,1,1,1,1,1,1,1,69,66,-3,63,-9,home,home,36,-9
8/16/2011,310816018,2011,CON,MIN,home,2,-110,157.5,-110,108,79,-29,187,1021100141,57,42,1,1,1,1,1,1,1,108,79,-29,99,-15,home,home,57,-15
8/16/2011,310816017,2011,SAS,IND,home,2,-110,146.5,-110,63,65,2,128,1021100142,33,43,0,0,0,0,0,0,0,63,65,2,76,10,away,home,33,10
8/16/2011,310816011,2011,PHO,SEA,home,-6.5,-110,168.5,-110,81,79,-2,160,1021100143,28,43,0,0,0,0,0,0,0,81,79,-2,71,15,away,home,28,15
8/16/2011,310816006,2011,LAS,ATL,home,-1,-110,164,-110,79,84,5,163,1021100144,39,37,1,1,1,1,1,1,0,79,84,5,76,-2,home,home,39,-2
8/18/2011,310818009,2011,NYL,CON,home,-2,-110,151,-110,84,81,-3,165,1021100145,39,40,1,0,1,1,0,1,0,84,81,-3,79,1,away,home,39,1
8/18/2011,310818016,2011,WAS,MIN,home,8,-110,149,-110,62,81,19,143,1021100146,29,39,1,1,0,0,0,0,0,62,81,19,68,10,away,home,29,10
8/18/2011,310818006,2011,LAS,IND,home,-2,-110,152.5,-110,75,70,-5,145,1021100147,31,30,0,0,0,1,1,1,1,75,70,-5,61,-1,home,home,31,-1
8/19/2011,310819020,2011,ATL,CON,home,-6.5,-110,164,-110,94,88,-6,182,1021100148,41,50,0,0,1,0,0,0,0,94,88,-6,91,9,away,home,41,9
8/20/2011,310820016,2011,WAS,CHI,home,2.5,-110,145,-110,70,71,1,141,1021100149,38,42,0,0,0,1,0,0,0,70,71,1,80,4,away,home,38,4
8/20/2011,310820008,2011,MIN,LAS,home,-9,-110,157,-110,87,68,-19,155,1021100150,46,34,0,0,0,1,1,1,1,87,68,-19,80,-12,home,home,46,-12
8/20/2011,310820011,2011,PHO,SAS,home,-6.5,-110,179.5,-110,87,81,-6,168,1021100151,38,41,0,0,0,0,0,0,0,87,81,-6,79,3,away,home,38,3
8/20/2011,310820014,2011,SEA,NYL,home,-7,-110,142.5,-110,63,62,-1,125,1021100152,32,27,1,1,1,1,1,1,1,63,62,-1,59,-5,home,home,32,-5
8/21/2011,310821018,2011,CON,ATL,home,-3.5,-110,165.25,-110,96,87,-9,183,1021100153,48,41,0,0,0,0,1,1,1,96,87,-9,89,-7,home,home,48,-7
8/21/2011,310821005,2011,IND,WAS,home,-10.5,-110,143.75,-110,83,51,-32,134,1021100154,39,23,1,1,1,1,1,1,1,83,51,-32,62,-16,home,home,39,-16
8/21/2011,310821003,2011,TUL,LAS,home,8.5,-110,152.5,-110,67,73,6,140,1021100155,45,32,1,1,1,1,1,1,1,67,73,6,77,-13,home,home,45,-13
8/23/2011,310823016,2011,WAS,LAS,home,3.5,-110,149,-110,82,86,4,168,1021100156,37,41,0,0,0,0,0,0,0,82,86,4,78,4,away,home,37,4
8/23/2011,310823003,2011,TUL,MIN,home,13,-110,151,-110,72,78,6,150,1021100158,34,36,0,0,0,0,0,0,0,72,78,6,70,2,away,home,34,2
8/23/2011,310823019,2011,CHI,ATL,home,-2,-110,157,-110,80,83,3,163,1021100157,38,40,1,1,1,0,0,0,0,80,83,3,78,2,away,home,38,2
8/23/2011,310823011,2011,PHO,NYL,home,-5.5,-110,176.25,-110,70,74,4,144,1021100160,31,30,0,0,0,0,0,1,1,70,74,4,61,-1,home,home,31,-1
8/23/2011,310823014,2011,SEA,SAS,home,-6.5,-110,142.5,-110,63,55,-8,118,1021100159,26,28,1,1,1,1,0,1,0,63,55,-8,54,2,away,home,26,2
8/25/2011,310825014,2011,SEA,TUL,home,-14.5,-110,142,-110,74,57,-17,131,1021100161,28,25,0,1,1,1,1,1,1,74,57,-17,53,-3,home,home,28,-3
8/26/2011,310826018,2011,CON,PHO,home,-5,-110,179,-110,95,92,-3,187,1021100162,44,47,1,0,0,0,0,1,1,95,92,-3,91,3,away,home,44,3
8/26/2011,310826008,2011,MIN,SAS,home,-7.5,-110,150,-110,85,75,-10,160,1021100163,38,36,1,0,0,0,0,1,1,85,75,-10,74,-2,home,home,38,-2
8/26/2011,310826019,2011,CHI,WAS,home,-7.5,-110,144.5,-110,80,67,-13,147,1021100164,45,38,1,1,1,1,1,1,1,80,67,-13,83,-7,home,home,45,-7
8/26/2011,310826006,2011,LAS,TUL,home,-12.5,-110,149,-110,75,77,2,152,1021100165,39,40,1,1,1,1,1,1,0,75,77,2,79,1,away,home,39,1
8/27/2011,310827005,2011,IND,ATL,home,-4,-110,158.5,-110,80,86,6,166,1021100166,32,42,0,0,0,0,0,0,0,80,86,6,74,10,away,home,32,10
8/28/2011,310828017,2011,SAS,MIN,home,1.5,-110,152,-110,61,72,11,133,1021100167,40,42,1,0,1,0,0,0,0,61,72,11,82,2,away,home,40,2
8/28/2011,310828003,2011,TUL,CON,home,9,-110,151.5,-110,83,72,-11,155,1021100168,32,43,0,0,0,0,0,0,0,83,72,-11,75,11,away,home,32,11
8/28/2011,310828016,2011,WAS,PHO,home,5.5,-110,174,-110,79,86,7,165,1021100169,34,43,0,0,0,0,0,0,0,79,86,7,77,9,away,home,34,9
8/28/2011,310828019,2011,CHI,NYL,home,-4,-110,147,-110,74,73,-1,147,1021100170,40,40,0,0,1,1,1,1,1,74,73,-1,80,0,tie,home,40,0
8/28/2011,310828014,2011,SEA,LAS,home,-7,-110,145,-110,65,63,-2,128,1021100171,37,30,1,1,1,1,1,1,1,65,63,-2,67,-7,home,home,37,-7
8/30/2011,310830009,2011,NYL,CHI,home,-5.5,-110,144,-110,71,67,-4,138,1021100172,31,32,1,0,1,0,1,0,0,71,67,-4,63,1,away,home,31,1
8/30/2011,310830020,2011,ATL,IND,home,-3.5,-110,157.5,-110,92,90,-2,182,1021100173,46,49,0,0,1,1,1,0,0,92,90,-2,95,3,away,home,46,3
8/30/2011,310830017,2011,SAS,CON,home,-3,-110,152,-110,78,66,-12,144,1021100175,38,28,1,1,1,1,1,1,1,78,66,-12,66,-10,home,home,38,-10
8/30/2011,310830003,2011,TUL,PHO,home,8.5,-110,173.75,-110,74,96,22,170,1021100176,30,51,1,0,0,0,0,0,0,74,96,22,81,21,away,home,30,21
8/30/2011,310830008,2011,MIN,WAS,home,-13,-110,149,-110,73,56,-17,129,1021100174,36,33,1,1,1,0,1,1,1,73,56,-17,69,-3,home,home,36,-3
8/30/2011,310830006,2011,LAS,SEA,home,-3,-110,144.5,-110,68,62,-6,130,1021100177,32,24,0,0,1,1,1,1,1,68,62,-6,56,-8,home,home,32,-8
9/1/2011,310901016,2011,WAS,ATL,home,6,-110,158,-110,85,81,-4,166,1021100178,42,46,0,0,0,1,0,0,0,85,81,-4,88,4,away,home,42,4
9/1/2011,310901017,2011,SAS,PHO,home,-2,-110,176.25,-110,86,68,-18,154,1021100179,42,36,1,1,0,1,1,1,1,86,68,-18,78,-6,home,home,42,-6
9/2/2011,310902018,2011,CON,IND,home,-3,-110,151,-110,83,55,-28,138,1021100181,48,33,0,1,1,1,1,1,1,83,55,-28,81,-15,home,home,48,-15
9/2/2011,310902020,2011,ATL,WAS,home,-11.5,-110,158.5,-110,95,73,-22,168,1021100180,49,31,1,1,1,1,1,1,1,95,73,-22,80,-18,home,home,49,-18
9/2/2011,310902003,2011,TUL,SEA,home,9.5,-110,140.5,-110,72,78,6,150,1021100183,34,40,1,1,1,1,0,0,0,72,78,6,74,6,away,home,34,6
9/2/2011,310902008,2011,MIN,NYL,home,-7,-110,149.5,-110,62,78,16,140,1021100182,33,38,1,0,1,0,0,0,0,62,78,16,71,5,away,home,33,5
9/3/2011,310903017,2011,SAS,SEA,home,-3.5,-110,141,-110,60,70,10,130,1021100184,29,30,1,1,1,1,0,1,0,60,70,10,59,1,away,home,29,1
9/3/2011,310903011,2011,PHO,LAS,home,-7,-110,176.25,-110,93,77,-16,170,1021100185,48,40,0,0,1,1,1,1,1,93,77,-16,88,-8,home,home,48,-8
9/4/2011,310904020,2011,ATL,TUL,home,-14.5,-110,157,-110,73,52,-21,125,1021100186,36,26,0,0,0,1,1,1,1,73,52,-21,62,-10,home,home,36,-10
9/4/2011,310904009,2011,NYL,MIN,home,-2,-110,148,-110,68,86,18,154,1021100187,41,52,0,0,0,0,0,0,0,68,86,18,93,11,away,home,41,11
9/4/2011,310904016,2011,WAS,CON,home,6.5,-110,150,-110,48,79,31,127,1021100188,24,42,0,0,0,0,0,0,0,48,79,31,66,18,away,home,24,18
9/4/2011,310904019,2011,CHI,IND,home,3,-110,144.5,-110,80,88,8,168,1021100189,49,51,1,0,1,1,1,0,0,80,88,8,100,2,away,home,49,2
9/6/2011,310906020,2011,ATL,CON,home,-4.5,-110,167,-110,85,74,-11,159,1021100190,48,42,1,0,0,0,1,1,1,85,74,-11,90,-6,home,home,48,-6
9/6/2011,310906006,2011,LAS,SAS,home,-4.5,-110,149.5,-110,65,82,17,147,1021100191,34,39,0,1,0,0,0,0,0,65,82,17,73,5,away,home,34,5
9/7/2011,310907005,2011,IND,WAS,home,-13,-110,144,-110,87,69,-18,156,1021100192,36,37,1,1,1,1,1,0,1,87,69,-18,73,1,away,home,36,1
9/8/2011,310908008,2011,MIN,CHI,home,-8.5,-110,149.5,-110,78,69,-9,147,1021100193,41,32,1,1,1,1,1,1,1,78,69,-9,73,-9,home,home,41,-9
9/8/2011,310908011,2011,PHO,TUL,home,-15.5,-110,169.5,-110,91,76,-15,167,1021100194,48,45,0,1,1,1,1,1,1,91,76,-15,93,-3,home,home,48,-3
9/9/2011,310909009,2011,NYL,IND,home,-6.5,-110,145,-110,83,75,-8,158,1021100195,47,35,1,1,1,1,1,1,1,83,75,-8,82,-12,home,home,47,-12
9/9/2011,310909014,2011,SEA,PHO,home,-5.5,-110,162,-110,85,70,-15,155,1021100196,35,41,0,0,1,1,1,0,0,85,70,-15,76,6,away,home,35,6
9/9/2011,310909006,2011,LAS,TUL,home,-11,-110,150,-110,84,73,-11,157,1021100197,50,39,1,1,1,1,1,1,1,84,73,-11,89,-11,home,home,50,-11
9/10/2011,310910017,2011,SAS,WAS,home,-8.5,-110,146,-110,82,74,-8,156,1021100198,34,41,0,0,0,0,0,0,0,82,74,-8,75,7,away,home,34,7
9/10/2011,310910006,2011,LAS,CHI,home,-3,-110,150,-110,74,67,-7,141,1021100199,34,33,0,0,0,0,1,1,1,74,67,-7,67,-1,home,home,34,-1
9/11/2011,310911018,2011,CON,NYL,home,-5,-110,150,-110,69,63,-6,132,1021100200,26,33,1,1,1,0,0,0,0,69,63,-6,59,7,away,home,26,7
9/11/2011,310911005,2011,IND,ATL,home,-1.5,-110,160,-110,88,93,5,181,1021100201,55,47,1,0,0,0,0,0,1,88,93,5,102,-8,home,home,55,-8
9/11/2011,310911011,2011,PHO,MIN,home,1,-110,170,-110,90,96,6,186,1021100202,45,52,1,1,0,1,0,1,0,90,96,6,97,7,away,home,45,7
9/11/2011,310911003,2011,TUL,SAS,home,4.5,-110,148,-110,94,102,8,196,1021100203,52,51,1,1,0,0,0,0,1,94,102,8,103,-1,home,home,52,-1
9/11/2011,310911014,2011,SEA,CHI,home,-8,-110,141.5,-110,81,70,-11,151,1021100204,41,33,1,1,1,1,1,1,1,81,70,-11,74,-8,home,home,41,-8
9/15/2011,310915005,2011,IND,NYL,home,-5,-110,147,-110,74,72,-2,146,1041100101,44,34,1,1,1,1,1,1,1,74,72,-2,78,-10,home,home,44,-10
9/15/2011,310915014,2011,SEA,PHO,home,-5.5,-110,162.5,-110,80,61,-19,141,1041100131,40,31,1,1,0,1,1,1,1,80,61,-19,71,-9,home,home,40,-9
9/16/2011,310916018,2011,CON,ATL,home,-3.5,-110,164.5,-110,84,89,5,173,1041100111,41,39,1,0,1,1,1,1,1,84,89,5,80,-2,home,home,41,-2
9/16/2011,310916008,2011,MIN,SAS,home,-9,-110,149,-110,66,65,-1,131,1041100121,32,35,0,0,0,0,1,0,0,66,65,-1,67,3,away,home,32,3
9/17/2011,310917009,2011,NYL,IND,home,-4.5,-110,148,-110,87,72,-15,159,1041100102,50,41,0,0,0,0,0,1,1,87,72,-15,91,-9,home,home,50,-9
9/17/2011,310917011,2011,PHO,SEA,home,-3.5,-110,161,-110,92,83,-9,175,1041100132,51,40,1,1,1,1,1,1,1,92,83,-9,91,-11,home,home,51,-11
9/18/2011,310918020,2011,ATL,CON,home,-5.5,-110,166,-110,69,64,-5,133,1041100112,31,36,1,1,1,1,0,0,0,69,64,-5,67,5,away,home,31,5
9/18/2011,310918017,2011,SAS,MIN,home,3,-110,149,-110,84,75,-9,159,1041100122,40,37,1,1,1,1,1,1,1,84,75,-9,77,-3,home,home,40,-3
9/19/2011,310919005,2011,IND,NYL,home,-5,-110,146,-110,72,62,-10,134,1041100103,40,36,1,1,0,0,1,1,1,72,62,-10,76,-4,home,home,40,-4
9/19/2011,310919014,2011,SEA,PHO,home,-5.5,-110,162,-110,75,77,2,152,1041100133,39,30,1,1,1,1,1,1,1,75,77,2,69,-9,home,home,39,-9
9/20/2011,310920008,2011,MIN,SAS,home,-8,-110,147,-110,85,67,-18,152,1041100123,44,36,0,0,0,1,1,1,1,85,67,-18,80,-8,home,home,44,-8
9/22/2011,310922005,2011,IND,ATL,home,-2.5,-110,157.5,-110,82,74,-8,156,1041100201,42,40,1,0,0,1,1,1,1,82,74,-8,82,-2,home,home,42,-2
9/27/2011,310927005,2011,IND,ATL,home,-2,-110,157.5,-110,67,83,16,150,1041100203,35,39,1,1,0,0,0,0,0,67,83,16,74,4,away,home,35,4
9/25/2011,310925020,2011,ATL,IND,home,-4,-110,157,-110,94,77,-17,171,1041100202,55,51,1,1,1,1,1,1,1,94,77,-17,106,-4,home,home,55,-4
9/22/2011,310922008,2011,MIN,PHO,home,-7,-110,175.5,-110,95,67,-28,162,1041100211,47,36,1,1,1,1,1,1,1,95,67,-28,83,-11,home,home,47,-11
9/25/2011,310925011,2011,PHO,MIN,home,-1,-110,176.5,-110,86,103,17,189,1041100212,45,43,1,0,0,1,1,1,1,86,103,17,88,-2,home,home,45,-2
10/2/2011,311002008,2011,MIN,ATL,home,-6.5,-110,163.5,-110,88,74,-14,162,1041100301,36,39,1,0,0,0,0,0,1,88,74,-14,75,3,away,home,36,3
10/5/2011,311005008,2011,MIN,ATL,home,-5.5,-110,163.5,-110,101,95,-6,196,1041100302,50,58,1,0,1,0,0,0,0,101,95,-6,108,8,away,home,50,8
10/7/2011,311007020,2011,ATL,MIN,home,-4.5,-110,167,-110,67,73,6,140,1041100303,37,33,1,1,1,0,1,1,0,67,73,6,70,-4,home,home,37,-4
6/3/2011,310603006,2011,MIN,LAS,away,3,-110,156,-110,74,82,8,156,1021100001,37,43,1,1,1,1,1,1,1,82,74,-8,80,6,away,away,43,-6
6/4/2011,310604018,2011,WAS,CON,away,5.5,-110,147.5,-110,73,89,16,162,1021100003,45,39,1,1,1,0,0,0,0,89,73,-16,84,-6,home,away,39,6
6/4/2011,310604005,2011,CHI,IND,away,7,-110,145.5,-110,57,65,8,122,1021100004,33,29,0,0,0,0,0,0,0,65,57,-8,62,-4,home,away,29,4
6/4/2011,400182104,2011,CHI,IND,away,7,-110,145.5,-110,57,65,8,122,1021100004,33,29,0,0,0,0,0,0,0,65,57,-8,62,-4,home,away,29,4
6/4/2011,310604017,2011,TUL,SAS,away,9,-110,161.75,-110,73,93,20,166,1021100005,51,26,1,0,0,0,0,0,0,93,73,-20,77,-25,home,away,26,25
6/5/2011,310605020,2011,NYL,ATL,away,7,-110,163.5,-110,94,88,-6,182,1021100006,38,40,1,1,1,1,1,0,1,88,94,6,78,2,away,away,40,-2
6/5/2011,310605008,2011,LAS,MIN,away,5.5,-110,154,-110,69,86,17,155,1021100007,46,40,0,1,0,0,0,0,0,86,69,-17,86,-6,home,away,40,6
6/7/2011,310607008,2011,TUL,MIN,away,12,-110,166.5,-110,65,75,10,140,1021100008,39,28,0,0,0,0,0,0,0,75,65,-10,67,-11,home,away,28,11
6/9/2011,310609020,2011,WAS,ATL,away,7.5,-110,157.5,-110,98,90,-8,188,1021100009,47,40,0,0,0,0,0,0,0,90,98,8,87,-7,home,away,40,7
6/9/2011,310609014,2011,MIN,SEA,away,7,-110,151.5,-110,81,74,-7,155,1021100010,24,50,1,1,1,1,1,1,1,74,81,7,74,26,away,away,50,-26
6/10/2011,310610005,2011,NYL,IND,away,5.5,-110,145,-110,81,80,-1,161,1021100011,42,52,0,0,0,0,0,1,1,80,81,1,94,10,away,away,52,-10
6/10/2011,310610003,2011,SAS,TUL,away,-7,-110,160.5,-110,93,62,-31,155,1021100012,28,48,1,1,1,1,1,1,1,62,93,31,76,20,away,away,48,-20
6/10/2011,310610019,2011,CON,CHI,away,2,-110,151.5,-110,75,78,3,153,1021100013,37,35,0,0,0,0,0,0,0,78,75,-3,72,-2,home,away,35,2
6/10/2011,310610006,2011,PHO,LAS,away,3,-110,175,-110,84,98,14,182,1021100014,54,40,1,0,0,0,1,0,0,98,84,-14,94,-14,home,away,40,14
6/11/2011,310611009,2011,IND,NYL,away,2,-110,146,-110,86,80,-6,166,1021100015,49,45,0,1,0,0,0,1,0,80,86,6,94,-4,home,away,45,4
6/11/2011,310611016,2011,CHI,WAS,away,4.5,-110,147,-110,84,77,-7,161,1021100016,33,51,1,1,1,1,1,1,1,77,84,7,84,18,away,away,51,-18
6/11/2011,310611017,2011,ATL,SAS,away,-2.5,-110,167.5,-110,74,86,12,160,1021100017,28,35,1,1,1,1,1,1,1,86,74,-12,63,7,away,away,35,-7
6/12/2011,310612018,2011,TUL,CON,away,15.5,-110,164,-110,79,90,11,169,1021100018,49,42,0,0,0,0,0,0,0,90,79,-11,91,-7,home,away,42,7
6/14/2011,310614009,2011,ATL,NYL,away,-1.5,-110,163.75,-110,79,58,-21,137,1021100020,32,44,0,0,1,1,1,1,1,58,79,21,76,12,away,away,44,-12
6/14/2011,310614005,2011,TUL,IND,away,14,-110,157.5,-110,74,82,8,156,1021100019,42,43,1,0,0,0,0,0,0,82,74,-8,85,1,away,away,43,-1
6/16/2011,310616016,2011,CON,WAS,away,2.5,-110,153,-110,79,71,-8,150,1021100021,37,43,1,1,1,1,1,1,1,71,79,8,80,6,away,away,43,-6
6/17/2011,310617008,2011,ATL,MIN,away,3.5,-110,166.5,-110,85,96,11,181,1021100022,39,39,1,1,1,1,0,1,0,96,85,-11,78,0,tie,away,39,-0
6/17/2011,310617019,2011,NYL,CHI,away,5.5,-110,147.5,-110,73,85,12,158,1021100023,31,36,0,1,1,1,1,1,1,85,73,-12,67,5,away,away,36,-5
6/17/2011,310617011,2011,SAS,PHO,away,7,-110,179.5,-110,101,99,-2,200,1021100024,51,37,0,0,0,0,0,0,0,99,101,2,88,-14,home,away,37,14
6/17/2011,310617014,2011,IND,SEA,away,6,-110,148.5,-110,54,68,14,122,1021100025,37,19,0,0,0,0,0,0,0,68,54,-14,56,-18,home,away,19,18
6/18/2011,310618003,2011,WAS,TUL,away,-4,-110,158.25,-110,59,77,18,136,1021100026,26,32,1,0,1,1,1,0,0,77,59,-18,58,6,away,away,32,-6
6/19/2011,310619018,2011,CHI,CON,away,6,-110,151.5,-110,68,83,15,151,1021100027,48,33,0,0,0,0,0,0,0,83,68,-15,81,-15,home,away,33,15
6/19/2011,310619020,2011,MIN,ATL,away,3,-110,169.5,-110,77,64,-13,141,1021100028,31,43,1,1,1,1,1,1,1,64,77,13,74,12,away,away,43,-12
6/19/2011,310619011,2011,IND,PHO,away,3.5,-110,174.5,-110,89,93,4,182,1021100029,41,50,0,0,0,0,1,1,1,93,89,-4,91,9,away,away,50,-9
6/19/2011,310619006,2011,SEA,LAS,away,-2.5,-110,150,-110,50,74,24,124,1021100030,39,25,0,0,0,0,0,0,0,74,50,-24,64,-14,home,away,25,14
6/21/2011,310621020,2011,CHI,ATL,away,5,-110,160.5,-110,68,71,3,139,1021100031,43,31,0,0,0,0,0,0,0,71,68,-3,74,-12,home,away,31,12
6/21/2011,310621016,2011,IND,WAS,away,-2,-110,147,-110,89,80,-9,169,1021100032,39,42,0,0,0,0,1,1,1,80,89,9,81,3,away,away,42,-3
6/21/2011,310621017,2011,PHO,SAS,away,3.5,-110,181.5,-110,105,98,-7,203,1021100033,43,52,1,1,1,1,1,1,1,98,105,7,95,9,away,away,52,-9
6/21/2011,310621003,2011,SEA,TUL,away,-6.5,-110,152,-110,82,77,-5,159,1021100034,37,31,0,0,0,0,0,0,1,77,82,5,68,-6,home,away,31,6
6/21/2011,310621006,2011,NYL,LAS,away,7.5,-110,152.5,-110,91,96,5,187,1021100035,53,53,1,1,1,1,0,0,0,96,91,-5,106,0,tie,away,53,-0
6/23/2011,310623003,2011,NYL,TUL,away,-5.5,-110,159.5,-110,94,82,-12,176,1021100036,32,46,1,1,1,1,1,1,1,82,94,12,78,14,away,away,46,-14
6/23/2011,310623019,2011,CON,CHI,away,2.5,-110,156.5,-110,101,107,6,208,1021100037,38,34,0,0,0,0,0,0,0,107,101,-6,72,-4,home,away,34,4
6/24/2011,310624020,2011,PHO,ATL,away,2.5,-110,184.5,-110,92,83,-9,175,1021100038,43,51,1,1,1,1,1,1,1,83,92,9,94,8,away,away,51,-8
6/24/2011,310624017,2011,LAS,SAS,away,2.5,-110,161.5,-110,80,90,10,170,1021100039,42,43,1,1,1,1,1,1,1,90,80,-10,85,1,away,away,43,-1
6/24/2011,310624014,2011,MIN,SEA,away,3,-110,151,-110,55,65,10,120,1021100040,35,25,0,0,0,0,0,0,0,65,55,-10,60,-10,home,away,25,10
6/25/2011,310625005,2011,CON,IND,away,3.5,-110,154.25,-110,70,75,5,145,1021100041,39,32,0,1,1,1,1,0,0,75,70,-5,71,-7,home,away,32,7
6/25/2011,310625019,2011,PHO,CHI,away,4,-110,176,-110,86,78,-8,164,1021100042,40,37,0,0,1,1,0,0,0,78,86,8,77,-3,home,away,37,3
6/26/2011,310626020,2011,SAS,ATL,away,2.5,-110,167,-110,92,86,-6,178,1021100043,41,40,0,1,1,1,1,1,1,86,92,6,81,-1,home,away,40,1
6/26/2011,310626009,2011,LAS,NYL,away,-1,-110,156,-110,67,77,10,144,1021100044,41,33,1,1,0,0,1,0,0,77,67,-10,74,-8,home,away,33,8
6/26/2011,310626016,2011,TUL,WAS,away,7.5,-110,153.5,-110,63,83,20,146,1021100045,41,35,0,0,0,0,0,0,0,83,63,-20,76,-6,home,away,35,6
6/26/2011,310626008,2011,IND,MIN,away,7.5,-110,151.5,-110,78,75,-3,153,1021100046,41,40,1,1,1,1,1,0,0,75,78,3,81,-1,home,away,40,1
6/28/2011,310628005,2011,PHO,IND,away,4,-110,174.25,-110,86,91,5,177,1021100047,45,39,0,0,0,0,1,0,0,91,86,-5,84,-6,home,away,39,6
6/28/2011,310628018,2011,LAS,CON,away,6.5,-110,153.5,-110,76,79,3,155,1021100049,41,42,0,0,0,0,0,0,0,79,76,-3,83,1,away,away,42,-1
6/28/2011,310628019,2011,SAS,CHI,away,3,-110,159,-110,84,74,-10,158,1021100048,37,34,1,1,0,1,1,0,1,74,84,10,71,-3,home,away,34,3
6/30/2011,310630020,2011,NYL,ATL,away,5.5,-110,164.5,-110,81,87,6,168,1021100050,37,44,1,1,1,1,1,1,1,87,81,-6,81,7,away,away,44,-7
6/30/2011,310630003,2011,MIN,TUL,away,-8.5,-110,161,-110,101,71,-30,172,1021100051,30,54,1,1,1,1,1,1,1,71,101,30,84,24,away,away,54,-24
7/1/2011,310701009,2011,SAS,NYL,away,-2,-110,161,-110,75,81,6,156,1021100052,39,34,0,0,0,0,0,0,0,81,75,-6,73,-5,home,away,34,5
7/1/2011,310701018,2011,SEA,CON,away,4,-110,149,-110,70,75,5,145,1021100053,45,33,0,0,0,0,0,0,0,75,70,-5,78,-12,home,away,33,12
7/1/2011,310701011,2011,CHI,PHO,away,6,-110,175.5,-110,84,97,13,181,1021100054,48,49,1,1,1,1,1,1,1,97,84,-13,97,1,away,away,49,-1
7/3/2011,310703016,2011,SEA,WAS,away,-5,-110,146,-110,73,63,-10,136,1021100055,26,35,0,1,1,1,1,1,1,63,73,10,61,9,away,away,35,-9
7/5/2011,310705005,2011,SEA,IND,away,5.5,-110,143,-110,61,78,17,139,1021100056,42,27,0,0,0,0,0,0,0,78,61,-17,69,-15,home,away,27,15
7/5/2011,310705019,2011,WAS,CHI,away,6,-110,150.5,-110,65,78,13,143,1021100057,35,24,0,0,0,0,0,0,0,78,65,-13,59,-11,home,away,24,11
7/5/2011,310705011,2011,LAS,PHO,away,5,-110,178,-110,82,101,19,183,1021100058,42,50,1,0,0,1,1,1,1,101,82,-19,92,8,away,away,50,-8
7/8/2011,310708017,2011,NYL,SAS,away,5.5,-110,163,-110,76,73,-3,149,1021100059,31,37,1,0,1,0,1,1,1,73,76,3,68,6,away,away,37,-6
7/8/2011,310708003,2011,PHO,TUL,away,-10.5,-110,183.5,-110,86,78,-8,164,1021100060,39,46,1,1,1,1,1,1,1,78,86,8,85,7,away,away,46,-7
7/9/2011,310709005,2011,WAS,IND,away,9,-110,147.5,-110,57,68,11,125,1021100061,25,33,1,1,1,1,1,1,1,68,57,-11,58,8,away,away,33,-8
7/9/2011,310709008,2011,CON,MIN,away,8,-110,161.5,-110,67,90,23,157,1021100063,44,43,1,1,0,0,0,0,0,90,67,-23,87,-1,home,away,43,1
7/9/2011,310709019,2011,ATL,CHI,away,3.5,-110,162,-110,69,81,12,150,1021100062,31,39,1,1,1,1,1,1,1,81,69,-12,70,8,away,away,39,-8
7/9/2011,310709014,2011,LAS,SEA,away,8.5,-110,145.5,-110,80,99,19,179,1021100064,38,39,1,1,1,1,1,0,0,99,80,-19,77,1,away,away,39,-1
7/10/2011,310710009,2011,CHI,NYL,away,6.5,-110,151.5,-110,73,80,7,153,1021100065,38,49,1,1,1,1,1,1,1,80,73,-7,87,11,away,away,49,-11
7/10/2011,310710011,2011,TUL,PHO,away,14,-110,178.5,-110,63,102,39,165,1021100066,60,28,0,0,0,0,0,0,0,102,63,-39,88,-32,home,away,28,32
7/12/2011,310712014,2011,WAS,SEA,away,10.5,-110,145.5,-110,71,79,8,150,1021100067,43,37,0,0,0,0,0,0,0,79,71,-8,80,-6,home,away,37,6
7/12/2011,310712017,2011,LAS,SAS,away,7,-110,158,-110,84,74,-10,158,1021100068,41,43,0,0,0,0,1,1,1,74,84,10,84,2,away,away,43,-2
7/13/2011,310713009,2011,ATL,NYL,away,4,-110,161.5,-110,69,91,22,160,1021100069,54,37,0,0,0,0,0,0,0,91,69,-22,91,-17,home,away,37,17
7/13/2011,310713019,2011,TUL,CHI,away,12.5,-110,152.25,-110,54,72,18,126,1021100070,43,31,0,0,0,0,0,0,0,72,54,-18,74,-12,home,away,31,12
7/13/2011,310713008,2011,PHO,MIN,away,6.5,-110,182,-110,112,105,-7,217,1021100071,49,48,1,1,1,1,1,0,0,105,112,7,97,-1,home,away,48,1
7/13/2011,310713005,2011,CON,IND,away,5.5,-110,151.5,-110,78,90,12,168,1021100072,53,30,0,0,0,0,0,0,0,90,78,-12,83,-23,home,away,30,23
7/14/2011,310714017,2011,SEA,SAS,away,5,-110,149.5,-110,66,69,3,135,1021100073,32,23,0,0,0,0,0,0,0,69,66,-3,55,-9,home,away,23,9
7/15/2011,310715009,2011,CON,NYL,away,4.5,-110,156,-110,68,59,-9,127,1021100075,33,34,0,1,1,1,0,1,1,59,68,9,67,1,away,away,34,-1
7/15/2011,310715005,2011,MIN,IND,away,4.5,-110,152,-110,80,70,-10,150,1021100074,41,41,1,1,0,0,0,1,1,70,80,10,82,0,tie,away,41,-0
7/15/2011,310715003,2011,LAS,TUL,away,-8,-110,153,-110,79,74,-5,153,1021100076,45,36,1,1,1,0,0,0,0,74,79,5,81,-9,home,away,36,9
7/15/2011,310715011,2011,WAS,PHO,away,11.5,-110,179.5,-110,64,78,14,142,1021100077,36,27,0,0,0,0,0,0,0,78,64,-14,63,-9,home,away,27,9
7/16/2011,310716020,2011,CHI,ATL,away,5.5,-110,162.5,-110,68,76,8,144,1021100078,33,33,0,0,0,0,0,1,1,76,68,-8,66,0,tie,away,33,-0
7/16/2011,310716008,2011,SEA,MIN,away,5,-110,146.5,-110,62,69,7,131,1021100079,35,26,0,0,0,0,0,0,0,69,62,-7,61,-9,home,away,26,9
7/17/2011,310717009,2011,TUL,NYL,away,13,-110,153.5,-110,57,88,31,145,1021100080,48,33,0,0,0,0,0,0,0,88,57,-31,81,-15,home,away,33,15
7/17/2011,310717018,2011,IND,CON,away,4.5,-110,151,-110,71,76,5,147,1021100081,42,32,1,0,0,0,0,0,0,76,71,-5,74,-10,home,away,32,10
7/17/2011,310717006,2011,WAS,LAS,away,9,-110,151.5,-110,89,85,-4,174,1021100082,47,25,0,0,0,0,0,0,0,85,89,4,72,-22,home,away,25,22
7/18/2011,310718006,2011,SAS,LAS,away,-3,-110,157.5,-110,79,69,-10,148,1021100083,32,42,1,1,1,1,1,1,1,69,79,10,74,10,away,away,42,-10
7/19/2011,310719020,2011,IND,ATL,away,-2.5,-110,154.75,-110,74,84,10,158,1021100084,44,36,0,0,0,0,0,0,0,84,74,-10,80,-8,home,away,36,8
7/19/2011,310719019,2011,SEA,CHI,away,3.5,-110,141.5,-110,69,78,9,147,1021100085,30,33,0,0,0,0,0,0,0,78,69,-9,63,3,away,away,33,-3
7/19/2011,310719018,2011,NYL,CON,away,5,-110,153.75,-110,79,85,6,164,1021100086,47,35,1,1,1,0,0,0,0,85,79,-6,82,-12,home,away,35,12
7/20/2011,310720016,2011,ATL,WAS,away,2.5,-110,154.5,-110,86,79,-7,165,1021100087,38,39,1,1,0,0,0,0,0,79,86,7,77,1,away,away,39,-1
7/20/2011,310720011,2011,MIN,PHO,away,4.5,-110,186.5,-110,106,98,-8,204,1021100088,51,50,0,0,0,0,1,1,0,98,106,8,101,-1,home,away,50,1
7/21/2011,310721005,2011,CHI,IND,away,6,-110,145,-110,63,77,14,140,1021100089,41,27,0,0,0,0,0,0,0,77,63,-14,68,-14,home,away,27,14
7/21/2011,310721014,2011,SAS,SEA,away,4.5,-110,147,-110,55,73,18,128,1021100090,38,22,1,0,0,0,0,0,0,73,55,-18,60,-16,home,away,22,16
7/26/2011,310726016,2011,SAS,WAS,away,-5,-110,154,-110,73,67,-6,140,1021100091,34,37,1,1,0,1,0,1,1,67,73,6,71,3,away,away,37,-3
7/26/2011,310726003,2011,ATL,TUL,away,-8,-110,157.5,-110,76,68,-8,144,1021100094,26,41,1,1,1,1,1,1,1,68,76,8,67,15,away,away,41,-15
7/26/2011,310726008,2011,LAS,MIN,away,9,-110,159.5,-110,72,85,13,157,1021100093,43,30,0,0,0,0,0,0,0,85,72,-13,73,-13,home,away,30,13
7/26/2011,310726019,2011,CON,CHI,away,4,-110,151,-110,77,66,-11,143,1021100092,32,34,1,1,0,0,1,1,1,66,77,11,66,2,away,away,34,-2
7/26/2011,310726011,2011,SEA,PHO,away,8,-110,167.5,-110,83,77,-6,160,1021100095,43,40,0,0,0,0,0,0,0,77,83,6,83,-3,home,away,40,3
7/28/2011,310728017,2011,PHO,SAS,away,1,-110,182,-110,91,102,11,193,1021100096,48,42,1,0,0,0,0,0,0,102,91,-11,90,-6,home,away,42,6
7/28/2011,310728009,2011,WAS,NYL,away,9,-110,150,-110,71,75,4,146,1021100098,32,36,1,1,1,0,1,1,1,75,71,-4,68,4,away,away,36,-4
7/28/2011,310728020,2011,LAS,ATL,away,5,-110,162,-110,80,89,9,169,1021100097,45,41,1,1,0,0,0,1,1,89,80,-9,86,-4,home,away,41,4
7/28/2011,310728018,2011,IND,CON,away,5,-110,151.5,-110,69,58,-11,127,1021100099,25,34,1,1,1,1,1,1,1,58,69,11,59,9,away,away,34,-9
7/28/2011,310728003,2011,CHI,TUL,away,-7.5,-110,147,-110,64,55,-9,119,1021100100,32,39,1,1,1,1,1,1,1,55,64,9,71,7,away,away,39,-7
7/29/2011,310729016,2011,IND,WAS,away,-6.5,-110,144.5,-110,61,59,-2,120,1021100101,31,37,1,1,1,1,1,1,1,59,61,2,68,6,away,away,37,-6
7/29/2011,310729008,2011,SEA,MIN,away,8,-110,148.25,-110,67,92,25,159,1021100102,49,30,0,0,0,0,0,0,0,92,67,-25,79,-19,home,away,30,19
7/30/2011,310730009,2011,PHO,NYL,away,2.5,-110,178,-110,91,84,-7,175,1021100103,36,42,0,0,0,0,0,1,1,84,91,7,78,6,away,away,42,-6
7/30/2011,310730003,2011,SEA,TUL,away,-7,-110,142,-110,89,72,-17,161,1021100105,35,48,1,1,1,1,1,1,1,72,89,17,83,13,away,away,48,-13
7/30/2011,310730019,2011,LAS,CHI,away,6.5,-110,149.5,-110,88,84,-4,172,1021100104,35,51,1,1,1,1,1,1,1,84,88,4,86,16,away,away,51,-16
7/31/2011,310731017,2011,MIN,SAS,away,-3.5,-110,160,-110,70,69,-1,139,1021100106,42,30,1,0,0,0,0,0,0,69,70,1,72,-12,home,away,30,12
7/31/2011,310731018,2011,ATL,CON,away,4.5,-110,162,-110,92,99,7,191,1021100107,45,42,0,0,0,0,0,0,0,99,92,-7,87,-3,home,away,42,3
7/31/2011,310731005,2011,LAS,IND,away,10,-110,149,-110,63,98,35,161,1021100108,53,30,1,0,0,0,0,0,0,98,63,-35,83,-23,home,away,30,23
8/2/2011,310802020,2011,NYL,ATL,away,6.5,-110,164.5,-110,85,75,-10,160,1021100109,40,46,1,1,0,1,1,1,1,75,85,10,86,6,away,away,46,-6
8/2/2011,310802008,2011,PHO,MIN,away,6.5,-110,188,-110,73,90,17,163,1021100110,41,38,1,0,0,0,0,0,0,90,73,-17,79,-3,home,away,38,3
8/2/2011,310802014,2011,SAS,SEA,away,5,-110,144.5,-110,64,78,14,142,1021100111,44,33,0,0,0,0,0,0,0,78,64,-14,77,-11,home,away,33,11
8/3/2011,310803006,2011,CON,LAS,away,-3.5,-110,159.5,-110,79,70,-9,149,1021100112,40,35,0,0,0,0,0,1,0,70,79,9,75,-5,home,away,35,5
8/4/2011,310804009,2011,CHI,NYL,away,6,-110,147.5,-110,49,59,10,108,1021100113,23,26,1,1,1,1,1,1,1,59,49,-10,49,3,away,away,26,-3
8/4/2011,310804008,2011,SAS,MIN,away,9,-110,156.5,-110,60,62,2,122,1021100114,17,23,1,1,1,1,1,1,0,62,60,-2,40,6,away,away,23,-6
8/5/2011,310805003,2011,IND,TUL,away,-9.5,-110,144.5,-110,85,65,-20,150,1021100115,29,42,1,1,1,1,1,1,1,65,85,20,71,13,away,away,42,-13
8/5/2011,310805014,2011,CON,SEA,away,6,-110,147,-110,79,81,2,160,1021100116,47,40,0,0,0,0,0,0,0,81,79,-2,87,-7,home,away,40,7
8/6/2011,310806016,2011,NYL,WAS,away,-4,-110,146.5,-110,81,91,10,172,1021100117,50,38,0,0,0,0,0,0,0,91,81,-10,88,-12,home,away,38,12
8/6/2011,310806017,2011,TUL,SAS,away,15,-110,150,-110,64,72,8,136,1021100118,28,21,0,0,0,0,0,0,0,72,64,-8,49,-7,home,away,21,7
8/7/2011,310807020,2011,SEA,ATL,away,5,-110,155,-110,53,70,17,123,1021100119,34,22,0,0,0,0,0,0,0,70,53,-17,56,-12,home,away,22,12
8/7/2011,310807011,2011,CON,PHO,away,6.5,-110,184.5,-110,96,95,-1,191,1021100120,46,41,1,0,0,0,0,0,0,95,96,1,87,-5,home,away,41,5
8/7/2011,310807019,2011,IND,CHI,away,-2.5,-110,142.5,-110,69,88,19,157,1021100121,35,34,1,0,0,1,1,0,1,88,69,-19,69,-1,home,away,34,1
8/7/2011,310807006,2011,MIN,LAS,away,-7.5,-110,157.5,-110,84,78,-6,162,1021100122,37,45,1,1,1,1,1,1,1,78,84,6,82,8,away,away,45,-8
8/9/2011,310809016,2011,ATL,WAS,away,-4.5,-110,156.5,-110,72,70,-2,142,1021100124,38,39,0,0,0,1,0,1,1,70,72,2,77,1,away,away,39,-1
8/9/2011,310809005,2011,SAS,IND,away,6.5,-110,146.5,-110,68,81,13,149,1021100123,39,23,0,0,0,0,0,0,0,81,68,-13,62,-16,home,away,23,16
8/9/2011,310809018,2011,CHI,CON,away,6.5,-110,149.25,-110,58,69,11,127,1021100125,39,28,1,1,1,0,0,0,0,69,58,-11,67,-11,home,away,28,11
8/9/2011,310809009,2011,SEA,NYL,away,4.5,-110,144.75,-110,56,58,2,114,1021100126,32,29,0,0,0,0,0,0,0,58,56,-2,61,-3,home,away,29,3
8/9/2011,310809011,2011,MIN,PHO,away,1,-110,186,-110,80,85,5,165,1021100127,48,48,0,0,0,0,0,0,0,85,80,-5,96,0,tie,away,48,-0
8/9/2011,310809006,2011,TUL,LAS,away,10.5,-110,151,-110,66,71,5,137,1021100128,31,27,0,0,0,0,0,1,1,71,66,-5,58,-4,home,away,27,4
8/11/2011,310811018,2011,SAS,CON,away,5.5,-110,151.5,-110,72,59,-13,131,1021100129,24,40,1,1,1,1,1,1,1,59,72,13,64,16,away,away,40,-16
8/11/2011,310811011,2011,ATL,PHO,away,6,-110,185,-110,95,109,14,204,1021100130,59,48,0,0,0,0,0,0,0,109,95,-14,107,-11,home,away,48,11
8/11/2011,310811014,2011,TUL,SEA,away,13.5,-110,142,-110,63,77,14,140,1021100131,50,28,0,0,0,0,0,0,0,77,63,-14,78,-22,home,away,28,22
8/12/2011,310812016,2011,NYL,WAS,away,-3.5,-110,149.5,-110,63,64,1,127,1021100132,36,39,1,0,1,1,1,1,1,64,63,-1,75,3,away,away,39,-3
8/12/2011,310812019,2011,MIN,CHI,away,-5.5,-110,149.5,-110,79,76,-3,155,1021100133,39,47,0,0,1,1,1,1,1,76,79,3,86,8,away,away,47,-8
8/12/2011,310812006,2011,PHO,LAS,away,-5,-110,182.5,-110,90,93,3,183,1021100134,41,44,1,1,1,1,1,1,1,93,90,-3,85,3,away,away,44,-3
8/13/2011,310813018,2011,WAS,CON,away,10,-110,151,-110,75,82,7,157,1021100135,44,43,1,1,1,1,0,0,0,82,75,-7,87,-1,home,away,43,1
8/13/2011,310813005,2011,NYL,IND,away,7.5,-110,145.5,-110,71,82,11,153,1021100136,38,32,1,0,0,0,0,0,0,82,71,-11,70,-6,home,away,32,6
8/13/2011,310813014,2011,ATL,SEA,away,6.5,-110,153,-110,92,63,-29,155,1021100137,42,50,1,1,1,1,1,1,1,63,92,29,92,8,away,away,50,-8
8/14/2011,310814017,2011,CHI,SAS,away,5,-110,146.5,-110,85,73,-12,158,1021100138,29,47,1,1,1,1,1,1,1,73,85,12,76,18,away,away,47,-18
8/14/2011,310814008,2011,TUL,MIN,away,17,-110,153,-110,54,82,28,136,1021100139,39,25,0,0,0,0,0,0,0,82,54,-28,64,-14,home,away,25,14
8/16/2011,310816009,2011,WAS,NYL,away,8,-110,146.5,-110,66,69,3,135,1021100140,36,27,0,0,0,0,0,0,0,69,66,-3,63,-9,home,away,27,9
8/16/2011,310816018,2011,MIN,CON,away,-2,-110,157.5,-110,79,108,29,187,1021100141,57,42,0,0,0,0,0,0,0,108,79,-29,99,-15,home,away,42,15
8/16/2011,310816017,2011,IND,SAS,away,-2,-110,146.5,-110,65,63,-2,128,1021100142,33,43,1,1,1,1,1,1,1,63,65,2,76,10,away,away,43,-10
8/16/2011,310816011,2011,SEA,PHO,away,6.5,-110,168.5,-110,79,81,2,160,1021100143,28,43,1,1,1,1,1,1,1,81,79,-2,71,15,away,away,43,-15
8/16/2011,310816006,2011,ATL,LAS,away,1,-110,164,-110,84,79,-5,163,1021100144,39,37,0,0,0,0,0,0,1,79,84,5,76,-2,home,away,37,2
8/18/2011,310818009,2011,CON,NYL,away,2,-110,151,-110,81,84,3,165,1021100145,39,40,0,1,0,0,1,0,1,84,81,-3,79,1,away,away,40,-1
8/18/2011,310818016,2011,MIN,WAS,away,-8,-110,149,-110,81,62,-19,143,1021100146,29,39,0,0,1,1,1,1,1,62,81,19,68,10,away,away,39,-10
8/18/2011,310818006,2011,IND,LAS,away,2,-110,152.5,-110,70,75,5,145,1021100147,31,30,1,1,1,0,0,0,0,75,70,-5,61,-1,home,away,30,1
8/19/2011,310819020,2011,CON,ATL,away,6.5,-110,164,-110,88,94,6,182,1021100148,41,50,1,1,0,1,1,1,1,94,88,-6,91,9,away,away,50,-9
8/20/2011,310820016,2011,CHI,WAS,away,-2.5,-110,145,-110,71,70,-1,141,1021100149,38,42,1,1,1,0,1,1,1,70,71,1,80,4,away,away,42,-4
8/20/2011,310820008,2011,LAS,MIN,away,9,-110,157,-110,68,87,19,155,1021100150,46,34,1,1,1,0,0,0,0,87,68,-19,80,-12,home,away,34,12
8/20/2011,310820011,2011,SAS,PHO,away,6.5,-110,179.5,-110,81,87,6,168,1021100151,38,41,1,1,1,1,1,1,1,87,81,-6,79,3,away,away,41,-3
8/20/2011,310820014,2011,NYL,SEA,away,7,-110,142.5,-110,62,63,1,125,1021100152,32,27,0,0,0,0,0,0,0,63,62,-1,59,-5,home,away,27,5
8/21/2011,310821018,2011,ATL,CON,away,3.5,-110,165.25,-110,87,96,9,183,1021100153,48,41,1,1,1,1,0,0,0,96,87,-9,89,-7,home,away,41,7
8/21/2011,310821005,2011,WAS,IND,away,10.5,-110,143.75,-110,51,83,32,134,1021100154,39,23,0,0,0,0,0,0,0,83,51,-32,62,-16,home,away,23,16
8/21/2011,310821003,2011,LAS,TUL,away,-8.5,-110,152.5,-110,73,67,-6,140,1021100155,45,32,0,0,0,0,0,0,0,67,73,6,77,-13,home,away,32,13
8/23/2011,310823016,2011,LAS,WAS,away,-3.5,-110,149,-110,86,82,-4,168,1021100156,37,41,1,1,1,1,1,1,1,82,86,4,78,4,away,away,41,-4
8/23/2011,310823003,2011,MIN,TUL,away,-13,-110,151,-110,78,72,-6,150,1021100158,34,36,1,1,1,1,1,1,1,72,78,6,70,2,away,away,36,-2
8/23/2011,310823019,2011,ATL,CHI,away,2,-110,157,-110,83,80,-3,163,1021100157,38,40,0,0,0,1,1,1,1,80,83,3,78,2,away,away,40,-2
8/23/2011,310823011,2011,NYL,PHO,away,5.5,-110,176.25,-110,74,70,-4,144,1021100160,31,30,1,1,1,1,1,0,0,70,74,4,61,-1,home,away,30,1
8/23/2011,310823014,2011,SAS,SEA,away,6.5,-110,142.5,-110,55,63,8,118,1021100159,26,28,0,0,0,0,1,0,1,63,55,-8,54,2,away,away,28,-2
8/25/2011,310825014,2011,TUL,SEA,away,14.5,-110,142,-110,57,74,17,131,1021100161,28,25,1,0,0,0,0,0,0,74,57,-17,53,-3,home,away,25,3
8/26/2011,310826018,2011,PHO,CON,away,5,-110,179,-110,92,95,3,187,1021100162,44,47,0,1,1,1,1,0,0,95,92,-3,91,3,away,away,47,-3
8/26/2011,310826008,2011,SAS,MIN,away,7.5,-110,150,-110,75,85,10,160,1021100163,38,36,0,1,1,1,1,0,0,85,75,-10,74,-2,home,away,36,2
8/26/2011,310826019,2011,WAS,CHI,away,7.5,-110,144.5,-110,67,80,13,147,1021100164,45,38,0,0,0,0,0,0,0,80,67,-13,83,-7,home,away,38,7
8/26/2011,310826006,2011,TUL,LAS,away,12.5,-110,149,-110,77,75,-2,152,1021100165,39,40,0,0,0,0,0,0,1,75,77,2,79,1,away,away,40,-1
8/27/2011,310827005,2011,ATL,IND,away,4,-110,158.5,-110,86,80,-6,166,1021100166,32,42,1,1,1,1,1,1,1,80,86,6,74,10,away,away,42,-10
8/28/2011,310828017,2011,MIN,SAS,away,-1.5,-110,152,-110,72,61,-11,133,1021100167,40,42,0,1,0,1,1,1,1,61,72,11,82,2,away,away,42,-2
8/28/2011,310828003,2011,CON,TUL,away,-9,-110,151.5,-110,72,83,11,155,1021100168,32,43,1,1,1,1,1,1,1,83,72,-11,75,11,away,away,43,-11
8/28/2011,310828016,2011,PHO,WAS,away,-5.5,-110,174,-110,86,79,-7,165,1021100169,34,43,1,1,1,1,1,1,1,79,86,7,77,9,away,away,43,-9
8/28/2011,310828019,2011,NYL,CHI,away,4,-110,147,-110,73,74,1,147,1021100170,40,40,1,1,0,0,0,0,0,74,73,-1,80,0,tie,away,40,-0
8/28/2011,310828014,2011,LAS,SEA,away,7,-110,145,-110,63,65,2,128,1021100171,37,30,0,0,0,0,0,0,0,65,63,-2,67,-7,home,away,30,7
8/30/2011,310830009,2011,CHI,NYL,away,5.5,-110,144,-110,67,71,4,138,1021100172,31,32,0,1,0,1,0,1,1,71,67,-4,63,1,away,away,32,-1
8/30/2011,310830020,2011,IND,ATL,away,3.5,-110,157.5,-110,90,92,2,182,1021100173,46,49,1,1,0,0,0,1,1,92,90,-2,95,3,away,away,49,-3
8/30/2011,310830017,2011,CON,SAS,away,3,-110,152,-110,66,78,12,144,1021100175,38,28,0,0,0,0,0,0,0,78,66,-12,66,-10,home,away,28,10
8/30/2011,310830003,2011,PHO,TUL,away,-8.5,-110,173.75,-110,96,74,-22,170,1021100176,30,51,0,1,1,1,1,1,1,74,96,22,81,21,away,away,51,-21
8/30/2011,310830008,2011,WAS,MIN,away,13,-110,149,-110,56,73,17,129,1021100174,36,33,0,0,0,1,0,0,0,73,56,-17,69,-3,home,away,33,3
8/30/2011,310830006,2011,SEA,LAS,away,3,-110,144.5,-110,62,68,6,130,1021100177,32,24,1,1,0,0,0,0,0,68,62,-6,56,-8,home,away,24,8
9/1/2011,310901016,2011,ATL,WAS,away,-6,-110,158,-110,81,85,4,166,1021100178,42,46,1,1,1,0,1,1,1,85,81,-4,88,4,away,away,46,-4
9/1/2011,310901017,2011,PHO,SAS,away,2,-110,176.25,-110,68,86,18,154,1021100179,42,36,0,0,1,0,0,0,0,86,68,-18,78,-6,home,away,36,6
9/2/2011,310902018,2011,IND,CON,away,3,-110,151,-110,55,83,28,138,1021100181,48,33,1,0,0,0,0,0,0,83,55,-28,81,-15,home,away,33,15
9/2/2011,310902020,2011,WAS,ATL,away,11.5,-110,158.5,-110,73,95,22,168,1021100180,49,31,0,0,0,0,0,0,0,95,73,-22,80,-18,home,away,31,18
9/2/2011,310902003,2011,SEA,TUL,away,-9.5,-110,140.5,-110,78,72,-6,150,1021100183,34,40,0,0,0,0,1,1,1,72,78,6,74,6,away,away,40,-6
9/2/2011,310902008,2011,NYL,MIN,away,7,-110,149.5,-110,78,62,-16,140,1021100182,33,38,0,1,0,1,1,1,1,62,78,16,71,5,away,away,38,-5
9/3/2011,310903017,2011,SEA,SAS,away,3.5,-110,141,-110,70,60,-10,130,1021100184,29,30,0,0,0,0,1,0,1,60,70,10,59,1,away,away,30,-1
9/3/2011,310903011,2011,LAS,PHO,away,7,-110,176.25,-110,77,93,16,170,1021100185,48,40,1,1,0,0,0,0,0,93,77,-16,88,-8,home,away,40,8
9/4/2011,310904020,2011,TUL,ATL,away,14.5,-110,157,-110,52,73,21,125,1021100186,36,26,1,1,1,0,0,0,0,73,52,-21,62,-10,home,away,26,10
9/4/2011,310904009,2011,MIN,NYL,away,2,-110,148,-110,86,68,-18,154,1021100187,41,52,1,1,1,1,1,1,1,68,86,18,93,11,away,away,52,-11
9/4/2011,310904016,2011,CON,WAS,away,-6.5,-110,150,-110,79,48,-31,127,1021100188,24,42,1,1,1,1,1,1,1,48,79,31,66,18,away,away,42,-18
9/4/2011,310904019,2011,IND,CHI,away,-3,-110,144.5,-110,88,80,-8,168,1021100189,49,51,0,1,0,0,0,1,1,80,88,8,100,2,away,away,51,-2
9/6/2011,310906020,2011,CON,ATL,away,4.5,-110,167,-110,74,85,11,159,1021100190,48,42,0,1,1,1,0,0,0,85,74,-11,90,-6,home,away,42,6
9/6/2011,310906006,2011,SAS,LAS,away,4.5,-110,149.5,-110,82,65,-17,147,1021100191,34,39,1,0,1,1,1,1,1,65,82,17,73,5,away,away,39,-5
9/7/2011,310907005,2011,WAS,IND,away,13,-110,144,-110,69,87,18,156,1021100192,36,37,0,0,0,0,0,1,0,87,69,-18,73,1,away,away,37,-1
9/8/2011,310908008,2011,CHI,MIN,away,8.5,-110,149.5,-110,69,78,9,147,1021100193,41,32,0,0,0,0,0,0,0,78,69,-9,73,-9,home,away,32,9
9/8/2011,310908011,2011,TUL,PHO,away,15.5,-110,169.5,-110,76,91,15,167,1021100194,48,45,1,0,0,0,0,0,0,91,76,-15,93,-3,home,away,45,3
9/9/2011,310909009,2011,IND,NYL,away,6.5,-110,145,-110,75,83,8,158,1021100195,47,35,0,0,0,0,0,0,0,83,75,-8,82,-12,home,away,35,12
9/9/2011,310909014,2011,PHO,SEA,away,5.5,-110,162,-110,70,85,15,155,1021100196,35,41,1,1,0,0,0,1,1,85,70,-15,76,6,away,away,41,-6
9/9/2011,310909006,2011,TUL,LAS,away,11,-110,150,-110,73,84,11,157,1021100197,50,39,0,0,0,0,0,0,0,84,73,-11,89,-11,home,away,39,11
9/10/2011,310910017,2011,WAS,SAS,away,8.5,-110,146,-110,74,82,8,156,1021100198,34,41,1,1,1,1,1,1,1,82,74,-8,75,7,away,away,41,-7
9/10/2011,310910006,2011,CHI,LAS,away,3,-110,150,-110,67,74,7,141,1021100199,34,33,1,1,1,1,0,0,0,74,67,-7,67,-1,home,away,33,1
9/11/2011,310911018,2011,NYL,CON,away,5,-110,150,-110,63,69,6,132,1021100200,26,33,0,0,0,1,1,1,1,69,63,-6,59,7,away,away,33,-7
9/11/2011,310911005,2011,ATL,IND,away,1.5,-110,160,-110,93,88,-5,181,1021100201,55,47,0,1,1,1,1,1,0,88,93,5,102,-8,home,away,47,8
9/11/2011,310911011,2011,MIN,PHO,away,-1,-110,170,-110,96,90,-6,186,1021100202,45,52,0,0,1,0,1,0,1,90,96,6,97,7,away,away,52,-7
9/11/2011,310911003,2011,SAS,TUL,away,-4.5,-110,148,-110,102,94,-8,196,1021100203,52,51,0,0,1,1,1,1,0,94,102,8,103,-1,home,away,51,1
9/11/2011,310911014,2011,CHI,SEA,away,8,-110,141.5,-110,70,81,11,151,1021100204,41,33,0,0,0,0,0,0,0,81,70,-11,74,-8,home,away,33,8
9/15/2011,310915005,2011,NYL,IND,away,5,-110,147,-110,72,74,2,146,1041100101,44,34,0,0,0,0,0,0,0,74,72,-2,78,-10,home,away,34,10
9/15/2011,310915014,2011,PHO,SEA,away,5.5,-110,162.5,-110,61,80,19,141,1041100131,40,31,0,0,1,0,0,0,0,80,61,-19,71,-9,home,away,31,9
9/16/2011,310916018,2011,ATL,CON,away,3.5,-110,164.5,-110,89,84,-5,173,1041100111,41,39,0,1,0,0,0,0,0,84,89,5,80,-2,home,away,39,2
9/16/2011,310916008,2011,SAS,MIN,away,9,-110,149,-110,65,66,1,131,1041100121,32,35,1,1,1,1,0,1,1,66,65,-1,67,3,away,away,35,-3
9/17/2011,310917009,2011,IND,NYL,away,4.5,-110,148,-110,72,87,15,159,1041100102,50,41,1,1,1,1,1,0,0,87,72,-15,91,-9,home,away,41,9
9/17/2011,310917011,2011,SEA,PHO,away,3.5,-110,161,-110,83,92,9,175,1041100132,51,40,0,0,0,0,0,0,0,92,83,-9,91,-11,home,away,40,11
9/18/2011,310918020,2011,CON,ATL,away,5.5,-110,166,-110,64,69,5,133,1041100112,31,36,0,0,0,0,1,1,1,69,64,-5,67,5,away,away,36,-5
9/18/2011,310918017,2011,MIN,SAS,away,-3,-110,149,-110,75,84,9,159,1041100122,40,37,0,0,0,0,0,0,0,84,75,-9,77,-3,home,away,37,3
9/19/2011,310919005,2011,NYL,IND,away,5,-110,146,-110,62,72,10,134,1041100103,40,36,0,0,1,1,0,0,0,72,62,-10,76,-4,home,away,36,4
9/19/2011,310919014,2011,PHO,SEA,away,5.5,-110,162,-110,77,75,-2,152,1041100133,39,30,0,0,0,0,0,0,0,75,77,2,69,-9,home,away,30,9
9/20/2011,310920008,2011,SAS,MIN,away,8,-110,147,-110,67,85,18,152,1041100123,44,36,1,1,1,0,0,0,0,85,67,-18,80,-8,home,away,36,8
9/22/2011,310922005,2011,ATL,IND,away,2.5,-110,157.5,-110,74,82,8,156,1041100201,42,40,0,1,1,0,0,0,0,82,74,-8,82,-2,home,away,40,2
9/27/2011,310927005,2011,ATL,IND,away,2,-110,157.5,-110,83,67,-16,150,1041100203,35,39,0,0,1,1,1,1,1,67,83,16,74,4,away,away,39,-4
9/25/2011,310925020,2011,IND,ATL,away,4,-110,157,-110,77,94,17,171,1041100202,55,51,0,0,0,0,0,0,0,94,77,-17,106,-4,home,away,51,4
9/22/2011,310922008,2011,PHO,MIN,away,7,-110,175.5,-110,67,95,28,162,1041100211,47,36,0,0,0,0,0,0,0,95,67,-28,83,-11,home,away,36,11
9/25/2011,310925011,2011,MIN,PHO,away,1,-110,176.5,-110,103,86,-17,189,1041100212,45,43,0,1,1,0,0,0,0,86,103,17,88,-2,home,away,43,2
10/2/2011,311002008,2011,ATL,MIN,away,6.5,-110,163.5,-110,74,88,14,162,1041100301,36,39,0,1,1,1,1,1,0,88,74,-14,75,3,away,away,39,-3
10/5/2011,311005008,2011,ATL,MIN,away,5.5,-110,163.5,-110,95,101,6,196,1041100302,50,58,0,1,0,1,1,1,1,101,95,-6,108,8,away,away,58,-8
10/7/2011,311007020,2011,MIN,ATL,away,4.5,-110,167,-110,73,67,-6,140,1041100303,37,33,0,0,0,1,0,0,1,67,73,6,70,-4,home,away,33,4
5/18/2012,320518014,2012,SEA,LAS,home,-3.5,-110,143,-110,66,72,6,138,1021200001,35,24,1,1,1,1,1,1,1,66,72,6,59,-11,home,home,35,-11
5/19/2012,320519009,2012,NYL,CON,home,1.5,-110,154.5,-110,73,78,5,151,1021200002,41,33,1,0,1,1,1,1,1,73,78,5,74,-8,home,home,41,-8
5/19/2012,320519016,2012,WAS,CHI,home,5,-110,143,-110,57,69,12,126,1021200004,25,38,0,0,0,0,0,0,0,57,69,12,63,13,away,home,25,13
5/19/2012,320519005,2012,IND,ATL,home,-7,-110,157,-110,92,84,-8,176,1021200003,47,32,1,1,1,1,1,1,1,92,84,-8,79,-15,home,home,47,-15
5/19/2012,320519003,2012,TUL,SAS,home,7.5,-110,150,-110,79,88,9,167,1021200005,42,38,1,1,0,1,1,1,1,79,88,9,80,-4,home,home,42,-4
5/20/2012,320520008,2012,MIN,PHO,home,-12,-110,172,-110,105,83,-22,188,1021200006,56,43,0,0,1,1,1,1,1,105,83,-22,99,-13,home,home,56,-13
5/20/2012,320520018,2012,CON,NYL,home,-7,-110,154.5,-110,92,77,-15,169,1021200007,44,40,0,0,0,0,0,0,1,92,77,-15,84,-4,home,home,44,-4
5/22/2012,320522006,2012,LAS,SEA,home,-4.5,-110,145,-110,74,61,-13,135,1021200008,37,33,1,1,1,1,1,1,1,74,61,-13,70,-4,home,home,37,-4
5/22/2012,320522009,2012,NYL,MIN,home,6,-110,150,-110,62,80,18,142,1021200009,33,44,0,0,0,0,0,0,0,62,80,18,77,11,away,home,33,11
5/22/2012,320522003,2012,TUL,PHO,home,6.5,-110,178.5,-110,87,89,2,176,1021200010,48,42,1,1,1,1,1,1,1,87,89,2,90,-6,home,home,48,-6
5/24/2012,320524008,2012,MIN,LAS,home,-9,-110,154,-110,92,84,-8,176,1021200011,44,47,1,1,1,1,1,1,1,92,84,-8,91,3,away,home,44,3
5/25/2012,320525018,2012,CON,SAS,home,-7,-110,158.5,-110,83,79,-4,162,1021200012,36,35,0,1,1,1,1,1,1,83,79,-4,71,-1,home,home,36,-1
5/25/2012,320525020,2012,ATL,NYL,home,-5.5,-110,161,-110,100,74,-26,174,1021200013,48,33,1,1,1,1,1,1,1,100,74,-26,81,-15,home,home,48,-15
5/25/2012,320525019,2012,CHI,IND,home,-2.5,-110,149.5,-110,72,83,11,155,1021200014,35,37,0,0,0,0,1,0,0,72,83,11,72,2,away,home,35,2
5/26/2012,320526016,2012,WAS,TUL,home,-6,-110,150.5,-110,64,61,-3,125,1021200015,40,34,0,0,1,1,0,1,1,64,61,-3,74,-6,home,home,40,-6
5/26/2012,320526011,2012,PHO,LAS,home,1,-110,177.5,-110,88,99,11,187,1021200017,37,43,0,0,0,0,0,0,0,88,99,11,80,6,away,home,37,6
5/27/2012,320527020,2012,ATL,IND,home,-3.5,-110,165,-110,62,78,16,140,1021200018,35,39,1,1,1,1,1,1,0,62,78,16,74,4,away,home,35,4
5/27/2012,320527008,2012,MIN,SEA,home,-11.5,-110,143.5,-110,84,71,-13,155,1021200016,37,24,1,1,1,1,1,1,1,84,71,-13,61,-13,home,home,37,-13
5/29/2012,320529006,2012,LAS,TUL,home,-15.5,-110,155,-110,76,75,-1,151,1021200019,40,36,1,1,1,1,1,1,1,76,75,-1,76,-4,home,home,40,-4
5/30/2012,320530016,2012,WAS,MIN,home,11.5,-110,147,-110,77,79,2,156,1021200020,31,51,0,0,0,0,0,0,0,77,79,2,82,20,away,home,31,20
5/30/2012,320530017,2012,SAS,CHI,home,-2,-110,150.5,-110,63,77,14,140,1021200021,29,40,0,0,0,0,0,0,0,63,77,14,69,11,away,home,29,11
5/31/2012,320531020,2012,ATL,PHO,home,-7.5,-110,182.5,-110,81,65,-16,146,1021200022,43,27,1,1,1,1,1,1,1,81,65,-16,70,-16,home,home,43,-16
6/1/2012,320601018,2012,CON,MIN,home,1.5,-110,164.5,-110,72,85,13,157,1021200023,36,38,0,0,0,0,0,0,1,72,85,13,74,2,away,home,36,2
6/1/2012,320601017,2012,SAS,PHO,home,-9.5,-110,172.5,-110,85,66,-19,151,1021200024,44,37,1,1,1,1,1,1,1,85,66,-19,81,-7,home,home,44,-7
6/1/2012,320601019,2012,CHI,WAS,home,-10.5,-110,142,-110,65,63,-2,128,1021200025,29,27,1,1,0,1,0,0,0,65,63,-2,56,-2,home,home,29,-2
6/1/2012,320601014,2012,SEA,TUL,home,-9.5,-110,145,-110,76,58,-18,134,1021200026,36,35,1,1,0,1,1,1,1,76,58,-18,71,-1,home,home,36,-1
6/2/2012,320602005,2012,IND,NYL,home,-9.5,-110,153.5,-110,91,68,-23,159,1021200028,49,36,0,1,0,0,1,1,1,91,68,-23,85,-13,home,home,49,-13
6/2/2012,320602020,2012,ATL,CHI,home,-5,-110,152.5,-110,92,94,2,186,1021200027,46,40,1,1,1,1,1,1,1,92,94,2,86,-6,home,home,46,-6
6/3/2012,320603018,2012,CON,WAS,home,-12,-110,145,-110,94,86,-8,180,1021200029,34,35,1,1,1,1,1,0,1,94,86,-8,69,1,away,home,34,1
6/3/2012,320603009,2012,NYL,IND,home,3.5,-110,150,-110,87,72,-15,159,1021200031,53,42,1,1,1,1,1,1,1,87,72,-15,95,-11,home,home,53,-11
6/3/2012,320603011,2012,PHO,TUL,home,-6.5,-110,170,-110,79,72,-7,151,1021200030,37,25,1,1,1,1,1,1,1,79,72,-7,62,-12,home,home,37,-12
6/3/2012,320603008,2012,MIN,SAS,home,-10.5,-110,156,-110,83,79,-4,162,1021200032,50,29,1,1,1,1,1,1,1,83,79,-4,79,-21,home,home,50,-21
6/3/2012,320603006,2012,LAS,SEA,home,-5.5,-110,147,-110,67,65,-2,132,1021200033,32,34,1,0,0,0,0,0,0,67,65,-2,66,2,away,home,32,2
6/5/2012,320605009,2012,NYL,ATL,home,-2,-110,161,-110,79,74,-5,153,1021200034,48,43,1,1,1,1,0,1,0,79,74,-5,91,-5,home,home,48,-5
6/6/2012,320606008,2012,MIN,SEA,home,-10,-110,145,-110,79,55,-24,134,1021200035,43,30,1,1,1,1,1,1,1,79,55,-24,73,-13,home,home,43,-13
6/8/2012,320608016,2012,WAS,NYL,home,-2.5,-110,143,-110,70,76,6,146,1021200037,33,55,0,0,0,0,0,0,0,70,76,6,88,22,away,home,33,22
6/8/2012,320608005,2012,IND,CON,home,-5,-110,162.5,-110,81,89,8,170,1021200036,47,41,1,0,0,0,0,0,1,81,89,8,88,-6,home,home,47,-6
6/8/2012,320608020,2012,ATL,SAS,home,-4.5,-110,166,-110,60,57,-3,117,1021200038,28,28,1,1,0,0,1,0,0,60,57,-3,56,0,tie,home,28,0
6/8/2012,320608019,2012,CHI,TUL,home,-12,-110,143.5,-110,98,91,-7,189,1021200039,35,34,1,1,1,1,1,1,1,98,91,-7,69,-1,home,home,35,-1
6/8/2012,320608006,2012,LAS,PHO,home,-11.5,-110,167,-110,90,74,-16,164,1021200040,43,28,0,1,1,1,1,1,1,90,74,-16,71,-15,home,home,43,-15
6/9/2012,320609017,2012,SAS,SEA,home,-5,-110,142.5,-110,80,67,-13,147,1021200041,41,30,1,1,1,1,1,1,1,80,67,-13,71,-11,home,home,41,-11
6/9/2012,320609003,2012,TUL,MIN,home,13.5,-110,153.5,-110,73,93,20,166,1021200042,42,44,0,0,1,1,1,1,0,73,93,20,86,2,away,home,42,2
6/10/2012,320610009,2012,NYL,CHI,home,1,-110,145,-110,64,73,9,137,1021200043,27,38,1,0,0,0,0,0,0,64,73,9,65,11,away,home,27,11
6/10/2012,320610018,2012,CON,ATL,home,-6.5,-110,164.5,-110,92,73,-19,165,1021200044,50,38,0,0,1,1,1,1,1,92,73,-19,88,-12,home,home,50,-12
6/13/2012,320613018,2012,CON,LAS,home,-7,-110,164.5,-110,81,87,6,168,1021200046,45,40,1,0,0,1,1,1,1,81,87,6,85,-5,home,home,45,-5
6/13/2012,320613019,2012,CHI,SEA,home,-8,-110,139,-110,74,58,-16,132,1021200045,40,31,1,1,1,1,1,1,1,74,58,-16,71,-9,home,home,40,-9
6/15/2012,320615016,2012,WAS,IND,home,6,-110,149.5,-110,67,66,-1,133,1021200048,37,31,0,0,1,1,1,1,1,67,66,-1,68,-6,home,home,37,-6
6/15/2012,320615018,2012,CON,NYL,home,-8,-110,163,-110,97,55,-42,152,1021200047,61,27,1,1,1,1,1,1,1,97,55,-42,88,-34,home,home,61,-34
6/15/2012,320615020,2012,ATL,LAS,home,-2.5,-110,161.5,-110,92,59,-33,151,1021200049,47,28,1,1,1,1,1,1,1,92,59,-33,75,-19,home,home,47,-19
6/15/2012,320615003,2012,TUL,SEA,home,-1.5,-110,144,-110,73,86,13,159,1021200050,43,53,0,0,0,0,0,0,0,73,86,13,96,10,away,home,43,10
6/15/2012,320615011,2012,PHO,MIN,home,14,-110,168.5,-110,60,78,18,138,1021200051,27,43,0,0,0,0,0,0,0,60,78,18,70,16,away,home,27,16
6/16/2012,320616005,2012,IND,CHI,home,-4,-110,149.5,-110,84,70,-14,154,1021200052,42,38,1,0,0,0,0,0,1,84,70,-14,80,-4,home,home,42,-4
6/16/2012,320616017,2012,SAS,LAS,home,-4,-110,154,-110,98,85,-13,183,1021200053,44,35,1,1,1,1,1,1,1,98,85,-13,79,-9,home,home,44,-9
6/17/2012,320617020,2012,ATL,CON,home,-1,-110,167,-110,73,75,2,148,1021200054,39,36,1,1,1,1,1,1,1,73,75,2,75,-3,home,home,39,-3
6/17/2012,320617003,2012,TUL,PHO,home,-2.5,-110,165.5,-110,87,75,-12,162,1021200055,35,38,1,1,1,1,0,0,1,87,75,-12,73,3,away,home,35,3
6/17/2012,320617014,2012,SEA,MIN,home,9.5,-110,144.5,-110,65,62,-3,127,1021200056,43,29,1,1,1,1,1,1,1,65,62,-3,72,-14,home,home,43,-14
6/18/2012,320618006,2012,LAS,WAS,home,-9.5,-110,148,-110,101,70,-31,171,1021200057,44,36,1,1,1,0,1,1,1,101,70,-31,80,-8,home,home,44,-8
6/19/2012,320619018,2012,CON,IND,home,-4.5,-110,162.5,-110,88,85,-3,173,1021200059,45,39,1,1,1,1,1,1,1,88,85,-3,84,-6,home,home,45,-6
6/19/2012,320619020,2012,ATL,NYL,home,-4,-110,152.5,-110,60,73,13,133,1021200058,30,36,1,0,0,0,0,0,0,60,73,13,66,6,away,home,30,6
6/20/2012,320620011,2012,PHO,WAS,home,3.5,-110,153.5,-110,80,77,-3,157,1021200060,40,41,1,0,0,0,1,0,1,80,77,-3,81,1,away,home,40,1
6/20/2012,320620006,2012,LAS,TUL,home,-16,-110,159,-110,95,79,-16,174,1021200061,49,39,0,1,1,1,1,1,1,95,79,-16,88,-10,home,home,49,-10
6/21/2012,320621005,2012,IND,CON,home,-6,-110,159,-110,95,61,-34,156,1021200062,57,30,1,1,1,1,1,1,1,95,61,-34,87,-27,home,home,57,-27
6/21/2012,320621008,2012,MIN,NYL,home,-15.5,-110,151,-110,102,70,-32,172,1021200063,45,42,0,0,0,0,0,1,1,102,70,-32,87,-3,home,home,45,-3
6/22/2012,320622014,2012,SEA,SAS,home,-4,-110,140,-110,82,76,-6,158,1021200064,32,28,0,0,0,0,1,1,1,82,76,-6,60,-4,home,home,32,-4
6/23/2012,320623008,2012,MIN,CHI,home,-15,-110,144.5,-110,79,67,-12,146,1021200065,51,34,1,1,1,1,1,1,1,79,67,-12,85,-17,home,home,51,-17
6/23/2012,320623003,2012,TUL,IND,home,9.5,-110,156.5,-110,70,73,3,143,1021200067,22,33,0,0,0,0,0,0,0,70,73,3,55,11,away,home,22,11
6/23/2012,320623011,2012,PHO,LAS,home,10,-110,163,-110,84,93,9,177,1021200066,26,50,1,1,0,0,0,0,0,84,93,9,76,24,away,home,26,24
6/24/2012,320624009,2012,NYL,ATL,home,-6.5,-110,148.5,-110,64,74,10,138,1021200068,40,38,1,0,0,0,0,0,1,64,74,10,78,-2,home,home,40,-2
6/24/2012,320624014,2012,SEA,WAS,home,-7.5,-110,138,-110,72,55,-17,127,1021200070,31,20,1,1,1,1,1,1,1,72,55,-17,51,-11,home,home,31,-11
6/24/2012,320624006,2012,LAS,SAS,home,-6.5,-110,157.5,-110,71,91,20,162,1021200069,36,42,0,0,0,0,0,0,0,71,91,20,78,6,away,home,36,6
6/26/2012,320626020,2012,ATL,IND,home,-2.5,-110,156.5,-110,70,58,-12,128,1021200071,37,26,0,0,1,1,1,1,1,70,58,-12,63,-11,home,home,37,-11
6/26/2012,320626016,2012,WAS,SEA,home,3,-110,137,-110,71,79,8,150,1021200072,26,32,0,0,0,0,0,0,0,71,79,8,58,6,away,home,26,6
6/26/2012,320626003,2012,TUL,LAS,home,7,-110,163.5,-110,91,75,-16,166,1021200073,48,25,1,1,1,1,1,1,1,91,75,-16,73,-23,home,home,48,-23
6/27/2012,320627019,2012,CHI,IND,home,1.5,-110,145,-110,72,81,9,153,1021200074,33,37,0,0,0,1,0,0,0,72,81,9,70,4,away,home,33,4
6/27/2012,320627008,2012,MIN,PHO,home,-19.5,-110,163,-110,96,80,-16,176,1021200075,51,45,1,1,1,1,0,1,1,96,80,-16,96,-6,home,home,51,-6
6/28/2012,320628017,2012,SAS,LAS,home,-4.5,-110,161.5,-110,94,80,-14,174,1021200076,57,37,1,1,1,1,1,1,1,94,80,-14,94,-20,home,home,57,-20
6/29/2012,320629016,2012,WAS,CON,home,7.5,-110,154,-110,64,77,13,141,1021200077,32,36,0,0,0,0,0,0,0,64,77,13,68,4,away,home,32,4
6/29/2012,320629003,2012,TUL,ATL,home,7,-110,156,-110,92,102,10,194,1021200078,43,57,0,0,0,0,0,0,0,92,102,10,100,14,away,home,43,14
6/29/2012,320629019,2012,CHI,PHO,home,-10.5,-110,157,-110,81,84,3,165,1021200079,43,49,1,0,0,0,1,1,1,81,84,3,92,6,away,home,43,6
6/30/2012,320630009,2012,NYL,SEA,home,-2.5,-110,139.5,-110,77,59,-18,136,1021200080,31,23,1,1,1,1,1,1,1,77,59,-18,54,-8,home,home,31,-8
7/1/2012,320701017,2012,SAS,MIN,home,5.5,-110,157,-110,93,84,-9,177,1021200081,47,43,1,1,1,1,1,1,1,93,84,-9,90,-4,home,home,47,-4
7/1/2012,320701016,2012,WAS,PHO,home,-7,-110,157.5,-110,90,77,-13,167,1021200082,50,41,1,1,1,1,1,1,1,90,77,-13,91,-9,home,home,50,-9
7/1/2012,320701018,2012,CON,SEA,home,-12,-110,149,-110,83,89,6,172,1021200083,39,38,1,1,1,0,1,1,1,83,89,6,77,-1,home,home,39,-1
7/1/2012,320701019,2012,CHI,ATL,home,2.5,-110,149.5,-110,71,69,-2,140,1021200084,30,33,0,0,0,1,1,0,0,71,69,-2,63,3,away,home,30,3
7/3/2012,320703017,2012,SAS,PHO,home,-14,-110,167.5,-110,82,81,-1,163,1021200085,31,38,0,0,0,0,0,0,0,82,81,-1,69,7,away,home,31,7
7/5/2012,320705006,2012,LAS,MIN,home,5.5,-110,163.5,-110,96,90,-6,186,1021200086,49,43,0,0,0,1,1,1,1,96,90,-6,92,-6,home,home,49,-6
7/5/2012,320705005,2012,IND,SAS,home,-7.5,-110,153.5,-110,72,88,16,160,1021200087,43,28,1,1,1,1,1,1,1,72,88,16,71,-15,home,home,43,-15
7/6/2012,320706016,2012,WAS,SAS,home,4.5,-110,148,-110,73,78,5,151,1021200088,34,36,0,1,0,0,1,0,0,73,78,5,70,2,away,home,34,2
7/6/2012,320706003,2012,TUL,CON,home,9.5,-110,166,-110,75,86,11,161,1021200089,34,46,0,0,0,0,0,0,0,75,86,11,80,12,away,home,34,12
7/6/2012,320706019,2012,CHI,NYL,home,-5.5,-110,143.5,-110,59,64,5,123,1021200090,31,38,1,0,0,0,0,0,0,59,64,5,69,7,away,home,31,7
7/7/2012,320707005,2012,IND,CHI,home,-9.5,-110,145.5,-110,88,86,-2,174,1021200091,37,33,1,1,1,1,1,1,1,88,86,-2,70,-4,home,home,37,-4
7/7/2012,320707008,2012,MIN,CON,home,-9,-110,165.5,-110,80,86,6,166,1021200092,38,41,0,0,0,0,1,0,0,80,86,6,79,3,away,home,38,3
7/7/2012,320707011,2012,PHO,ATL,home,6.5,-110,166.5,-110,93,100,7,193,1021200094,34,33,0,0,0,0,1,1,1,93,100,7,67,-1,home,home,34,-1
7/7/2012,320707006,2012,LAS,SEA,home,-7.5,-110,147.5,-110,83,59,-24,142,1021200093,41,33,1,1,1,1,1,1,1,83,59,-24,74,-8,home,home,41,-8
7/8/2012,320708009,2012,NYL,SAS,home,3.5,-110,147.5,-110,81,94,13,175,1021200096,42,51,0,0,0,1,1,1,0,81,94,13,93,9,away,home,42,9
7/8/2012,320708003,2012,TUL,WAS,home,-4,-110,155.5,-110,78,62,-16,140,1021200095,36,30,1,1,1,1,1,1,1,78,62,-16,66,-6,home,home,36,-6
7/8/2012,320708006,2012,LAS,ATL,home,-8,-110,162.5,-110,79,63,-16,142,1021200097,44,36,1,1,1,1,1,1,1,79,63,-16,80,-8,home,home,44,-8
7/8/2012,320708014,2012,SEA,PHO,home,-7,-110,151,-110,83,68,-15,151,1021200098,45,28,1,1,1,1,1,1,1,83,68,-15,73,-17,home,home,45,-17
7/10/2012,320710016,2012,WAS,CON,home,9.5,-110,150,-110,70,77,7,147,1021200099,30,34,0,0,0,0,0,0,1,70,77,7,64,4,away,home,30,4
7/10/2012,320710005,2012,IND,NYL,home,-11.5,-110,153.5,-110,84,82,-2,166,1021200101,52,43,1,1,1,1,1,1,1,84,82,-2,95,-9,home,home,52,-9
7/10/2012,320710003,2012,TUL,MIN,home,13.5,-110,164,-110,86,107,21,193,1021200100,46,51,0,0,1,1,1,0,0,86,107,21,97,5,away,home,46,5
7/10/2012,320710011,2012,PHO,LAS,home,8.5,-110,168.5,-110,71,90,19,161,1021200102,36,44,0,0,0,0,0,0,0,71,90,19,80,8,away,home,36,8
7/11/2012,320711019,2012,CHI,SAS,home,3.5,-110,150.5,-110,68,77,9,145,1021200103,33,37,0,0,0,0,0,0,0,68,77,9,70,4,away,home,33,4
7/11/2012,320711014,2012,SEA,ATL,home,-7.5,-110,142.5,-110,59,70,11,129,1021200104,32,36,0,0,0,0,0,0,0,59,70,11,68,4,away,home,32,4
7/11/2012,320711018,2012,CON,WAS,home,-14,-110,153,-110,85,73,-12,158,1021200105,40,33,1,1,1,1,1,1,1,85,73,-12,73,-7,home,home,40,-7
7/12/2012,320712008,2012,MIN,TUL,home,-17.5,-110,168,-110,89,74,-15,163,1021200106,55,38,1,1,1,0,1,1,1,89,74,-15,93,-17,home,home,55,-17
7/12/2012,320712005,2012,IND,LAS,home,-4.5,-110,161.5,-110,74,77,3,151,1021200107,39,30,0,0,0,1,1,1,1,74,77,3,69,-9,home,home,39,-9
7/13/2012,320713009,2012,NYL,WAS,home,-7,-110,145,-110,53,70,17,123,1021200108,27,36,1,1,0,0,0,0,0,53,70,17,63,9,away,home,27,9
7/13/2012,320713017,2012,SAS,ATL,home,-8.5,-110,153,-110,91,70,-21,161,1021200109,42,37,1,0,0,0,0,1,1,91,70,-21,79,-5,home,home,42,-5
7/13/2012,320713019,2012,CHI,CON,home,4.5,-110,150,-110,78,80,2,158,1021200110,35,26,1,1,1,1,1,1,1,78,80,2,61,-9,home,home,35,-9
7/13/2012,320713011,2012,PHO,SEA,home,7,-110,148,-110,64,83,19,147,1021200111,37,41,0,0,0,0,0,0,0,64,83,19,78,4,away,home,37,4
8/16/2012,320816009,2012,NYL,CON,home,3,-110,153.5,-110,79,66,-13,145,1021200113,39,35,0,0,0,1,1,1,1,79,66,-13,74,-4,home,home,39,-4
8/16/2012,320816005,2012,IND,WAS,home,-11,-110,147,-110,84,66,-18,150,1021200112,40,38,0,0,1,1,1,1,1,84,66,-18,78,-2,home,home,40,-2
8/16/2012,320816014,2012,SEA,PHO,home,-9.5,-110,147.5,-110,72,58,-14,130,1021200114,34,29,1,1,0,1,1,1,1,72,58,-14,63,-5,home,home,34,-5
8/17/2012,320817003,2012,TUL,SAS,home,8.5,-110,163.5,-110,79,89,10,168,1021200116,46,46,0,0,0,0,0,0,1,79,89,10,92,0,tie,home,46,0
8/17/2012,320817008,2012,MIN,WAS,home,-15.5,-110,153,-110,98,69,-29,167,1021200115,50,34,1,1,1,1,1,1,1,98,69,-29,84,-16,home,home,50,-16
8/17/2012,320817019,2012,CHI,ATL,home,-2.5,-110,152,-110,76,82,6,158,1021200117,40,44,0,1,0,0,0,0,0,76,82,6,84,4,away,home,40,4
8/18/2012,320818018,2012,CON,NYL,home,-7,-110,155,-110,85,74,-11,159,1021200118,47,43,0,0,0,0,0,0,1,85,74,-11,90,-4,home,home,47,-4
8/18/2012,320818005,2012,IND,ATL,home,-5,-110,158,-110,86,72,-14,158,1021200119,46,33,1,1,1,1,1,1,1,86,72,-14,79,-13,home,home,46,-13
8/18/2012,320818014,2012,SEA,LAS,home,6,-110,144.5,-110,71,82,11,153,1021200120,38,40,1,1,1,1,1,0,0,71,82,11,78,2,away,home,38,2
8/19/2012,320819016,2012,WAS,CHI,home,5.5,-110,145,-110,75,71,-4,146,1021200121,28,25,0,0,0,1,1,1,1,75,71,-4,53,-3,home,home,28,-3
8/19/2012,320819011,2012,PHO,SAS,home,11.5,-110,158,-110,47,89,42,136,1021200122,22,41,0,0,0,0,0,0,0,47,89,42,63,19,away,home,22,19
8/19/2012,320819008,2012,MIN,TUL,home,-17.5,-110,170,-110,83,59,-24,142,1021200123,42,39,1,1,1,1,0,1,1,83,59,-24,81,-3,home,home,42,-3
8/21/2012,320821018,2012,CON,TUL,home,-14.5,-110,163.5,-110,82,80,-2,162,1021200124,40,34,0,0,0,1,1,1,1,82,80,-2,74,-6,home,home,40,-6
8/21/2012,320821017,2012,SAS,WAS,home,-15,-110,151.5,-110,75,72,-3,147,1021200126,33,32,0,1,1,1,1,1,1,75,72,-3,65,-1,home,home,33,-1
8/21/2012,320821019,2012,CHI,NYL,home,-5,-110,148,-110,67,77,10,144,1021200125,32,40,1,1,1,1,0,0,0,67,77,10,72,8,away,home,32,8
8/21/2012,320821014,2012,SEA,MIN,home,10.5,-110,150,-110,73,86,13,159,1021200127,43,52,0,0,0,0,0,0,0,73,86,13,95,9,away,home,43,9
8/21/2012,320821006,2012,LAS,IND,home,-4,-110,159.5,-110,79,69,-10,148,1021200128,41,28,1,1,1,1,1,1,1,79,69,-10,69,-13,home,home,41,-13
8/22/2012,320822020,2012,ATL,CHI,home,-9,-110,149,-110,82,71,-11,153,1021200129,48,31,0,1,1,1,1,1,1,82,71,-11,79,-17,home,home,48,-17
8/23/2012,320823011,2012,PHO,NYL,home,7.5,-110,150.5,-110,77,89,12,166,1021200130,40,50,0,0,0,0,0,0,0,77,89,12,90,10,away,home,40,10
8/23/2012,320823014,2012,SEA,IND,home,-1.5,-110,145,-110,66,68,2,134,1021200131,29,27,0,1,1,1,1,1,1,66,68,2,56,-2,home,home,29,-2
8/23/2012,320823006,2012,LAS,SAS,home,-5,-110,161.5,-110,101,77,-24,178,1021200132,59,35,0,1,1,1,1,1,1,101,77,-24,94,-24,home,home,59,-24
8/24/2012,320824016,2012,WAS,ATL,home,5,-110,149.5,-110,69,81,12,150,1021200133,33,49,0,0,0,0,0,0,0,69,81,12,82,16,away,home,33,16
8/24/2012,320824003,2012,TUL,CHI,home,2.5,-110,154,-110,81,78,-3,159,1021200134,33,36,1,1,1,0,0,0,0,81,78,-3,69,3,away,home,33,3
8/25/2012,320825020,2012,ATL,MIN,home,6.5,-110,162.5,-110,74,84,10,158,1021200135,42,43,1,1,1,1,1,1,1,74,84,10,85,1,away,home,42,1
8/25/2012,320825017,2012,SAS,TUL,home,-16,-110,158.5,-110,91,71,-20,162,1021200136,50,38,1,0,0,0,1,1,1,91,71,-20,88,-12,home,home,50,-12
8/25/2012,320825011,2012,PHO,IND,home,11,-110,158,-110,72,85,13,157,1021200137,31,35,1,0,0,0,0,0,0,72,85,13,66,4,away,home,31,4
8/25/2012,320825006,2012,LAS,NYL,home,-10.5,-110,159,-110,87,62,-25,149,1021200138,45,38,1,1,1,1,1,1,1,87,62,-25,83,-7,home,home,45,-7
8/26/2012,320826018,2012,CON,CHI,home,-9.5,-110,152,-110,70,82,12,152,1021200139,43,39,1,1,0,0,0,1,1,70,82,12,82,-4,home,home,43,-4
8/26/2012,320826014,2012,SEA,NYL,home,-7.5,-110,143.5,-110,84,66,-18,150,1021200140,51,30,1,1,1,1,1,1,1,84,66,-18,81,-21,home,home,51,-21
8/28/2012,320828005,2012,IND,WAS,home,-13,-110,150,-110,83,68,-15,151,1021200142,43,37,0,0,1,1,1,1,1,83,68,-15,80,-6,home,home,43,-6
8/28/2012,320828020,2012,ATL,TUL,home,-12,-110,156,-110,80,84,4,164,1021200141,51,44,1,1,1,1,1,1,1,80,84,4,95,-7,home,home,51,-7
8/28/2012,320828008,2012,MIN,SAS,home,-7.5,-110,163.5,-110,96,84,-12,180,1021200144,35,36,0,0,0,0,0,0,0,96,84,-12,71,1,away,home,35,1
8/28/2012,320828019,2012,CHI,CON,home,5.5,-110,151,-110,72,83,11,155,1021200143,33,44,0,0,0,0,0,0,0,72,83,11,77,11,away,home,33,11
8/30/2012,320830020,2012,ATL,WAS,home,-9.5,-110,150.5,-110,82,59,-23,141,1021200145,31,33,1,1,1,1,0,1,1,82,59,-23,64,2,away,home,31,2
8/30/2012,320830009,2012,NYL,IND,home,3.5,-110,150,-110,63,76,13,139,1021200146,26,30,0,0,0,0,0,0,0,63,76,13,56,4,away,home,26,4
8/30/2012,320830003,2012,TUL,LAS,home,9.5,-110,165.5,-110,99,85,-14,184,1021200148,42,50,1,1,0,0,0,0,0,99,85,-14,92,8,away,home,42,8
8/30/2012,320830017,2012,SAS,CON,home,-7,-110,159.5,-110,73,84,11,157,1021200147,40,52,0,1,1,0,0,0,0,73,84,11,92,12,away,home,40,12
8/30/2012,320830014,2012,SEA,PHO,home,-14.5,-110,153,-110,68,75,7,143,1021200149,32,36,0,0,1,0,0,0,0,68,75,7,68,4,away,home,32,4
8/31/2012,320831008,2012,MIN,TUL,home,-18,-110,164,-110,92,83,-9,175,1021200150,48,56,0,1,1,0,0,0,0,92,83,-9,104,8,away,home,48,8
9/1/2012,320901009,2012,NYL,WAS,home,-8.5,-110,144.5,-110,79,73,-6,152,1021200151,45,32,1,1,0,1,1,1,1,79,73,-6,77,-13,home,home,45,-13
9/1/2012,320901005,2012,IND,CHI,home,-8.5,-110,149,-110,81,64,-17,145,1021200152,45,31,0,0,0,1,1,1,1,81,64,-17,76,-14,home,home,45,-14
9/1/2012,320901011,2012,PHO,SAS,home,9.5,-110,165,-110,94,90,-4,184,1021200153,52,41,0,1,0,0,0,1,1,94,90,-4,93,-11,home,home,52,-11
9/2/2012,320902020,2012,ATL,CON,home,-2.5,-110,158.5,-110,87,80,-7,167,1021200154,39,39,0,1,1,1,0,1,1,87,80,-7,78,0,tie,home,39,0
9/2/2012,320902019,2012,CHI,LAS,home,7.5,-110,155.5,-110,85,74,-11,159,1021200155,33,43,1,0,0,0,0,0,0,85,74,-11,76,10,away,home,33,10
9/4/2012,320904016,2012,WAS,CON,home,8.5,-110,150.5,-110,70,77,7,147,1021200156,37,40,0,0,1,0,0,0,0,70,77,7,77,3,away,home,37,3
9/4/2012,320904008,2012,MIN,LAS,home,-9,-110,170.5,-110,88,77,-11,165,1021200157,41,37,1,1,1,0,1,1,1,88,77,-11,78,-4,home,home,41,-4
9/5/2012,320905009,2012,NYL,PHO,home,-7,-110,160,-110,87,59,-28,146,1021200159,51,29,1,1,1,1,1,1,1,87,59,-28,80,-22,home,home,51,-22
9/5/2012,320905020,2012,ATL,IND,home,-4.5,-110,157,-110,71,64,-7,135,1021200158,29,32,0,0,0,0,0,1,1,71,64,-7,61,3,away,home,29,3
9/6/2012,320906014,2012,SEA,TUL,home,-10,-110,148,-110,101,74,-27,175,1021200160,53,40,1,1,1,1,0,1,1,101,74,-27,93,-13,home,home,53,-13
9/7/2012,320907016,2012,WAS,LAS,home,9,-110,154.5,-110,68,96,28,164,1021200162,39,54,1,0,0,0,0,0,0,68,96,28,93,15,away,home,39,15
9/7/2012,320907018,2012,CON,PHO,home,-16,-110,161.5,-110,82,91,9,173,1021200161,40,52,0,0,0,0,0,0,0,82,91,9,92,12,away,home,40,12
9/7/2012,320907009,2012,NYL,CHI,home,1,-110,144.5,-110,83,92,9,175,1021200163,41,46,0,0,0,0,0,0,0,83,92,9,87,5,away,home,41,5
9/7/2012,320907017,2012,SAS,IND,home,-4.5,-110,153.5,-110,78,82,4,160,1021200165,42,37,0,1,1,1,1,1,1,78,82,4,79,-5,home,home,42,-5
9/7/2012,320907008,2012,MIN,ATL,home,-9.5,-110,166,-110,97,93,-4,190,1021200164,31,52,0,0,0,0,0,0,0,97,93,-4,83,21,away,home,31,21
9/8/2012,320908003,2012,TUL,SEA,home,7.5,-110,153.5,-110,66,89,23,155,1021200166,31,43,0,0,0,0,0,0,0,66,89,23,74,12,away,home,31,12
9/9/2012,320909017,2012,SAS,MIN,home,-1,-110,162,-110,62,81,19,143,1021200167,29,47,0,0,0,0,0,0,0,62,81,19,76,18,away,home,29,18
9/9/2012,320909020,2012,ATL,WAS,home,-10.5,-110,150.5,-110,93,68,-25,161,1021200168,48,27,1,1,1,1,1,1,1,93,68,-25,75,-21,home,home,48,-21
9/9/2012,320909009,2012,NYL,LAS,home,5.5,-110,158,-110,73,71,-2,144,1021200169,36,48,0,0,0,0,0,0,0,73,71,-2,84,12,away,home,36,12
9/9/2012,320909018,2012,CON,CHI,home,-8,-110,154,-110,82,77,-5,159,1021200170,37,44,0,0,0,0,0,0,0,82,77,-5,81,7,away,home,37,7
9/9/2012,320909005,2012,IND,PHO,home,-13.5,-110,159.5,-110,89,83,-6,172,1021200171,54,41,0,0,0,0,1,0,1,89,83,-6,95,-13,home,home,54,-13
9/11/2012,320911020,2012,ATL,SEA,home,-6,-110,151,-110,77,61,-16,138,1021200172,37,25,1,1,1,1,1,1,1,77,61,-16,62,-12,home,home,37,-12
9/11/2012,320911019,2012,CHI,MIN,home,6.5,-110,155.5,-110,83,70,-13,153,1021200173,40,29,1,1,1,1,1,1,1,83,70,-13,69,-11,home,home,40,-11
9/12/2012,320912009,2012,NYL,WAS,home,-10.5,-110,148,-110,75,62,-13,137,1021200175,37,34,1,1,1,1,1,1,0,75,62,-13,71,-3,home,home,37,-3
9/12/2012,320912005,2012,IND,SEA,home,-6,-110,146.5,-110,72,48,-24,120,1021200174,35,26,1,1,1,1,1,1,1,72,48,-24,61,-9,home,home,35,-9
9/12/2012,320912003,2012,TUL,SAS,home,9.5,-110,162.5,-110,67,78,11,145,1021200176,27,51,0,0,0,0,0,0,0,67,78,11,78,24,away,home,27,24
9/12/2012,320912011,2012,PHO,CON,home,5.5,-110,165.5,-110,78,100,22,178,1021200177,45,43,1,1,1,1,1,1,1,78,100,22,88,-2,home,home,45,-2
9/13/2012,320913006,2012,LAS,CHI,home,-10,-110,157.5,-110,86,77,-9,163,1021200178,44,35,1,1,1,1,1,1,1,86,77,-9,79,-9,home,home,44,-9
9/14/2012,320914016,2012,WAS,ATL,home,9.5,-110,150.5,-110,74,82,8,156,1021200180,42,32,1,1,1,1,1,1,1,74,82,8,74,-10,home,home,42,-10
9/14/2012,320914005,2012,IND,MIN,home,-4,-110,155,-110,64,66,2,130,1021200179,33,41,0,0,0,0,0,0,0,64,66,2,74,8,away,home,33,8
9/14/2012,320914017,2012,SAS,SEA,home,-9,-110,146,-110,90,66,-24,156,1021200181,38,36,1,1,0,0,1,1,1,90,66,-24,74,-2,home,home,38,-2
9/14/2012,320914011,2012,PHO,TUL,home,3,-110,165.5,-110,84,92,8,176,1021200182,42,42,0,0,0,0,0,0,1,84,92,8,84,0,tie,home,42,0
9/14/2012,320914006,2012,LAS,CON,home,-6.5,-110,165,-110,93,82,-11,175,1021200183,43,39,0,1,1,1,0,0,1,93,82,-11,82,-4,home,home,43,-4
9/16/2012,320916017,2012,SAS,TUL,home,-13.5,-110,162.5,-110,70,80,10,150,1021200184,44,48,0,1,1,1,0,0,0,70,80,10,92,4,away,home,44,4
9/16/2012,320916016,2012,WAS,NYL,home,9,-110,145,-110,68,75,7,143,1021200185,33,35,0,0,1,1,0,0,1,68,75,7,68,2,away,home,33,2
9/16/2012,320916011,2012,PHO,CHI,home,12.5,-110,158.5,-110,55,86,31,141,1021200186,26,55,0,0,0,0,0,0,0,55,86,31,81,29,away,home,26,29
9/16/2012,320916014,2012,SEA,CON,home,8,-110,147.5,-110,58,60,2,118,1021200188,25,28,0,0,0,0,0,0,0,58,60,2,53,3,away,home,25,3
9/17/2012,320917008,2012,MIN,IND,home,-5.5,-110,151.5,-110,86,79,-7,165,1021200187,40,43,0,0,0,0,0,0,0,86,79,-7,83,3,away,home,40,3
9/18/2012,320918017,2012,SAS,NYL,home,-6,-110,154,-110,77,66,-11,143,1021200189,32,37,1,1,0,0,0,0,0,77,66,-11,69,5,away,home,32,5
9/18/2012,320918014,2012,SEA,CHI,home,1,-110,144,-110,75,60,-15,135,1021200190,46,28,1,1,1,1,1,1,1,75,60,-15,74,-18,home,home,46,-18
9/18/2012,320918006,2012,LAS,PHO,home,-20,-110,165.5,-110,101,76,-25,177,1021200191,54,40,1,1,1,1,1,1,1,101,76,-25,94,-14,home,home,54,-14
9/19/2012,320919018,2012,CON,IND,home,-5,-110,154,-110,73,67,-6,140,1021200192,38,27,1,1,1,1,1,1,1,73,67,-6,65,-11,home,home,38,-11
9/20/2012,320920003,2012,TUL,NYL,home,4.5,-110,155,-110,78,66,-12,144,1021200194,45,30,1,1,1,1,1,1,1,78,66,-12,75,-15,home,home,45,-15
9/20/2012,320920019,2012,CHI,ATL,home,-2,-110,152,-110,66,75,9,141,1021200193,31,41,0,0,0,0,0,0,0,66,75,9,72,10,away,home,31,10
9/20/2012,320920006,2012,LAS,MIN,home,-2,-110,168,-110,92,76,-16,168,1021200195,44,36,1,1,1,1,1,1,1,92,76,-16,80,-8,home,home,44,-8
9/21/2012,320921016,2012,WAS,IND,home,4.5,-110,142.5,-110,53,66,13,119,1021200196,26,28,1,1,1,0,0,0,0,53,66,13,54,2,away,home,26,2
9/21/2012,320921011,2012,PHO,MIN,home,13.5,-110,169,-110,66,89,23,155,1021200197,34,51,0,0,1,1,0,0,0,66,89,23,85,17,away,home,34,17
9/21/2012,320921014,2012,SEA,SAS,home,-3,-110,148,-110,84,75,-9,159,1021200198,48,29,1,1,1,1,1,1,1,84,75,-9,77,-19,home,home,48,-19
9/22/2012,320922009,2012,NYL,TUL,home,-7,-110,153.5,-110,91,74,-17,165,1021200199,40,50,0,1,1,0,0,0,0,91,74,-17,90,10,away,home,40,10
9/22/2012,320922019,2012,CHI,WAS,home,-12,-110,143,-110,77,58,-19,135,1021200200,23,28,0,0,0,0,0,0,1,77,58,-19,51,5,away,home,23,5
9/23/2012,320923011,2012,PHO,SEA,home,7.5,-110,155.5,-110,57,71,14,128,1021200201,28,32,1,1,1,0,0,0,0,57,71,14,60,4,away,home,28,4
9/23/2012,320923017,2012,SAS,MIN,home,3.5,-110,157.5,-110,99,84,-15,183,1021200202,60,47,0,0,1,1,1,1,1,99,84,-15,107,-13,home,home,60,-13
9/23/2012,320923018,2012,CON,ATL,home,-5,-110,158.5,-110,92,72,-20,164,1021200203,36,24,1,1,1,1,1,1,1,92,72,-20,60,-12,home,home,36,-12
9/23/2012,320923005,2012,IND,TUL,home,-5.5,-110,151,-110,91,58,-33,149,1021200204,43,32,0,0,0,0,0,1,1,91,58,-33,75,-11,home,home,43,-11
9/27/2012,400407861,2012,LAS,SAS,home,-7,-110,164.5,-110,93,86,-7,179,1041200131,40,44,0,0,1,0,0,1,0,93,86,-7,84,4,away,home,40,4
9/28/2012,400407862,2012,MIN,SEA,home,-10.5,-110,148,-110,78,70,-8,148,1041200121,33,27,1,1,1,1,1,1,1,78,70,-8,60,-6,home,home,33,-6
9/29/2012,400407863,2012,SAS,LAS,home,-3.5,-110,166,-110,94,101,7,195,1041200132,40,51,0,0,0,0,0,0,0,94,101,7,91,11,away,home,40,11
9/30/2012,400407864,2012,SEA,MIN,home,6,-110,146,-110,86,79,-7,165,1041200122,36,37,0,0,0,0,0,0,0,86,79,-7,73,1,away,home,36,1
9/27/2012,400409181,2012,CON,NYL,home,-9.5,-110,154,-110,65,60,-5,125,1041200101,41,34,1,1,1,1,1,1,1,65,60,-5,75,-7,home,home,41,-7
9/28/2012,400409184,2012,IND,ATL,home,-4,-110,152.5,-110,66,75,9,141,1041200111,32,41,0,0,0,0,0,0,0,66,75,9,73,9,away,home,32,9
9/29/2012,400409182,2012,NYL,CON,home,4,-110,151.5,-110,62,75,13,137,1041200102,33,27,1,1,1,1,1,1,1,62,75,13,60,-6,home,home,33,-6
9/30/2012,400409185,2012,ATL,IND,home,-6,-110,150,-110,88,103,15,191,1041200112,45,47,1,1,0,0,0,1,1,88,103,15,92,2,away,home,45,2
10/2/2012,400409186,2012,IND,ATL,home,-3.5,-110,155,-110,75,64,-11,139,1041200113,39,39,1,1,1,1,1,1,1,75,64,-11,78,0,tie,home,39,0
10/2/2012,400407866,2012,MIN,SEA,home,-10.5,-110,147,-110,73,72,-1,145,1041200123,36,35,1,1,1,1,0,1,1,73,72,-1,71,-1,home,home,36,-1
10/4/2012,400421429,2012,MIN,LAS,home,-6,-110,168,-110,94,77,-17,171,1041200211,48,31,1,0,1,1,1,1,1,94,77,-17,79,-17,home,home,48,-17
10/5/2012,400421426,2012,CON,IND,home,-4,-110,150.5,-110,76,64,-12,140,1041200201,30,30,0,0,0,0,1,1,1,76,64,-12,60,0,tie,home,30,0
10/7/2012,400421430,2012,LAS,MIN,home,-3,-110,166.5,-110,79,80,1,159,1041200212,39,40,0,0,0,0,0,0,0,79,80,1,79,1,away,home,39,1
10/8/2012,400421427,2012,IND,CON,home,-5,-110,146,-110,78,76,-2,154,1041200202,46,43,0,0,0,0,0,0,1,78,76,-2,89,-3,home,home,46,-3
10/11/2012,400421428,2012,CON,IND,home,-4.5,-110,145.5,-110,71,87,16,158,1041200203,24,43,0,0,0,0,0,0,0,71,87,16,67,19,away,home,24,19
10/14/2012,400425929,2012,MIN,IND,home,-8,-110,150.5,-110,70,76,6,146,1041200301,40,43,0,0,0,0,0,0,0,70,76,6,83,3,away,home,40,3
10/17/2012,400425930,2012,MIN,IND,home,-7.5,-110,150.5,-110,83,71,-12,154,1041200302,31,33,0,0,0,0,0,0,0,83,71,-12,64,2,away,home,31,2
10/19/2012,400425931,2012,IND,MIN,home,3.5,-110,150,-110,76,59,-17,135,1041200303,45,27,0,1,1,1,1,1,1,76,59,-17,72,-18,home,home,45,-18
10/21/2012,400425932,2012,IND,MIN,home,2,-110,149.5,-110,87,78,-9,165,1041200304,47,42,1,1,1,1,1,1,1,87,78,-9,89,-5,home,home,47,-5
5/18/2012,320518014,2012,LAS,SEA,away,3.5,-110,143,-110,72,66,-6,138,1021200001,35,24,0,0,0,0,0,0,0,66,72,6,59,-11,home,away,24,11
5/19/2012,320519009,2012,CON,NYL,away,-1.5,-110,154.5,-110,78,73,-5,151,1021200002,41,33,0,1,0,0,0,0,0,73,78,5,74,-8,home,away,33,8
5/19/2012,320519016,2012,CHI,WAS,away,-5,-110,143,-110,69,57,-12,126,1021200004,25,38,1,1,1,1,1,1,1,57,69,12,63,13,away,away,38,-13
5/19/2012,320519005,2012,ATL,IND,away,7,-110,157,-110,84,92,8,176,1021200003,47,32,0,0,0,0,0,0,0,92,84,-8,79,-15,home,away,32,15
5/19/2012,320519003,2012,SAS,TUL,away,-7.5,-110,150,-110,88,79,-9,167,1021200005,42,38,0,0,1,0,0,0,0,79,88,9,80,-4,home,away,38,4
5/20/2012,320520008,2012,PHO,MIN,away,12,-110,172,-110,83,105,22,188,1021200006,56,43,1,1,0,0,0,0,0,105,83,-22,99,-13,home,away,43,13
5/20/2012,320520018,2012,NYL,CON,away,7,-110,154.5,-110,77,92,15,169,1021200007,44,40,1,1,1,1,1,1,0,92,77,-15,84,-4,home,away,40,4
5/22/2012,320522006,2012,SEA,LAS,away,4.5,-110,145,-110,61,74,13,135,1021200008,37,33,0,0,0,0,0,0,0,74,61,-13,70,-4,home,away,33,4
5/22/2012,320522009,2012,MIN,NYL,away,-6,-110,150,-110,80,62,-18,142,1021200009,33,44,1,1,1,1,1,1,1,62,80,18,77,11,away,away,44,-11
5/22/2012,320522003,2012,PHO,TUL,away,-6.5,-110,178.5,-110,89,87,-2,176,1021200010,48,42,0,0,0,0,0,0,0,87,89,2,90,-6,home,away,42,6
5/24/2012,320524008,2012,LAS,MIN,away,9,-110,154,-110,84,92,8,176,1021200011,44,47,0,0,0,0,0,0,0,92,84,-8,91,3,away,away,47,-3
5/25/2012,320525018,2012,SAS,CON,away,7,-110,158.5,-110,79,83,4,162,1021200012,36,35,1,0,0,0,0,0,0,83,79,-4,71,-1,home,away,35,1
5/25/2012,320525020,2012,NYL,ATL,away,5.5,-110,161,-110,74,100,26,174,1021200013,48,33,0,0,0,0,0,0,0,100,74,-26,81,-15,home,away,33,15
5/25/2012,320525019,2012,IND,CHI,away,2.5,-110,149.5,-110,83,72,-11,155,1021200014,35,37,1,1,1,1,0,1,1,72,83,11,72,2,away,away,37,-2
5/26/2012,320526016,2012,TUL,WAS,away,6,-110,150.5,-110,61,64,3,125,1021200015,40,34,1,1,0,0,1,0,0,64,61,-3,74,-6,home,away,34,6
5/26/2012,320526011,2012,LAS,PHO,away,-1,-110,177.5,-110,99,88,-11,187,1021200017,37,43,1,1,1,1,1,1,1,88,99,11,80,6,away,away,43,-6
5/27/2012,320527020,2012,IND,ATL,away,3.5,-110,165,-110,78,62,-16,140,1021200018,35,39,0,0,0,0,0,0,1,62,78,16,74,4,away,away,39,-4
5/27/2012,320527008,2012,SEA,MIN,away,11.5,-110,143.5,-110,71,84,13,155,1021200016,37,24,0,0,0,0,0,0,0,84,71,-13,61,-13,home,away,24,13
5/29/2012,320529006,2012,TUL,LAS,away,15.5,-110,155,-110,75,76,1,151,1021200019,40,36,0,0,0,0,0,0,0,76,75,-1,76,-4,home,away,36,4
5/30/2012,320530016,2012,MIN,WAS,away,-11.5,-110,147,-110,79,77,-2,156,1021200020,31,51,1,1,1,1,1,1,1,77,79,2,82,20,away,away,51,-20
5/30/2012,320530017,2012,CHI,SAS,away,2,-110,150.5,-110,77,63,-14,140,1021200021,29,40,1,1,1,1,1,1,1,63,77,14,69,11,away,away,40,-11
5/31/2012,320531020,2012,PHO,ATL,away,7.5,-110,182.5,-110,65,81,16,146,1021200022,43,27,0,0,0,0,0,0,0,81,65,-16,70,-16,home,away,27,16
6/1/2012,320601018,2012,MIN,CON,away,-1.5,-110,164.5,-110,85,72,-13,157,1021200023,36,38,1,1,1,1,1,1,0,72,85,13,74,2,away,away,38,-2
6/1/2012,320601017,2012,PHO,SAS,away,9.5,-110,172.5,-110,66,85,19,151,1021200024,44,37,0,0,0,0,0,0,0,85,66,-19,81,-7,home,away,37,7
6/1/2012,320601019,2012,WAS,CHI,away,10.5,-110,142,-110,63,65,2,128,1021200025,29,27,0,0,1,0,1,1,1,65,63,-2,56,-2,home,away,27,2
6/1/2012,320601014,2012,TUL,SEA,away,9.5,-110,145,-110,58,76,18,134,1021200026,36,35,0,0,1,0,0,0,0,76,58,-18,71,-1,home,away,35,1
6/2/2012,320602005,2012,NYL,IND,away,9.5,-110,153.5,-110,68,91,23,159,1021200028,49,36,1,0,1,1,0,0,0,91,68,-23,85,-13,home,away,36,13
6/2/2012,320602020,2012,CHI,ATL,away,5,-110,152.5,-110,94,92,-2,186,1021200027,46,40,0,0,0,0,0,0,0,92,94,2,86,-6,home,away,40,6
6/3/2012,320603018,2012,WAS,CON,away,12,-110,145,-110,86,94,8,180,1021200029,34,35,0,0,0,0,0,1,0,94,86,-8,69,1,away,away,35,-1
6/3/2012,320603009,2012,IND,NYL,away,-3.5,-110,150,-110,72,87,15,159,1021200031,53,42,0,0,0,0,0,0,0,87,72,-15,95,-11,home,away,42,11
6/3/2012,320603011,2012,TUL,PHO,away,6.5,-110,170,-110,72,79,7,151,1021200030,37,25,0,0,0,0,0,0,0,79,72,-7,62,-12,home,away,25,12
6/3/2012,320603008,2012,SAS,MIN,away,10.5,-110,156,-110,79,83,4,162,1021200032,50,29,0,0,0,0,0,0,0,83,79,-4,79,-21,home,away,29,21
6/3/2012,320603006,2012,SEA,LAS,away,5.5,-110,147,-110,65,67,2,132,1021200033,32,34,0,1,1,1,1,1,1,67,65,-2,66,2,away,away,34,-2
6/5/2012,320605009,2012,ATL,NYL,away,2,-110,161,-110,74,79,5,153,1021200034,48,43,0,0,0,0,1,0,1,79,74,-5,91,-5,home,away,43,5
6/6/2012,320606008,2012,SEA,MIN,away,10,-110,145,-110,55,79,24,134,1021200035,43,30,0,0,0,0,0,0,0,79,55,-24,73,-13,home,away,30,13
6/8/2012,320608016,2012,NYL,WAS,away,2.5,-110,143,-110,76,70,-6,146,1021200037,33,55,1,1,1,1,1,1,1,70,76,6,88,22,away,away,55,-22
6/8/2012,320608005,2012,CON,IND,away,5,-110,162.5,-110,89,81,-8,170,1021200036,47,41,0,1,1,1,1,1,0,81,89,8,88,-6,home,away,41,6
6/8/2012,320608020,2012,SAS,ATL,away,4.5,-110,166,-110,57,60,3,117,1021200038,28,28,0,0,1,1,0,1,1,60,57,-3,56,0,tie,away,28,-0
6/8/2012,320608019,2012,TUL,CHI,away,12,-110,143.5,-110,91,98,7,189,1021200039,35,34,0,0,0,0,0,0,0,98,91,-7,69,-1,home,away,34,1
6/8/2012,320608006,2012,PHO,LAS,away,11.5,-110,167,-110,74,90,16,164,1021200040,43,28,1,0,0,0,0,0,0,90,74,-16,71,-15,home,away,28,15
6/9/2012,320609017,2012,SEA,SAS,away,5,-110,142.5,-110,67,80,13,147,1021200041,41,30,0,0,0,0,0,0,0,80,67,-13,71,-11,home,away,30,11
6/9/2012,320609003,2012,MIN,TUL,away,-13.5,-110,153.5,-110,93,73,-20,166,1021200042,42,44,1,1,0,0,0,0,1,73,93,20,86,2,away,away,44,-2
6/10/2012,320610009,2012,CHI,NYL,away,-1,-110,145,-110,73,64,-9,137,1021200043,27,38,0,1,1,1,1,1,1,64,73,9,65,11,away,away,38,-11
6/10/2012,320610018,2012,ATL,CON,away,6.5,-110,164.5,-110,73,92,19,165,1021200044,50,38,1,1,0,0,0,0,0,92,73,-19,88,-12,home,away,38,12
6/13/2012,320613018,2012,LAS,CON,away,7,-110,164.5,-110,87,81,-6,168,1021200046,45,40,0,1,1,0,0,0,0,81,87,6,85,-5,home,away,40,5
6/13/2012,320613019,2012,SEA,CHI,away,8,-110,139,-110,58,74,16,132,1021200045,40,31,0,0,0,0,0,0,0,74,58,-16,71,-9,home,away,31,9
6/15/2012,320615016,2012,IND,WAS,away,-6,-110,149.5,-110,66,67,1,133,1021200048,37,31,1,1,0,0,0,0,0,67,66,-1,68,-6,home,away,31,6
6/15/2012,320615018,2012,NYL,CON,away,8,-110,163,-110,55,97,42,152,1021200047,61,27,0,0,0,0,0,0,0,97,55,-42,88,-34,home,away,27,34
6/15/2012,320615020,2012,LAS,ATL,away,2.5,-110,161.5,-110,59,92,33,151,1021200049,47,28,0,0,0,0,0,0,0,92,59,-33,75,-19,home,away,28,19
6/15/2012,320615003,2012,SEA,TUL,away,1.5,-110,144,-110,86,73,-13,159,1021200050,43,53,1,1,1,1,1,1,1,73,86,13,96,10,away,away,53,-10
6/15/2012,320615011,2012,MIN,PHO,away,-14,-110,168.5,-110,78,60,-18,138,1021200051,27,43,1,1,1,1,1,1,1,60,78,18,70,16,away,away,43,-16
6/16/2012,320616005,2012,CHI,IND,away,4,-110,149.5,-110,70,84,14,154,1021200052,42,38,0,1,1,1,1,1,0,84,70,-14,80,-4,home,away,38,4
6/16/2012,320616017,2012,LAS,SAS,away,4,-110,154,-110,85,98,13,183,1021200053,44,35,0,0,0,0,0,0,0,98,85,-13,79,-9,home,away,35,9
6/17/2012,320617020,2012,CON,ATL,away,1,-110,167,-110,75,73,-2,148,1021200054,39,36,0,0,0,0,0,0,0,73,75,2,75,-3,home,away,36,3
6/17/2012,320617003,2012,PHO,TUL,away,2.5,-110,165.5,-110,75,87,12,162,1021200055,35,38,0,0,0,0,1,1,0,87,75,-12,73,3,away,away,38,-3
6/17/2012,320617014,2012,MIN,SEA,away,-9.5,-110,144.5,-110,62,65,3,127,1021200056,43,29,0,0,0,0,0,0,0,65,62,-3,72,-14,home,away,29,14
6/18/2012,320618006,2012,WAS,LAS,away,9.5,-110,148,-110,70,101,31,171,1021200057,44,36,0,0,0,1,0,0,0,101,70,-31,80,-8,home,away,36,8
6/19/2012,320619018,2012,IND,CON,away,4.5,-110,162.5,-110,85,88,3,173,1021200059,45,39,0,0,0,0,0,0,0,88,85,-3,84,-6,home,away,39,6
6/19/2012,320619020,2012,NYL,ATL,away,4,-110,152.5,-110,73,60,-13,133,1021200058,30,36,0,1,1,1,1,1,1,60,73,13,66,6,away,away,36,-6
6/20/2012,320620011,2012,WAS,PHO,away,-3.5,-110,153.5,-110,77,80,3,157,1021200060,40,41,0,1,1,1,0,1,0,80,77,-3,81,1,away,away,41,-1
6/20/2012,320620006,2012,TUL,LAS,away,16,-110,159,-110,79,95,16,174,1021200061,49,39,1,0,0,0,0,0,0,95,79,-16,88,-10,home,away,39,10
6/21/2012,320621005,2012,CON,IND,away,6,-110,159,-110,61,95,34,156,1021200062,57,30,0,0,0,0,0,0,0,95,61,-34,87,-27,home,away,30,27
6/21/2012,320621008,2012,NYL,MIN,away,15.5,-110,151,-110,70,102,32,172,1021200063,45,42,1,1,1,1,1,0,0,102,70,-32,87,-3,home,away,42,3
6/22/2012,320622014,2012,SAS,SEA,away,4,-110,140,-110,76,82,6,158,1021200064,32,28,1,1,1,1,0,0,0,82,76,-6,60,-4,home,away,28,4
6/23/2012,320623008,2012,CHI,MIN,away,15,-110,144.5,-110,67,79,12,146,1021200065,51,34,0,0,0,0,0,0,0,79,67,-12,85,-17,home,away,34,17
6/23/2012,320623003,2012,IND,TUL,away,-9.5,-110,156.5,-110,73,70,-3,143,1021200067,22,33,1,1,1,1,1,1,1,70,73,3,55,11,away,away,33,-11
6/23/2012,320623011,2012,LAS,PHO,away,-10,-110,163,-110,93,84,-9,177,1021200066,26,50,0,0,1,1,1,1,1,84,93,9,76,24,away,away,50,-24
6/24/2012,320624009,2012,ATL,NYL,away,6.5,-110,148.5,-110,74,64,-10,138,1021200068,40,38,0,1,1,1,1,1,0,64,74,10,78,-2,home,away,38,2
6/24/2012,320624014,2012,WAS,SEA,away,7.5,-110,138,-110,55,72,17,127,1021200070,31,20,0,0,0,0,0,0,0,72,55,-17,51,-11,home,away,20,11
6/24/2012,320624006,2012,SAS,LAS,away,6.5,-110,157.5,-110,91,71,-20,162,1021200069,36,42,1,1,1,1,1,1,1,71,91,20,78,6,away,away,42,-6
6/26/2012,320626020,2012,IND,ATL,away,2.5,-110,156.5,-110,58,70,12,128,1021200071,37,26,1,1,0,0,0,0,0,70,58,-12,63,-11,home,away,26,11
6/26/2012,320626016,2012,SEA,WAS,away,-3,-110,137,-110,79,71,-8,150,1021200072,26,32,1,1,1,1,1,1,1,71,79,8,58,6,away,away,32,-6
6/26/2012,320626003,2012,LAS,TUL,away,-7,-110,163.5,-110,75,91,16,166,1021200073,48,25,0,0,0,0,0,0,0,91,75,-16,73,-23,home,away,25,23
6/27/2012,320627019,2012,IND,CHI,away,-1.5,-110,145,-110,81,72,-9,153,1021200074,33,37,1,1,1,0,1,1,1,72,81,9,70,4,away,away,37,-4
6/27/2012,320627008,2012,PHO,MIN,away,19.5,-110,163,-110,80,96,16,176,1021200075,51,45,0,0,0,0,1,0,0,96,80,-16,96,-6,home,away,45,6
6/28/2012,320628017,2012,LAS,SAS,away,4.5,-110,161.5,-110,80,94,14,174,1021200076,57,37,0,0,0,0,0,0,0,94,80,-14,94,-20,home,away,37,20
6/29/2012,320629016,2012,CON,WAS,away,-7.5,-110,154,-110,77,64,-13,141,1021200077,32,36,1,1,1,1,1,1,1,64,77,13,68,4,away,away,36,-4
6/29/2012,320629003,2012,ATL,TUL,away,-7,-110,156,-110,102,92,-10,194,1021200078,43,57,1,1,1,1,1,1,1,92,102,10,100,14,away,away,57,-14
6/29/2012,320629019,2012,PHO,CHI,away,10.5,-110,157,-110,84,81,-3,165,1021200079,43,49,0,1,1,1,0,0,0,81,84,3,92,6,away,away,49,-6
6/30/2012,320630009,2012,SEA,NYL,away,2.5,-110,139.5,-110,59,77,18,136,1021200080,31,23,0,0,0,0,0,0,0,77,59,-18,54,-8,home,away,23,8
7/1/2012,320701017,2012,MIN,SAS,away,-5.5,-110,157,-110,84,93,9,177,1021200081,47,43,0,0,0,0,0,0,0,93,84,-9,90,-4,home,away,43,4
7/1/2012,320701016,2012,PHO,WAS,away,7,-110,157.5,-110,77,90,13,167,1021200082,50,41,0,0,0,0,0,0,0,90,77,-13,91,-9,home,away,41,9
7/1/2012,320701018,2012,SEA,CON,away,12,-110,149,-110,89,83,-6,172,1021200083,39,38,0,0,0,1,0,0,0,83,89,6,77,-1,home,away,38,1
7/1/2012,320701019,2012,ATL,CHI,away,-2.5,-110,149.5,-110,69,71,2,140,1021200084,30,33,1,1,1,0,0,1,1,71,69,-2,63,3,away,away,33,-3
7/3/2012,320703017,2012,PHO,SAS,away,14,-110,167.5,-110,81,82,1,163,1021200085,31,38,1,1,1,1,1,1,1,82,81,-1,69,7,away,away,38,-7
7/5/2012,320705006,2012,MIN,LAS,away,-5.5,-110,163.5,-110,90,96,6,186,1021200086,49,43,1,1,1,0,0,0,0,96,90,-6,92,-6,home,away,43,6
7/5/2012,320705005,2012,SAS,IND,away,7.5,-110,153.5,-110,88,72,-16,160,1021200087,43,28,0,0,0,0,0,0,0,72,88,16,71,-15,home,away,28,15
7/6/2012,320706016,2012,SAS,WAS,away,-4.5,-110,148,-110,78,73,-5,151,1021200088,34,36,1,0,1,1,0,1,1,73,78,5,70,2,away,away,36,-2
7/6/2012,320706003,2012,CON,TUL,away,-9.5,-110,166,-110,86,75,-11,161,1021200089,34,46,1,1,1,1,1,1,1,75,86,11,80,12,away,away,46,-12
7/6/2012,320706019,2012,NYL,CHI,away,5.5,-110,143.5,-110,64,59,-5,123,1021200090,31,38,0,1,1,1,1,1,1,59,64,5,69,7,away,away,38,-7
7/7/2012,320707005,2012,CHI,IND,away,9.5,-110,145.5,-110,86,88,2,174,1021200091,37,33,0,0,0,0,0,0,0,88,86,-2,70,-4,home,away,33,4
7/7/2012,320707008,2012,CON,MIN,away,9,-110,165.5,-110,86,80,-6,166,1021200092,38,41,1,1,1,1,0,1,1,80,86,6,79,3,away,away,41,-3
7/7/2012,320707011,2012,ATL,PHO,away,-6.5,-110,166.5,-110,100,93,-7,193,1021200094,34,33,1,1,1,1,0,0,0,93,100,7,67,-1,home,away,33,1
7/7/2012,320707006,2012,SEA,LAS,away,7.5,-110,147.5,-110,59,83,24,142,1021200093,41,33,0,0,0,0,0,0,0,83,59,-24,74,-8,home,away,33,8
7/8/2012,320708009,2012,SAS,NYL,away,-3.5,-110,147.5,-110,94,81,-13,175,1021200096,42,51,1,1,1,0,0,0,1,81,94,13,93,9,away,away,51,-9
7/8/2012,320708003,2012,WAS,TUL,away,4,-110,155.5,-110,62,78,16,140,1021200095,36,30,0,0,0,0,0,0,0,78,62,-16,66,-6,home,away,30,6
7/8/2012,320708006,2012,ATL,LAS,away,8,-110,162.5,-110,63,79,16,142,1021200097,44,36,0,0,0,0,0,0,0,79,63,-16,80,-8,home,away,36,8
7/8/2012,320708014,2012,PHO,SEA,away,7,-110,151,-110,68,83,15,151,1021200098,45,28,0,0,0,0,0,0,0,83,68,-15,73,-17,home,away,28,17
7/10/2012,320710016,2012,CON,WAS,away,-9.5,-110,150,-110,77,70,-7,147,1021200099,30,34,1,1,1,1,1,1,0,70,77,7,64,4,away,away,34,-4
7/10/2012,320710005,2012,NYL,IND,away,11.5,-110,153.5,-110,82,84,2,166,1021200101,52,43,0,0,0,0,0,0,0,84,82,-2,95,-9,home,away,43,9
7/10/2012,320710003,2012,MIN,TUL,away,-13.5,-110,164,-110,107,86,-21,193,1021200100,46,51,1,1,0,0,0,1,1,86,107,21,97,5,away,away,51,-5
7/10/2012,320710011,2012,LAS,PHO,away,-8.5,-110,168.5,-110,90,71,-19,161,1021200102,36,44,1,1,1,1,1,1,1,71,90,19,80,8,away,away,44,-8
7/11/2012,320711019,2012,SAS,CHI,away,-3.5,-110,150.5,-110,77,68,-9,145,1021200103,33,37,1,1,1,1,1,1,1,68,77,9,70,4,away,away,37,-4
7/11/2012,320711014,2012,ATL,SEA,away,7.5,-110,142.5,-110,70,59,-11,129,1021200104,32,36,1,1,1,1,1,1,1,59,70,11,68,4,away,away,36,-4
7/11/2012,320711018,2012,WAS,CON,away,14,-110,153,-110,73,85,12,158,1021200105,40,33,0,0,0,0,0,0,0,85,73,-12,73,-7,home,away,33,7
7/12/2012,320712008,2012,TUL,MIN,away,17.5,-110,168,-110,74,89,15,163,1021200106,55,38,0,0,0,1,0,0,0,89,74,-15,93,-17,home,away,38,17
7/12/2012,320712005,2012,LAS,IND,away,4.5,-110,161.5,-110,77,74,-3,151,1021200107,39,30,1,1,1,0,0,0,0,74,77,3,69,-9,home,away,30,9
7/13/2012,320713009,2012,WAS,NYL,away,7,-110,145,-110,70,53,-17,123,1021200108,27,36,0,0,1,1,1,1,1,53,70,17,63,9,away,away,36,-9
7/13/2012,320713017,2012,ATL,SAS,away,8.5,-110,153,-110,70,91,21,161,1021200109,42,37,0,1,1,1,1,0,0,91,70,-21,79,-5,home,away,37,5
7/13/2012,320713019,2012,CON,CHI,away,-4.5,-110,150,-110,80,78,-2,158,1021200110,35,26,0,0,0,0,0,0,0,78,80,2,61,-9,home,away,26,9
7/13/2012,320713011,2012,SEA,PHO,away,-7,-110,148,-110,83,64,-19,147,1021200111,37,41,1,1,1,1,1,1,1,64,83,19,78,4,away,away,41,-4
8/16/2012,320816009,2012,CON,NYL,away,-3,-110,153.5,-110,66,79,13,145,1021200113,39,35,1,1,1,0,0,0,0,79,66,-13,74,-4,home,away,35,4
8/16/2012,320816005,2012,WAS,IND,away,11,-110,147,-110,66,84,18,150,1021200112,40,38,1,1,0,0,0,0,0,84,66,-18,78,-2,home,away,38,2
8/16/2012,320816014,2012,PHO,SEA,away,9.5,-110,147.5,-110,58,72,14,130,1021200114,34,29,0,0,1,0,0,0,0,72,58,-14,63,-5,home,away,29,5
8/17/2012,320817003,2012,SAS,TUL,away,-8.5,-110,163.5,-110,89,79,-10,168,1021200116,46,46,1,1,1,1,1,1,0,79,89,10,92,0,tie,away,46,-0
8/17/2012,320817008,2012,WAS,MIN,away,15.5,-110,153,-110,69,98,29,167,1021200115,50,34,0,0,0,0,0,0,0,98,69,-29,84,-16,home,away,34,16
8/17/2012,320817019,2012,ATL,CHI,away,2.5,-110,152,-110,82,76,-6,158,1021200117,40,44,1,0,1,1,1,1,1,76,82,6,84,4,away,away,44,-4
8/18/2012,320818018,2012,NYL,CON,away,7,-110,155,-110,74,85,11,159,1021200118,47,43,1,1,1,1,1,1,0,85,74,-11,90,-4,home,away,43,4
8/18/2012,320818005,2012,ATL,IND,away,5,-110,158,-110,72,86,14,158,1021200119,46,33,0,0,0,0,0,0,0,86,72,-14,79,-13,home,away,33,13
8/18/2012,320818014,2012,LAS,SEA,away,-6,-110,144.5,-110,82,71,-11,153,1021200120,38,40,0,0,0,0,0,1,1,71,82,11,78,2,away,away,40,-2
8/19/2012,320819016,2012,CHI,WAS,away,-5.5,-110,145,-110,71,75,4,146,1021200121,28,25,1,1,1,0,0,0,0,75,71,-4,53,-3,home,away,25,3
8/19/2012,320819011,2012,SAS,PHO,away,-11.5,-110,158,-110,89,47,-42,136,1021200122,22,41,1,1,1,1,1,1,1,47,89,42,63,19,away,away,41,-19
8/19/2012,320819008,2012,TUL,MIN,away,17.5,-110,170,-110,59,83,24,142,1021200123,42,39,0,0,0,0,1,0,0,83,59,-24,81,-3,home,away,39,3
8/21/2012,320821018,2012,TUL,CON,away,14.5,-110,163.5,-110,80,82,2,162,1021200124,40,34,1,1,1,0,0,0,0,82,80,-2,74,-6,home,away,34,6
8/21/2012,320821017,2012,WAS,SAS,away,15,-110,151.5,-110,72,75,3,147,1021200126,33,32,1,0,0,0,0,0,0,75,72,-3,65,-1,home,away,32,1
8/21/2012,320821019,2012,NYL,CHI,away,5,-110,148,-110,77,67,-10,144,1021200125,32,40,0,0,0,0,1,1,1,67,77,10,72,8,away,away,40,-8
8/21/2012,320821014,2012,MIN,SEA,away,-10.5,-110,150,-110,86,73,-13,159,1021200127,43,52,1,1,1,1,1,1,1,73,86,13,95,9,away,away,52,-9
8/21/2012,320821006,2012,IND,LAS,away,4,-110,159.5,-110,69,79,10,148,1021200128,41,28,0,0,0,0,0,0,0,79,69,-10,69,-13,home,away,28,13
8/22/2012,320822020,2012,CHI,ATL,away,9,-110,149,-110,71,82,11,153,1021200129,48,31,1,0,0,0,0,0,0,82,71,-11,79,-17,home,away,31,17
8/23/2012,320823011,2012,NYL,PHO,away,-7.5,-110,150.5,-110,89,77,-12,166,1021200130,40,50,1,1,1,1,1,1,1,77,89,12,90,10,away,away,50,-10
8/23/2012,320823014,2012,IND,SEA,away,1.5,-110,145,-110,68,66,-2,134,1021200131,29,27,1,0,0,0,0,0,0,66,68,2,56,-2,home,away,27,2
8/23/2012,320823006,2012,SAS,LAS,away,5,-110,161.5,-110,77,101,24,178,1021200132,59,35,1,0,0,0,0,0,0,101,77,-24,94,-24,home,away,35,24
8/24/2012,320824016,2012,ATL,WAS,away,-5,-110,149.5,-110,81,69,-12,150,1021200133,33,49,1,1,1,1,1,1,1,69,81,12,82,16,away,away,49,-16
8/24/2012,320824003,2012,CHI,TUL,away,-2.5,-110,154,-110,78,81,3,159,1021200134,33,36,0,0,0,1,1,1,1,81,78,-3,69,3,away,away,36,-3
8/25/2012,320825020,2012,MIN,ATL,away,-6.5,-110,162.5,-110,84,74,-10,158,1021200135,42,43,0,0,0,0,0,0,0,74,84,10,85,1,away,away,43,-1
8/25/2012,320825017,2012,TUL,SAS,away,16,-110,158.5,-110,71,91,20,162,1021200136,50,38,0,1,1,1,0,0,0,91,71,-20,88,-12,home,away,38,12
8/25/2012,320825011,2012,IND,PHO,away,-11,-110,158,-110,85,72,-13,157,1021200137,31,35,0,1,1,1,1,1,1,72,85,13,66,4,away,away,35,-4
8/25/2012,320825006,2012,NYL,LAS,away,10.5,-110,159,-110,62,87,25,149,1021200138,45,38,0,0,0,0,0,0,0,87,62,-25,83,-7,home,away,38,7
8/26/2012,320826018,2012,CHI,CON,away,9.5,-110,152,-110,82,70,-12,152,1021200139,43,39,0,0,1,1,1,0,0,70,82,12,82,-4,home,away,39,4
8/26/2012,320826014,2012,NYL,SEA,away,7.5,-110,143.5,-110,66,84,18,150,1021200140,51,30,0,0,0,0,0,0,0,84,66,-18,81,-21,home,away,30,21
8/28/2012,320828005,2012,WAS,IND,away,13,-110,150,-110,68,83,15,151,1021200142,43,37,1,1,0,0,0,0,0,83,68,-15,80,-6,home,away,37,6
8/28/2012,320828020,2012,TUL,ATL,away,12,-110,156,-110,84,80,-4,164,1021200141,51,44,0,0,0,0,0,0,0,80,84,4,95,-7,home,away,44,7
8/28/2012,320828008,2012,SAS,MIN,away,7.5,-110,163.5,-110,84,96,12,180,1021200144,35,36,1,1,1,1,1,1,1,96,84,-12,71,1,away,away,36,-1
8/28/2012,320828019,2012,CON,CHI,away,-5.5,-110,151,-110,83,72,-11,155,1021200143,33,44,1,1,1,1,1,1,1,72,83,11,77,11,away,away,44,-11
8/30/2012,320830020,2012,WAS,ATL,away,9.5,-110,150.5,-110,59,82,23,141,1021200145,31,33,0,0,0,0,1,0,0,82,59,-23,64,2,away,away,33,-2
8/30/2012,320830009,2012,IND,NYL,away,-3.5,-110,150,-110,76,63,-13,139,1021200146,26,30,1,1,1,1,1,1,1,63,76,13,56,4,away,away,30,-4
8/30/2012,320830003,2012,LAS,TUL,away,-9.5,-110,165.5,-110,85,99,14,184,1021200148,42,50,0,0,1,1,1,1,1,99,85,-14,92,8,away,away,50,-8
8/30/2012,320830017,2012,CON,SAS,away,7,-110,159.5,-110,84,73,-11,157,1021200147,40,52,1,0,0,1,1,1,1,73,84,11,92,12,away,away,52,-12
8/30/2012,320830014,2012,PHO,SEA,away,14.5,-110,153,-110,75,68,-7,143,1021200149,32,36,1,1,0,1,1,1,1,68,75,7,68,4,away,away,36,-4
8/31/2012,320831008,2012,TUL,MIN,away,18,-110,164,-110,83,92,9,175,1021200150,48,56,1,0,0,1,1,1,1,92,83,-9,104,8,away,away,56,-8
9/1/2012,320901009,2012,WAS,NYL,away,8.5,-110,144.5,-110,73,79,6,152,1021200151,45,32,0,0,1,0,0,0,0,79,73,-6,77,-13,home,away,32,13
9/1/2012,320901005,2012,CHI,IND,away,8.5,-110,149,-110,64,81,17,145,1021200152,45,31,1,1,1,0,0,0,0,81,64,-17,76,-14,home,away,31,14
9/1/2012,320901011,2012,SAS,PHO,away,-9.5,-110,165,-110,90,94,4,184,1021200153,52,41,1,0,1,1,1,0,0,94,90,-4,93,-11,home,away,41,11
9/2/2012,320902020,2012,CON,ATL,away,2.5,-110,158.5,-110,80,87,7,167,1021200154,39,39,1,0,0,0,1,0,0,87,80,-7,78,0,tie,away,39,-0
9/2/2012,320902019,2012,LAS,CHI,away,-7.5,-110,155.5,-110,74,85,11,159,1021200155,33,43,0,1,1,1,1,1,1,85,74,-11,76,10,away,away,43,-10
9/4/2012,320904016,2012,CON,WAS,away,-8.5,-110,150.5,-110,77,70,-7,147,1021200156,37,40,1,1,0,1,1,1,1,70,77,7,77,3,away,away,40,-3
9/4/2012,320904008,2012,LAS,MIN,away,9,-110,170.5,-110,77,88,11,165,1021200157,41,37,0,0,0,1,0,0,0,88,77,-11,78,-4,home,away,37,4
9/5/2012,320905009,2012,PHO,NYL,away,7,-110,160,-110,59,87,28,146,1021200159,51,29,0,0,0,0,0,0,0,87,59,-28,80,-22,home,away,29,22
9/5/2012,320905020,2012,IND,ATL,away,4.5,-110,157,-110,64,71,7,135,1021200158,29,32,1,1,1,1,1,0,0,71,64,-7,61,3,away,away,32,-3
9/6/2012,320906014,2012,TUL,SEA,away,10,-110,148,-110,74,101,27,175,1021200160,53,40,0,0,0,0,1,0,0,101,74,-27,93,-13,home,away,40,13
9/7/2012,320907016,2012,LAS,WAS,away,-9,-110,154.5,-110,96,68,-28,164,1021200162,39,54,0,1,1,1,1,1,1,68,96,28,93,15,away,away,54,-15
9/7/2012,320907018,2012,PHO,CON,away,16,-110,161.5,-110,91,82,-9,173,1021200161,40,52,1,1,1,1,1,1,1,82,91,9,92,12,away,away,52,-12
9/7/2012,320907009,2012,CHI,NYL,away,-1,-110,144.5,-110,92,83,-9,175,1021200163,41,46,1,1,1,1,1,1,1,83,92,9,87,5,away,away,46,-5
9/7/2012,320907017,2012,IND,SAS,away,4.5,-110,153.5,-110,82,78,-4,160,1021200165,42,37,1,0,0,0,0,0,0,78,82,4,79,-5,home,away,37,5
9/7/2012,320907008,2012,ATL,MIN,away,9.5,-110,166,-110,93,97,4,190,1021200164,31,52,1,1,1,1,1,1,1,97,93,-4,83,21,away,away,52,-21
9/8/2012,320908003,2012,SEA,TUL,away,-7.5,-110,153.5,-110,89,66,-23,155,1021200166,31,43,1,1,1,1,1,1,1,66,89,23,74,12,away,away,43,-12
9/9/2012,320909017,2012,MIN,SAS,away,1,-110,162,-110,81,62,-19,143,1021200167,29,47,1,1,1,1,1,1,1,62,81,19,76,18,away,away,47,-18
9/9/2012,320909020,2012,WAS,ATL,away,10.5,-110,150.5,-110,68,93,25,161,1021200168,48,27,0,0,0,0,0,0,0,93,68,-25,75,-21,home,away,27,21
9/9/2012,320909009,2012,LAS,NYL,away,-5.5,-110,158,-110,71,73,2,144,1021200169,36,48,1,1,1,1,1,1,1,73,71,-2,84,12,away,away,48,-12
9/9/2012,320909018,2012,CHI,CON,away,8,-110,154,-110,77,82,5,159,1021200170,37,44,1,1,1,1,1,1,1,82,77,-5,81,7,away,away,44,-7
9/9/2012,320909005,2012,PHO,IND,away,13.5,-110,159.5,-110,83,89,6,172,1021200171,54,41,1,1,1,1,0,1,0,89,83,-6,95,-13,home,away,41,13
9/11/2012,320911020,2012,SEA,ATL,away,6,-110,151,-110,61,77,16,138,1021200172,37,25,0,0,0,0,0,0,0,77,61,-16,62,-12,home,away,25,12
9/11/2012,320911019,2012,MIN,CHI,away,-6.5,-110,155.5,-110,70,83,13,153,1021200173,40,29,0,0,0,0,0,0,0,83,70,-13,69,-11,home,away,29,11
9/12/2012,320912009,2012,WAS,NYL,away,10.5,-110,148,-110,62,75,13,137,1021200175,37,34,0,0,0,0,0,0,1,75,62,-13,71,-3,home,away,34,3
9/12/2012,320912005,2012,SEA,IND,away,6,-110,146.5,-110,48,72,24,120,1021200174,35,26,0,0,0,0,0,0,0,72,48,-24,61,-9,home,away,26,9
9/12/2012,320912003,2012,SAS,TUL,away,-9.5,-110,162.5,-110,78,67,-11,145,1021200176,27,51,1,1,1,1,1,1,1,67,78,11,78,24,away,away,51,-24
9/12/2012,320912011,2012,CON,PHO,away,-5.5,-110,165.5,-110,100,78,-22,178,1021200177,45,43,0,0,0,0,0,0,0,78,100,22,88,-2,home,away,43,2
9/13/2012,320913006,2012,CHI,LAS,away,10,-110,157.5,-110,77,86,9,163,1021200178,44,35,0,0,0,0,0,0,0,86,77,-9,79,-9,home,away,35,9
9/14/2012,320914016,2012,ATL,WAS,away,-9.5,-110,150.5,-110,82,74,-8,156,1021200180,42,32,0,0,0,0,0,0,0,74,82,8,74,-10,home,away,32,10
9/14/2012,320914005,2012,MIN,IND,away,4,-110,155,-110,66,64,-2,130,1021200179,33,41,1,1,1,1,1,1,1,64,66,2,74,8,away,away,41,-8
9/14/2012,320914017,2012,SEA,SAS,away,9,-110,146,-110,66,90,24,156,1021200181,38,36,0,0,1,1,0,0,0,90,66,-24,74,-2,home,away,36,2
9/14/2012,320914011,2012,TUL,PHO,away,-3,-110,165.5,-110,92,84,-8,176,1021200182,42,42,1,1,1,1,1,1,0,84,92,8,84,0,tie,away,42,-0
9/14/2012,320914006,2012,CON,LAS,away,6.5,-110,165,-110,82,93,11,175,1021200183,43,39,1,0,0,0,1,1,0,93,82,-11,82,-4,home,away,39,4
9/16/2012,320916017,2012,TUL,SAS,away,13.5,-110,162.5,-110,80,70,-10,150,1021200184,44,48,1,0,0,0,1,1,1,70,80,10,92,4,away,away,48,-4
9/16/2012,320916016,2012,NYL,WAS,away,-9,-110,145,-110,75,68,-7,143,1021200185,33,35,1,1,0,0,1,1,0,68,75,7,68,2,away,away,35,-2
9/16/2012,320916011,2012,CHI,PHO,away,-12.5,-110,158.5,-110,86,55,-31,141,1021200186,26,55,1,1,1,1,1,1,1,55,86,31,81,29,away,away,55,-29
9/16/2012,320916014,2012,CON,SEA,away,-8,-110,147.5,-110,60,58,-2,118,1021200188,25,28,1,1,1,1,1,1,1,58,60,2,53,3,away,away,28,-3
9/17/2012,320917008,2012,IND,MIN,away,5.5,-110,151.5,-110,79,86,7,165,1021200187,40,43,1,1,1,1,1,1,1,86,79,-7,83,3,away,away,43,-3
9/18/2012,320918017,2012,NYL,SAS,away,6,-110,154,-110,66,77,11,143,1021200189,32,37,0,0,1,1,1,1,1,77,66,-11,69,5,away,away,37,-5
9/18/2012,320918014,2012,CHI,SEA,away,-1,-110,144,-110,60,75,15,135,1021200190,46,28,0,0,0,0,0,0,0,75,60,-15,74,-18,home,away,28,18
9/18/2012,320918006,2012,PHO,LAS,away,20,-110,165.5,-110,76,101,25,177,1021200191,54,40,0,0,0,0,0,0,0,101,76,-25,94,-14,home,away,40,14
9/19/2012,320919018,2012,IND,CON,away,5,-110,154,-110,67,73,6,140,1021200192,38,27,0,0,0,0,0,0,0,73,67,-6,65,-11,home,away,27,11
9/20/2012,320920003,2012,NYL,TUL,away,-4.5,-110,155,-110,66,78,12,144,1021200194,45,30,0,0,0,0,0,0,0,78,66,-12,75,-15,home,away,30,15
9/20/2012,320920019,2012,ATL,CHI,away,2,-110,152,-110,75,66,-9,141,1021200193,31,41,1,1,1,1,1,1,1,66,75,9,72,10,away,away,41,-10
9/20/2012,320920006,2012,MIN,LAS,away,2,-110,168,-110,76,92,16,168,1021200195,44,36,0,0,0,0,0,0,0,92,76,-16,80,-8,home,away,36,8
9/21/2012,320921016,2012,IND,WAS,away,-4.5,-110,142.5,-110,66,53,-13,119,1021200196,26,28,0,0,0,1,1,1,1,53,66,13,54,2,away,away,28,-2
9/21/2012,320921011,2012,MIN,PHO,away,-13.5,-110,169,-110,89,66,-23,155,1021200197,34,51,1,1,0,0,1,1,1,66,89,23,85,17,away,away,51,-17
9/21/2012,320921014,2012,SAS,SEA,away,3,-110,148,-110,75,84,9,159,1021200198,48,29,0,0,0,0,0,0,0,84,75,-9,77,-19,home,away,29,19
9/22/2012,320922009,2012,TUL,NYL,away,7,-110,153.5,-110,74,91,17,165,1021200199,40,50,1,0,0,1,1,1,1,91,74,-17,90,10,away,away,50,-10
9/22/2012,320922019,2012,WAS,CHI,away,12,-110,143,-110,58,77,19,135,1021200200,23,28,1,1,1,1,1,1,0,77,58,-19,51,5,away,away,28,-5
9/23/2012,320923011,2012,SEA,PHO,away,-7.5,-110,155.5,-110,71,57,-14,128,1021200201,28,32,0,0,0,1,1,1,1,57,71,14,60,4,away,away,32,-4
9/23/2012,320923017,2012,MIN,SAS,away,-3.5,-110,157.5,-110,84,99,15,183,1021200202,60,47,1,1,0,0,0,0,0,99,84,-15,107,-13,home,away,47,13
9/23/2012,320923018,2012,ATL,CON,away,5,-110,158.5,-110,72,92,20,164,1021200203,36,24,0,0,0,0,0,0,0,92,72,-20,60,-12,home,away,24,12
9/23/2012,320923005,2012,TUL,IND,away,5.5,-110,151,-110,58,91,33,149,1021200204,43,32,1,1,1,1,1,0,0,91,58,-33,75,-11,home,away,32,11
9/27/2012,400407861,2012,SAS,LAS,away,7,-110,164.5,-110,86,93,7,179,1041200131,40,44,1,1,0,1,1,0,1,93,86,-7,84,4,away,away,44,-4
9/28/2012,400407862,2012,SEA,MIN,away,10.5,-110,148,-110,70,78,8,148,1041200121,33,27,0,0,0,0,0,0,0,78,70,-8,60,-6,home,away,27,6
9/29/2012,400407863,2012,LAS,SAS,away,3.5,-110,166,-110,101,94,-7,195,1041200132,40,51,1,1,1,1,1,1,1,94,101,7,91,11,away,away,51,-11
9/30/2012,400407864,2012,MIN,SEA,away,-6,-110,146,-110,79,86,7,165,1041200122,36,37,1,1,1,1,1,1,1,86,79,-7,73,1,away,away,37,-1
9/27/2012,400409181,2012,NYL,CON,away,9.5,-110,154,-110,60,65,5,125,1041200101,41,34,0,0,0,0,0,0,0,65,60,-5,75,-7,home,away,34,7
9/28/2012,400409184,2012,ATL,IND,away,4,-110,152.5,-110,75,66,-9,141,1041200111,32,41,1,1,1,1,1,1,1,66,75,9,73,9,away,away,41,-9
9/29/2012,400409182,2012,CON,NYL,away,-4,-110,151.5,-110,75,62,-13,137,1041200102,33,27,0,0,0,0,0,0,0,62,75,13,60,-6,home,away,27,6
9/30/2012,400409185,2012,IND,ATL,away,6,-110,150,-110,103,88,-15,191,1041200112,45,47,0,0,1,1,1,0,0,88,103,15,92,2,away,away,47,-2
10/2/2012,400409186,2012,ATL,IND,away,3.5,-110,155,-110,64,75,11,139,1041200113,39,39,0,0,0,0,0,0,0,75,64,-11,78,0,tie,away,39,-0
10/2/2012,400407866,2012,SEA,MIN,away,10.5,-110,147,-110,72,73,1,145,1041200123,36,35,0,0,0,0,1,0,0,73,72,-1,71,-1,home,away,35,1
10/4/2012,400421429,2012,LAS,MIN,away,6,-110,168,-110,77,94,17,171,1041200211,48,31,0,1,0,0,0,0,0,94,77,-17,79,-17,home,away,31,17
10/5/2012,400421426,2012,IND,CON,away,4,-110,150.5,-110,64,76,12,140,1041200201,30,30,1,1,1,1,0,0,0,76,64,-12,60,0,tie,away,30,-0
10/7/2012,400421430,2012,MIN,LAS,away,3,-110,166.5,-110,80,79,-1,159,1041200212,39,40,1,1,1,1,1,1,1,79,80,1,79,1,away,away,40,-1
10/8/2012,400421427,2012,CON,IND,away,5,-110,146,-110,76,78,2,154,1041200202,46,43,1,1,1,1,1,1,0,78,76,-2,89,-3,home,away,43,3
10/11/2012,400421428,2012,IND,CON,away,4.5,-110,145.5,-110,87,71,-16,158,1041200203,24,43,1,1,1,1,1,1,1,71,87,16,67,19,away,away,43,-19
10/14/2012,400425929,2012,IND,MIN,away,8,-110,150.5,-110,76,70,-6,146,1041200301,40,43,1,1,1,1,1,1,1,70,76,6,83,3,away,away,43,-3
10/17/2012,400425930,2012,IND,MIN,away,7.5,-110,150.5,-110,71,83,12,154,1041200302,31,33,1,1,1,1,1,1,1,83,71,-12,64,2,away,away,33,-2
10/19/2012,400425931,2012,MIN,IND,away,-3.5,-110,150,-110,59,76,17,135,1041200303,45,27,1,0,0,0,0,0,0,76,59,-17,72,-18,home,away,27,18
10/21/2012,400425932,2012,MIN,IND,away,-2,-110,149.5,-110,78,87,9,165,1041200304,47,42,0,0,0,0,0,0,0,87,78,-9,89,-5,home,away,42,5
5/24/2013,400445705,2013,SAS,IND,home,4,-110,144.5,-110,64,79,15,143,1021300001,35,34,1,1,1,1,1,1,0,64,79,15,69,-1,home,home,35,-1
5/25/2013,400445711,2013,CON,NYL,home,-8.5,-110,150,-110,81,69,-12,150,1021300003,40,42,1,1,0,0,1,1,0,81,69,-12,82,2,away,home,40,2
5/25/2013,400445707,2013,ATL,TUL,home,-8.5,-110,156,-110,98,81,-17,179,1021300002,48,44,1,1,1,1,1,1,1,98,81,-17,92,-4,home,home,48,-4
5/26/2013,400445715,2013,LAS,SEA,home,-15.5,-110,145,-110,102,69,-33,171,1021300004,53,41,0,0,1,1,1,1,1,102,69,-33,94,-12,home,home,53,-12
5/27/2013,400445718,2013,TUL,WAS,home,-6.5,-110,157,-110,90,95,5,185,1021300005,46,47,1,1,1,0,0,0,0,90,95,5,93,1,away,home,46,1
5/27/2013,400445722,2013,PHO,CHI,home,-7,-110,167.5,-110,80,102,22,182,1021300006,32,56,0,0,0,0,0,0,0,80,102,22,88,24,away,home,32,24
5/31/2013,400445726,2013,IND,ATL,home,-5,-110,157,-110,77,86,9,163,1021300007,47,46,1,0,0,0,0,0,0,77,86,9,93,-1,home,home,47,-1
5/31/2013,400445728,2013,NYL,TUL,home,-6.5,-110,158.5,-110,78,76,-2,154,1021300008,37,29,1,1,1,1,1,1,1,78,76,-2,66,-8,home,home,37,-8
5/31/2013,400445731,2013,CHI,CON,home,-7,-110,159,-110,86,75,-11,161,1021300009,44,39,1,1,1,1,1,1,1,86,75,-11,83,-5,home,home,44,-5
6/1/2013,400445756,2013,SAS,LAS,home,10.5,-110,164.5,-110,83,78,-5,161,1021300011,45,42,1,1,1,1,1,1,1,83,78,-5,87,-3,home,home,45,-3
6/1/2013,400445734,2013,MIN,CON,home,-11,-110,168.5,-110,90,74,-16,164,1021300010,52,39,1,1,1,1,1,1,1,90,74,-16,91,-13,home,home,52,-13
6/2/2013,400445760,2013,WAS,ATL,home,5,-110,163,-110,63,73,10,136,1021300012,26,39,0,0,0,0,0,0,0,63,73,10,65,13,away,home,26,13
6/2/2013,400445764,2013,CHI,TUL,home,-16,-110,163,-110,92,71,-21,163,1021300013,40,38,1,0,1,1,0,1,1,92,71,-21,78,-2,home,home,40,-2
6/2/2013,400445766,2013,SEA,PHO,home,10,-110,160.5,-110,75,72,-3,147,1021300014,35,38,0,0,0,0,0,0,0,75,72,-3,73,3,away,home,35,3
6/5/2013,400445777,2013,NYL,IND,home,5,-110,147.5,-110,75,68,-7,143,1021300015,30,36,0,0,0,0,0,0,0,75,68,-7,66,6,away,home,30,6
6/6/2013,400445780,2013,MIN,PHO,home,-10.5,-110,171.5,-110,99,79,-20,178,1021300016,60,33,1,1,1,1,1,1,1,99,79,-20,93,-27,home,home,60,-27
6/7/2013,400445783,2013,CON,WAS,home,-6.5,-110,151.5,-110,62,66,4,128,1021300017,30,29,1,1,1,0,1,0,1,62,66,4,59,-1,home,home,30,-1
6/7/2013,400445787,2013,ATL,NYL,home,-10.5,-110,153.5,-110,75,56,-19,131,1021300018,44,33,1,1,1,1,1,1,1,75,56,-19,77,-11,home,home,44,-11
6/7/2013,400445788,2013,SAS,CHI,home,4,-110,151,-110,81,69,-12,150,1021300019,44,36,0,1,1,1,1,1,1,81,69,-12,80,-8,home,home,44,-8
6/8/2013,400445792,2013,IND,PHO,home,-4.5,-110,159.5,-110,67,82,15,149,1021300021,38,37,1,1,1,1,1,1,0,67,82,15,75,-1,home,home,38,-1
6/8/2013,400445794,2013,WAS,MIN,home,12,-110,157,-110,85,80,-5,165,1021300022,43,36,0,1,1,1,1,1,1,85,80,-5,79,-7,home,home,43,-7
6/8/2013,400445797,2013,LAS,TUL,home,-18,-110,167.5,-110,76,69,-7,145,1021300023,38,30,1,1,0,1,1,1,1,76,69,-7,68,-8,home,home,38,-8
6/9/2013,400445807,2013,NYL,ATL,home,6,-110,149,-110,76,67,-9,143,1021300024,32,33,1,1,1,1,1,0,0,76,67,-9,65,1,away,home,32,1
6/9/2013,400445810,2013,CHI,SAS,home,-7.5,-110,151.5,-110,72,70,-2,142,1021300025,45,34,0,1,1,1,1,1,1,72,70,-2,79,-11,home,home,45,-11
6/11/2013,400445815,2013,MIN,SAS,home,-14,-110,160.5,-110,87,72,-15,159,1021300026,35,36,1,0,1,1,1,1,1,87,72,-15,71,1,away,home,35,1
6/12/2013,400445818,2013,IND,CON,home,-3.5,-110,147,-110,61,73,12,134,1021300027,35,38,1,0,0,0,0,0,0,61,73,12,73,3,away,home,35,3
6/14/2013,400445826,2013,NYL,CON,home,-1,-110,147.5,-110,78,68,-10,146,1021300029,24,33,0,0,0,0,0,0,0,78,68,-10,57,9,away,home,24,9
6/14/2013,400445823,2013,ATL,SEA,home,-8.5,-110,147.5,-110,68,59,-9,127,1021300028,38,35,1,0,0,0,0,0,1,68,59,-9,73,-3,home,home,38,-3
6/14/2013,400445831,2013,TUL,MIN,home,10.5,-110,162,-110,74,83,9,157,1021300030,35,39,0,0,0,1,0,0,0,74,83,9,74,4,away,home,35,4
6/14/2013,400445835,2013,PHO,LAS,home,3,-110,173,-110,97,81,-16,178,1021300031,48,50,1,1,1,1,0,0,0,97,81,-16,98,2,away,home,48,2
6/15/2013,400445841,2013,LAS,SAS,home,-10,-110,157.5,-110,84,48,-36,132,1021300032,35,28,1,1,1,1,1,1,1,84,48,-36,63,-7,home,home,35,-7
6/16/2013,400445843,2013,WAS,IND,home,-1.5,-110,143.5,-110,64,60,-4,124,1021300033,31,31,1,1,1,1,1,0,0,64,60,-4,62,0,tie,home,31,0
6/16/2013,400445847,2013,ATL,CHI,home,-5.5,-110,155,-110,88,74,-14,162,1021300034,51,47,1,1,1,1,1,1,1,88,74,-14,98,-4,home,home,51,-4
6/16/2013,400445852,2013,TUL,PHO,home,6,-110,169,-110,103,108,5,211,1021300035,46,48,0,0,0,0,0,0,0,103,108,5,94,2,away,home,46,2
6/16/2013,400445854,2013,CON,SEA,home,-9,-110,145,-110,66,78,12,144,1021300036,33,40,1,1,0,0,0,0,0,66,78,12,73,7,away,home,33,7
6/18/2013,400445879,2013,SEA,WAS,home,-3.5,-110,140,-110,96,86,-10,182,1021300037,47,40,1,1,1,1,1,1,1,96,86,-10,87,-7,home,home,47,-7
6/19/2013,400445882,2013,PHO,MIN,home,3.5,-110,178.5,-110,69,80,11,149,1021300038,37,40,0,1,1,0,0,0,0,69,80,11,77,3,away,home,37,3
6/20/2013,400445884,2013,TUL,CHI,home,6,-110,160.5,-110,83,74,-9,157,1021300039,41,39,0,1,1,0,1,1,1,83,74,-9,80,-2,home,home,41,-2
6/21/2013,400445697,2013,SAS,SEA,home,-5.5,-110,143.5,-110,86,91,5,177,1021300040,37,39,0,0,0,0,0,0,1,86,91,5,76,2,away,home,37,2
6/21/2013,400445698,2013,PHO,WAS,home,-9,-110,166,-110,90,82,-8,172,1021300041,49,38,1,1,1,0,1,1,1,90,82,-8,87,-11,home,home,49,-11
6/21/2013,400445699,2013,LAS,MIN,home,-3.5,-110,165,-110,87,59,-28,146,1021300042,50,24,1,1,1,1,1,1,1,87,59,-28,74,-26,home,home,50,-26
6/22/2013,400445701,2013,IND,CHI,home,6,-110,145,-110,61,71,10,132,1021300043,37,35,1,1,1,1,1,1,1,61,71,10,72,-2,home,home,37,-2
6/22/2013,400445703,2013,TUL,SEA,home,-4.5,-110,146.5,-110,92,70,-22,162,1021300044,41,30,1,1,1,1,1,1,1,92,70,-22,71,-11,home,home,41,-11
6/23/2013,400445714,2013,NYL,SAS,home,-6.5,-110,148.5,-110,77,78,1,155,1021300046,32,34,0,0,0,0,0,0,0,77,78,1,66,2,away,home,32,2
6/23/2013,400445709,2013,CON,ATL,home,4.5,-110,149.5,-110,77,78,1,155,1021300045,37,45,0,0,0,0,0,0,0,77,78,1,82,8,away,home,37,8
6/23/2013,400445717,2013,MIN,TUL,home,-15,-110,161.5,-110,88,79,-9,167,1021300047,49,40,1,0,0,1,1,1,1,88,79,-9,89,-9,home,home,49,-9
6/23/2013,400445721,2013,LAS,WAS,home,-13,-110,160,-110,79,69,-10,148,1021300048,47,37,1,1,1,1,1,1,1,79,69,-10,84,-10,home,home,47,-10
6/25/2013,400445723,2013,ATL,IND,home,-12.5,-110,143,-110,76,60,-16,136,1021300049,36,30,0,0,0,1,1,1,1,76,60,-16,66,-6,home,home,36,-6
6/25/2013,400445729,2013,SAS,PHO,home,5.5,-110,168.5,-110,77,83,6,160,1021300050,33,43,1,1,1,1,0,0,0,77,83,6,76,10,away,home,33,10
6/26/2013,400445733,2013,CHI,NYL,home,-8.5,-110,151,-110,87,74,-13,161,1021300051,44,42,0,0,0,0,0,0,1,87,74,-13,86,-2,home,home,44,-2
6/27/2013,400445757,2013,WAS,PHO,home,3.5,-110,166,-110,97,101,4,198,1021300052,50,43,0,0,1,1,1,1,1,97,101,4,93,-7,home,home,50,-7
6/28/2013,400445759,2013,IND,TUL,home,-3,-110,141.5,-110,80,69,-11,149,1021300053,39,33,0,1,0,0,1,1,1,80,69,-11,72,-6,home,home,39,-6
6/28/2013,400445762,2013,ATL,WAS,home,-9.5,-110,156.5,-110,86,75,-11,161,1021300054,39,28,0,0,1,1,1,1,1,86,75,-11,67,-11,home,home,39,-11
6/28/2013,400445767,2013,MIN,LAS,home,-6.5,-110,164,-110,88,64,-24,152,1021300055,44,30,1,1,1,1,1,1,1,88,64,-24,74,-14,home,home,44,-14
6/28/2013,400445769,2013,SEA,NYL,home,-4,-110,143.5,-110,62,67,5,129,1021300056,30,30,0,1,1,1,1,0,0,62,67,5,60,0,tie,home,30,0
6/29/2013,400445771,2013,CON,PHO,home,4.5,-110,164.5,-110,70,89,19,159,1021300057,32,38,0,0,0,0,0,0,0,70,89,19,70,6,away,home,32,6
6/29/2013,400445772,2013,CHI,LAS,home,-4,-110,161,-110,94,82,-12,176,1021300058,47,41,1,1,1,1,1,1,1,94,82,-12,88,-6,home,home,47,-6
6/30/2013,400445776,2013,ATL,SAS,home,-12.5,-110,154,-110,93,67,-26,160,1021300059,49,40,1,1,1,1,1,1,1,93,67,-26,89,-9,home,home,49,-9
6/30/2013,400445781,2013,WAS,TUL,home,-3.5,-110,159,-110,84,61,-23,145,1021300060,44,34,1,1,0,1,1,1,1,84,61,-23,78,-10,home,home,44,-10
6/30/2013,400445784,2013,IND,SEA,home,-5.5,-110,139,-110,71,63,-8,134,1021300061,29,30,1,1,1,1,0,0,1,71,63,-8,59,1,away,home,29,1
7/2/2013,400445798,2013,CON,TUL,home,-5.5,-110,150.5,-110,88,69,-19,157,1021300063,43,34,1,1,1,1,1,1,1,88,69,-19,77,-9,home,home,43,-9
7/2/2013,400445795,2013,CHI,SEA,home,-8,-110,151,-110,60,69,9,129,1021300062,31,34,1,1,1,1,1,0,0,60,69,9,65,3,away,home,31,3
7/2/2013,400445801,2013,PHO,NYL,home,-11.5,-110,165,-110,94,87,-7,181,1021300064,46,41,1,1,0,1,1,1,1,94,87,-7,87,-5,home,home,46,-5
7/2/2013,400445805,2013,LAS,MIN,home,-3,-110,165,-110,96,66,-30,162,1021300065,60,39,1,0,0,1,1,1,1,96,66,-30,99,-21,home,home,60,-21
7/4/2013,400445809,2013,LAS,NYL,home,-13,-110,157,-110,97,89,-8,186,1021300066,60,37,1,1,1,1,1,1,1,97,89,-8,97,-23,home,home,60,-23
7/6/2013,400445813,2013,LAS,SAS,home,-12,-110,160.5,-110,93,66,-27,159,1021300067,39,29,1,1,1,1,1,1,1,93,66,-27,68,-10,home,home,39,-10
7/6/2013,400445819,2013,WAS,SEA,home,-6,-110,144.5,-110,62,59,-3,121,1021300069,35,21,1,1,1,1,1,1,1,62,59,-3,56,-14,home,home,35,-14
7/6/2013,400445816,2013,IND,CON,home,-4.5,-110,144.5,-110,78,66,-12,144,1021300068,41,23,1,1,1,1,1,1,1,78,66,-12,64,-18,home,home,41,-18
7/7/2013,400445824,2013,NYL,CHI,home,3,-110,151.5,-110,64,93,29,157,1021300070,31,42,0,0,0,0,0,0,0,64,93,29,73,11,away,home,31,11
7/7/2013,400445828,2013,MIN,PHO,home,-6.5,-110,176.5,-110,91,59,-32,150,1021300071,39,29,1,1,1,1,1,1,1,91,59,-32,68,-10,home,home,39,-10
7/10/2013,400445839,2013,CHI,WAS,home,-9.5,-110,159,-110,89,85,-4,174,1021300074,50,38,1,1,1,1,1,1,1,89,85,-4,88,-12,home,home,50,-12
7/10/2013,400445845,2013,PHO,SAS,home,-9.5,-110,167,-110,80,88,8,168,1021300075,40,41,1,0,0,1,1,0,0,80,88,8,81,1,away,home,40,1
7/11/2013,400445849,2013,IND,MIN,home,4,-110,148,-110,62,69,7,131,1021300076,30,38,1,0,0,0,0,0,0,62,69,7,68,8,away,home,30,8
7/11/2013,400445853,2013,TUL,LAS,home,8,-110,163,-110,78,94,16,172,1021300077,35,50,0,0,0,0,0,0,0,78,94,16,85,15,away,home,35,15
7/12/2013,400445877,2013,CON,CHI,home,3.5,-110,160,-110,70,83,13,153,1021300078,35,50,0,0,0,0,0,0,0,70,83,13,85,15,away,home,35,15
7/12/2013,400445881,2013,SAS,WAS,home,-3.5,-110,155,-110,73,83,10,156,1021300079,36,49,0,0,0,0,0,0,0,73,83,10,85,13,away,home,36,13
7/13/2013,400445700,2013,NYL,IND,home,-1.5,-110,140,-110,53,74,21,127,1021300080,34,37,1,0,1,1,1,0,0,53,74,21,71,3,away,home,34,3
7/13/2013,400445706,2013,TUL,MIN,home,9.5,-110,158.5,-110,75,86,11,161,1021300081,37,51,0,0,0,0,0,0,0,75,86,11,88,14,away,home,37,14
7/14/2013,400445710,2013,CON,SAS,home,-7.5,-110,156,-110,86,84,-2,170,1021300082,34,32,1,1,1,1,1,1,1,86,84,-2,66,-2,home,home,34,-2
7/14/2013,400445712,2013,PHO,LAS,home,4,-110,175.5,-110,76,88,12,164,1021300083,37,43,0,0,0,0,0,0,0,76,88,12,80,6,away,home,37,6
7/14/2013,400445716,2013,SEA,ATL,home,3.5,-110,141.5,-110,73,65,-8,138,1021300084,32,37,0,0,0,0,0,0,0,73,65,-8,69,5,away,home,32,5
7/16/2013,400445720,2013,WAS,SAS,home,-7,-110,153,-110,86,64,-22,150,1021300085,41,36,1,1,1,1,1,1,1,86,64,-22,77,-5,home,home,41,-5
7/17/2013,400445724,2013,SEA,TUL,home,-6,-110,143,-110,59,86,27,145,1021300086,26,45,0,0,0,0,0,0,0,59,86,27,71,19,away,home,26,19
7/17/2013,400445727,2013,LAS,ATL,home,-10,-110,162.5,-110,77,73,-4,150,1021300087,37,34,0,0,0,0,0,1,0,77,73,-4,71,-3,home,home,37,-3
7/18/2013,400445732,2013,NYL,CHI,home,5,-110,152.5,-110,55,75,20,130,1021300088,25,41,0,0,0,0,0,0,0,55,75,20,66,16,away,home,25,16
7/18/2013,400445761,2013,LAS,PHO,home,-12,-110,173.5,-110,84,90,6,174,1021300089,38,46,1,1,1,1,1,0,0,84,90,6,84,8,away,home,38,8
7/19/2013,400445765,2013,IND,WAS,home,-5,-110,146.25,-110,77,70,-7,147,1021300090,32,31,0,0,1,1,0,0,0,77,70,-7,63,-1,home,home,32,-1
7/19/2013,400445773,2013,SAS,MIN,home,9.5,-110,159.5,-110,71,87,16,158,1021300091,31,46,0,0,0,0,0,0,0,71,87,16,77,15,away,home,31,15
7/19/2013,400445775,2013,TUL,CON,home,1,-110,159.25,-110,64,58,-6,122,1021300092,27,28,1,1,0,1,0,0,0,64,58,-6,55,1,away,home,27,1
7/20/2013,400445782,2013,SAS,CON,home,-1.5,-110,156.5,-110,60,52,-8,112,1021300094,35,35,1,1,1,1,0,0,1,60,52,-8,70,0,tie,home,35,0
7/20/2013,400445779,2013,CHI,NYL,home,-11.5,-110,151,-110,80,69,-11,149,1021300093,39,42,0,0,0,0,1,1,0,80,69,-11,81,3,away,home,39,3
7/20/2013,400445785,2013,SEA,LAS,home,7.5,-110,151.5,-110,64,65,1,129,1021300095,39,31,1,1,1,1,1,1,1,64,65,1,70,-8,home,home,39,-8
7/21/2013,400445789,2013,WAS,IND,home,-4.5,-110,144,-110,52,65,13,117,1021300096,16,30,0,0,0,0,0,0,0,52,65,13,46,14,away,home,16,14
7/21/2013,400445791,2013,TUL,ATL,home,5.5,-110,158,-110,90,63,-27,153,1021300097,44,35,1,1,1,1,1,1,1,90,63,-27,79,-9,home,home,44,-9
7/21/2013,400445796,2013,PHO,MIN,home,7.5,-110,171.5,-110,77,82,5,159,1021300098,44,36,0,1,1,1,1,1,1,77,82,5,80,-8,home,home,44,-8
7/23/2013,400445799,2013,IND,NYL,home,-6.5,-110,138,-110,72,77,5,149,1021300099,42,33,0,0,0,0,0,1,1,72,77,5,75,-9,home,home,42,-9
7/24/2013,400445802,2013,WAS,CHI,home,4.5,-110,156.5,-110,82,78,-4,160,1021300100,35,44,0,0,0,0,0,0,0,82,78,-4,79,9,away,home,35,9
7/24/2013,400445804,2013,MIN,PHO,home,-15.5,-110,164.5,-110,81,69,-12,150,1021300101,41,34,1,1,1,1,1,1,1,81,69,-12,75,-7,home,home,41,-7
7/24/2013,400445806,2013,ATL,CON,home,-9.5,-110,152.5,-110,74,65,-9,139,1021300102,40,20,1,1,1,1,1,1,1,74,65,-9,60,-20,home,home,40,-20
7/25/2013,400445811,2013,SAS,NYL,home,-3,-110,147,-110,65,53,-12,118,1021300103,31,22,1,1,1,1,1,1,1,65,53,-12,53,-9,home,home,31,-9
7/25/2013,400445812,2013,TUL,IND,home,-3.5,-110,146,-110,60,71,11,131,1021300104,34,38,1,0,0,0,0,0,0,60,71,11,72,4,away,home,34,4
7/25/2013,400445817,2013,LAS,SEA,home,-13,-110,149,-110,66,73,7,139,1021300105,27,41,0,0,0,0,0,0,0,66,73,7,68,14,away,home,27,14
7/31/2013,400445821,2013,WAS,NYL,home,-6,-110,145.5,-110,78,88,10,166,1021300106,33,35,0,0,0,0,1,0,0,78,88,10,68,2,away,home,33,2
8/1/2013,400445822,2013,CON,IND,home,-4.5,-110,139.5,-110,70,64,-6,134,1021300107,25,34,1,0,1,1,0,0,0,70,64,-6,59,9,away,home,25,9
8/1/2013,400445825,2013,SEA,PHO,home,4.5,-110,150,-110,88,79,-9,167,1021300108,41,44,0,0,0,0,0,0,0,88,79,-9,85,3,away,home,41,3
8/2/2013,400445830,2013,TUL,LAS,home,8,-110,162,-110,96,89,-7,185,1021300110,42,31,1,1,1,1,1,1,1,96,89,-7,73,-11,home,home,42,-11
8/2/2013,400445829,2013,MIN,SAS,home,-14,-110,157.5,-110,85,63,-22,148,1021300109,39,33,1,1,1,1,1,1,1,85,63,-22,72,-6,home,home,39,-6
8/2/2013,400445834,2013,CHI,WAS,home,-6.5,-110,154.5,-110,85,78,-7,163,1021300111,44,44,1,1,1,1,1,1,0,85,78,-7,88,0,tie,home,44,0
8/3/2013,400445837,2013,NYL,CON,home,-4.5,-110,145.5,-110,66,88,22,154,1021300112,34,33,1,1,1,1,1,0,0,66,88,22,67,-1,home,home,34,-1
8/3/2013,400445840,2013,IND,CHI,home,-3,-110,144,-110,79,58,-21,137,1021300113,40,32,1,1,1,1,1,1,1,79,58,-21,72,-8,home,home,40,-8
8/3/2013,400445842,2013,PHO,ATL,home,-4.5,-110,167.5,-110,82,76,-6,158,1021300114,40,43,0,0,0,0,1,1,1,82,76,-6,83,3,away,home,40,3
8/4/2013,400445846,2013,WAS,LAS,home,1,-110,157,-110,57,75,18,132,1021300115,26,33,0,0,0,0,0,0,0,57,75,18,59,7,away,home,26,7
8/4/2013,400445848,2013,SAS,TUL,home,1.5,-110,151.5,-110,69,65,-4,134,1021300116,33,35,1,1,1,1,0,0,0,69,65,-4,68,2,away,home,33,2
8/4/2013,400445851,2013,MIN,SEA,home,-13,-110,146.5,-110,90,72,-18,162,1021300117,46,32,1,1,1,1,1,1,1,90,72,-18,78,-14,home,home,46,-14
8/6/2013,400445875,2013,NYL,WAS,home,-3,-110,148.5,-110,93,88,-5,181,1021300118,45,46,1,1,1,0,1,1,1,93,88,-5,91,1,away,home,45,1
8/6/2013,400445878,2013,CON,LAS,home,3.5,-110,155,-110,72,74,2,146,1021300119,36,43,1,1,0,0,0,0,0,72,74,2,79,7,away,home,36,7
8/6/2013,400445736,2013,SAS,MIN,home,10.5,-110,154,-110,80,93,13,173,1021300121,40,45,0,0,0,0,0,0,0,80,93,13,85,5,away,home,40,5
8/6/2013,400445735,2013,CHI,IND,home,-6,-110,146.5,-110,58,64,6,122,1021300120,29,29,1,1,1,0,0,0,0,58,64,6,58,0,tie,home,29,0
8/6/2013,400445737,2013,PHO,SEA,home,-10,-110,155,-110,65,80,15,145,1021300122,30,31,0,0,0,1,1,0,0,65,80,15,61,1,away,home,30,1
8/8/2013,400445738,2013,IND,LAS,home,-2.5,-110,146.5,-110,64,74,10,138,1021300123,30,43,0,0,0,0,0,0,0,64,74,10,73,13,away,home,30,13
8/8/2013,400445739,2013,MIN,WAS,home,-14.5,-110,161.5,-110,75,79,4,154,1021300124,40,45,1,0,0,1,0,0,0,75,79,4,85,5,away,home,40,5
8/9/2013,400445740,2013,CON,CHI,home,4.5,-110,152,-110,61,77,16,138,1021300125,27,42,0,0,0,0,0,0,0,61,77,16,69,15,away,home,27,15
8/9/2013,400445741,2013,PHO,TUL,home,-3,-110,160.5,-110,70,67,-3,137,1021300126,40,38,0,0,1,1,1,1,1,70,67,-3,78,-2,home,home,40,-2
8/9/2013,400445742,2013,SEA,SAS,home,-7,-110,142,-110,56,77,21,133,1021300127,29,47,0,0,0,0,0,0,0,56,77,21,76,18,away,home,29,18
8/10/2013,400445743,2013,NYL,LAS,home,5,-110,153,-110,67,85,18,152,1021300128,30,39,0,0,0,0,0,0,0,67,85,18,69,9,away,home,30,9
8/10/2013,400445744,2013,IND,ATL,home,-2.5,-110,143,-110,80,66,-14,146,1021300129,46,37,0,1,1,1,1,1,1,80,66,-14,83,-9,home,home,46,-9
8/11/2013,400445745,2013,WAS,CON,home,-4.5,-110,149.5,-110,74,63,-11,137,1021300130,38,23,1,1,1,1,1,1,1,74,63,-11,61,-15,home,home,38,-15
8/11/2013,400445746,2013,PHO,TUL,home,-7.5,-110,155.5,-110,77,56,-21,133,1021300131,40,16,0,1,1,1,1,1,1,77,56,-21,56,-24,home,home,40,-24
8/11/2013,400445747,2013,CHI,MIN,home,2,-110,160,-110,94,86,-8,180,1021300132,40,41,0,0,0,0,0,0,0,94,86,-8,81,1,away,home,40,1
8/11/2013,400445748,2013,ATL,NYL,home,-8,-110,149.5,-110,82,88,6,170,1021300133,37,42,1,0,0,0,0,0,0,82,88,6,79,5,away,home,37,5
8/11/2013,400445749,2013,SEA,SAS,home,-5.5,-110,139,-110,69,63,-6,132,1021300134,41,26,0,0,1,1,1,1,1,69,63,-6,67,-15,home,home,41,-15
8/13/2013,400445750,2013,LAS,CHI,home,-6.5,-110,159.5,-110,80,76,-4,156,1021300135,34,34,0,1,0,0,1,1,1,80,76,-4,68,0,tie,home,34,0
8/14/2013,400445751,2013,CON,ATL,home,4,-110,151,-110,88,86,-2,174,1021300136,54,45,0,0,0,1,1,1,1,88,86,-2,99,-9,home,home,54,-9
8/14/2013,400445752,2013,PHO,IND,home,-5,-110,145,-110,75,58,-17,133,1021300137,42,30,0,0,1,1,1,1,1,75,58,-17,72,-12,home,home,42,-12
8/15/2013,400445753,2013,SEA,CHI,home,2,-110,141.5,-110,66,79,13,145,1021300138,39,29,1,1,1,1,1,1,1,66,79,13,68,-10,home,home,39,-10
8/16/2013,400445855,2013,NYL,WAS,home,-2.5,-110,151,-110,57,66,9,123,1021300140,34,33,0,0,0,1,1,1,0,57,66,9,67,-1,home,home,34,-1
8/16/2013,400445754,2013,ATL,CON,home,-9,-110,151,-110,88,57,-31,145,1021300139,39,24,1,1,1,1,1,1,1,88,57,-31,63,-15,home,home,39,-15
8/16/2013,400445856,2013,MIN,TUL,home,-15,-110,154.5,-110,77,83,6,160,1021300141,42,44,0,0,1,1,1,0,0,77,83,6,86,2,away,home,42,2
8/16/2013,400445857,2013,LAS,IND,home,-7,-110,144.5,-110,94,72,-22,166,1021300142,49,37,1,1,1,1,1,1,1,94,72,-22,86,-12,home,home,49,-12
8/17/2013,400445858,2013,SAS,PHO,home,6.5,-110,153,-110,88,82,-6,170,1021300143,45,37,0,1,1,1,1,1,1,88,82,-6,82,-8,home,home,45,-8
8/17/2013,400445859,2013,SEA,IND,home,-1,-110,133,-110,77,70,-7,147,1021300144,40,39,1,1,1,1,1,1,1,77,70,-7,79,-1,home,home,40,-1
8/18/2013,400445860,2013,ATL,WAS,home,-7,-110,157,-110,76,58,-18,134,1021300145,38,37,0,0,0,0,0,0,1,76,58,-18,75,-1,home,home,38,-1
8/18/2013,400445861,2013,CHI,CON,home,-9,-110,148,-110,89,78,-11,167,1021300146,27,43,0,0,0,0,0,0,0,89,78,-11,70,16,away,home,27,16
8/18/2013,400445862,2013,MIN,NYL,home,-16,-110,152.5,-110,88,57,-31,145,1021300147,43,34,1,1,1,1,1,1,1,88,57,-31,77,-9,home,home,43,-9
8/20/2013,400445864,2013,WAS,CHI,home,2.5,-110,156.5,-110,73,79,6,152,1021300149,41,37,1,1,1,1,1,1,1,73,79,6,78,-4,home,home,41,-4
8/20/2013,400445863,2013,ATL,MIN,home,2.5,-110,158,-110,88,75,-13,163,1021300148,52,41,1,1,1,1,1,1,1,88,75,-13,93,-11,home,home,52,-11
8/20/2013,400445865,2013,TUL,PHO,home,3.5,-110,153,-110,86,89,3,175,1021300150,42,39,0,1,0,0,1,0,1,86,89,3,81,-3,home,home,42,-3
8/20/2013,400445866,2013,SEA,LAS,home,6,-110,146,-110,77,57,-20,134,1021300151,51,37,1,1,1,1,1,1,1,77,57,-20,88,-14,home,home,51,-14
8/21/2013,400445867,2013,IND,SAS,home,-8.5,-110,139.5,-110,80,63,-17,143,1021300152,41,25,1,1,1,1,1,1,1,80,63,-17,66,-16,home,home,41,-16
8/22/2013,400445868,2013,CON,MIN,home,9.5,-110,155,-110,77,91,14,168,1021300153,35,50,0,0,0,0,0,0,0,77,91,14,85,15,away,home,35,15
8/23/2013,400445869,2013,WAS,ATL,home,2.5,-110,154,-110,74,64,-10,138,1021300154,37,35,0,1,1,0,1,1,1,74,64,-10,72,-2,home,home,37,-2
8/23/2013,400445870,2013,TUL,SAS,home,-7,-110,149,-110,73,67,-6,140,1021300155,40,22,1,1,1,1,1,1,1,73,67,-6,62,-18,home,home,40,-18
8/23/2013,400445871,2013,CHI,NYL,home,-11.5,-110,150,-110,82,64,-18,146,1021300156,38,33,1,1,1,1,1,1,1,82,64,-18,71,-5,home,home,38,-5
8/23/2013,400445872,2013,PHO,SEA,home,-8.5,-110,150,-110,73,81,8,154,1021300157,34,44,1,1,1,0,0,0,0,73,81,8,78,10,away,home,34,10
8/24/2013,400445873,2013,MIN,IND,home,-9.5,-110,147,-110,84,77,-7,161,1021300158,37,35,1,1,1,1,1,1,1,84,77,-7,72,-2,home,home,37,-2
8/24/2013,400445874,2013,ATL,CHI,home,-4,-110,154,-110,56,67,11,123,1021300159,26,35,0,0,0,0,0,0,0,56,67,11,61,9,away,home,26,9
8/25/2013,400445702,2013,SAS,SEA,home,1,-110,139,-110,70,64,-6,134,1021300160,34,24,1,1,1,1,1,1,1,70,64,-6,58,-10,home,home,34,-10
8/25/2013,400445704,2013,CON,NYL,home,-2.5,-110,147.5,-110,66,74,8,140,1021300161,35,42,0,0,0,0,0,0,0,66,74,8,77,7,away,home,35,7
8/25/2013,400445708,2013,LAS,TUL,home,-11,-110,157.5,-110,90,88,-2,178,1021300162,27,30,0,0,1,0,0,0,0,90,88,-2,57,3,away,home,27,3
8/27/2013,400445713,2013,NYL,MIN,home,9,-110,152.5,-110,47,73,26,120,1021300163,21,39,0,0,0,0,0,0,0,47,73,26,60,18,away,home,21,18
8/27/2013,400445719,2013,SAS,SEA,home,1.5,-110,137,-110,71,72,1,143,1021300164,31,31,1,1,0,0,1,0,1,71,72,1,62,0,tie,home,31,0
8/27/2013,400445725,2013,LAS,CON,home,-13.5,-110,154,-110,91,78,-13,169,1021300165,49,35,1,1,1,1,1,1,1,91,78,-13,84,-14,home,home,49,-14
8/28/2013,400445730,2013,ATL,WAS,home,-6.5,-110,150,-110,80,85,5,165,1021300166,33,33,1,1,1,1,0,0,1,80,85,5,66,0,tie,home,33,0
8/29/2013,400445755,2013,SEA,CON,home,-7.5,-110,139.5,-110,78,65,-13,143,1021300167,40,23,1,1,1,1,1,1,1,78,65,-13,63,-17,home,home,40,-17
8/30/2013,400445758,2013,NYL,IND,home,4.5,-110,138,-110,67,73,6,140,1021300168,33,38,0,0,0,0,0,0,0,67,73,6,71,5,away,home,33,5
8/30/2013,400445763,2013,TUL,SAS,home,-6,-110,147.5,-110,65,74,9,139,1021300169,28,42,1,1,0,0,0,0,0,65,74,9,70,14,away,home,28,14
8/31/2013,400445774,2013,SAS,LAS,home,8.5,-110,154,-110,67,80,13,147,1021300172,30,35,0,0,0,0,0,0,0,67,80,13,65,5,away,home,30,5
8/31/2013,400445770,2013,MIN,SEA,home,-11.5,-110,148,-110,97,74,-23,171,1021300171,53,42,1,1,1,1,1,1,1,97,74,-23,95,-11,home,home,53,-11
8/31/2013,400445768,2013,CHI,ATL,home,-7.5,-110,154,-110,85,68,-17,153,1021300170,40,39,1,1,1,1,1,1,1,85,68,-17,79,-1,home,home,40,-1
8/31/2013,400445778,2013,PHO,CON,home,-12.5,-110,155.5,-110,76,68,-8,144,1021300173,36,37,1,1,1,1,1,1,0,76,68,-8,73,1,away,home,36,1
9/1/2013,400445786,2013,TUL,NYL,home,-4,-110,147,-110,93,88,-5,181,1021300174,52,48,1,0,1,1,1,1,1,93,88,-5,100,-4,home,home,52,-4
9/2/2013,400445793,2013,ATL,LAS,home,3,-110,155.5,-110,92,82,-10,174,1021300175,48,32,0,1,1,1,1,1,1,92,82,-10,80,-16,home,home,48,-16
9/4/2013,400445800,2013,ATL,IND,home,-4.5,-110,144,-110,89,80,-9,169,1021300176,40,33,1,1,1,1,1,1,1,89,80,-9,73,-7,home,home,40,-7
9/4/2013,400445803,2013,MIN,LAS,home,-7.5,-110,161,-110,83,74,-9,157,1021300177,45,33,1,1,1,1,1,1,1,83,74,-9,78,-12,home,home,45,-12
9/6/2013,400445808,2013,CON,WAS,home,5.5,-110,147,-110,77,70,-7,147,1021300178,36,34,1,1,0,0,0,1,1,77,70,-7,70,-2,home,home,36,-2
9/6/2013,400445814,2013,NYL,ATL,home,4.5,-110,150,-110,57,70,13,127,1021300179,36,43,1,0,0,0,0,0,0,57,70,13,79,7,away,home,36,7
9/6/2013,400445820,2013,TUL,LAS,home,6.5,-110,158.5,-110,70,74,4,144,1021300180,39,37,0,0,0,0,0,0,1,70,74,4,76,-2,home,home,39,-2
9/6/2013,400445827,2013,CHI,IND,home,-6.5,-110,145.5,-110,77,82,5,159,1021300181,34,44,0,1,0,0,0,0,0,77,82,5,78,10,away,home,34,10
9/6/2013,400445833,2013,PHO,SAS,home,-10.5,-110,155,-110,83,80,-3,163,1021300182,42,32,1,1,1,1,1,1,1,83,80,-3,74,-10,home,home,42,-10
9/7/2013,400445838,2013,IND,CON,home,-11.5,-110,139.5,-110,69,60,-9,129,1021300183,31,28,1,0,1,1,1,1,1,69,60,-9,59,-3,home,home,31,-3
9/7/2013,400445844,2013,SEA,MIN,home,8,-110,148,-110,60,75,15,135,1021300184,33,40,1,0,0,0,0,0,0,60,75,15,73,7,away,home,33,7
9/8/2013,400445850,2013,ATL,PHO,home,-4.5,-110,161.5,-110,71,79,8,150,1021300185,40,46,0,0,0,0,0,0,0,71,79,8,86,6,away,home,40,6
9/8/2013,400445876,2013,WAS,CHI,home,3,-110,152,-110,79,93,14,172,1021300186,37,43,1,1,0,0,0,0,0,79,93,14,80,6,away,home,37,6
9/8/2013,400445880,2013,SAS,TUL,home,-2,-110,147.5,-110,65,98,33,163,1021300187,43,39,1,1,1,1,1,1,1,65,98,33,82,-4,home,home,43,-4
9/10/2013,400445885,2013,NYL,PHO,home,6,-110,154.5,-110,76,80,4,156,1021300189,41,43,0,0,0,0,0,0,0,76,80,4,84,2,away,home,41,2
9/10/2013,400445883,2013,IND,WAS,home,-6,-110,143,-110,67,69,2,136,1021300188,37,40,0,0,0,1,1,1,0,67,69,2,77,3,away,home,37,3
9/10/2013,400445886,2013,SEA,MIN,home,8.5,-110,147,-110,60,73,13,133,1021300190,28,40,0,0,0,0,0,0,0,60,73,13,68,12,away,home,28,12
9/11/2013,400445887,2013,CON,ATL,home,6.5,-110,151,-110,78,77,-1,155,1021300191,36,37,0,0,0,1,0,0,1,78,77,-1,73,1,away,home,36,1
9/11/2013,400445888,2013,CHI,PHO,home,-8.5,-110,157,-110,70,68,-2,138,1021300192,36,40,0,0,0,0,0,0,0,70,68,-2,76,4,away,home,36,4
9/12/2013,400445889,2013,TUL,SEA,home,-5.5,-110,145,-110,67,76,9,143,1021300193,32,36,1,1,1,1,0,0,0,67,76,9,68,4,away,home,32,4
9/12/2013,400445890,2013,LAS,MIN,home,-2.5,-110,159.5,-110,85,84,-1,169,1021300194,35,31,0,0,0,0,1,1,1,85,84,-1,66,-4,home,home,35,-4
9/13/2013,400445892,2013,WAS,CON,home,-10,-110,147,-110,82,56,-26,138,1021300196,42,27,1,1,1,1,1,1,1,82,56,-26,69,-15,home,home,42,-15
9/13/2013,400445891,2013,IND,NYL,home,-10,-110,139.5,-110,66,63,-3,129,1021300195,32,38,1,0,0,0,0,0,0,66,63,-3,70,6,away,home,32,6
9/13/2013,400445893,2013,CHI,ATL,home,-7,-110,154,-110,87,82,-5,169,1021300197,45,44,0,0,0,0,0,1,1,87,82,-5,89,-1,home,home,45,-1
9/13/2013,400445894,2013,PHO,SAS,home,-10.5,-110,156.5,-110,82,61,-21,143,1021300198,40,31,1,1,1,1,1,1,1,82,61,-21,71,-9,home,home,40,-9
9/14/2013,400445895,2013,MIN,CHI,home,-7.5,-110,157.5,-110,79,66,-13,145,1021300199,45,34,1,1,1,1,1,1,1,79,66,-13,79,-11,home,home,45,-11
9/14/2013,400445896,2013,SEA,TUL,home,-5.5,-110,142.5,-110,85,73,-12,158,1021300200,44,28,1,1,1,1,1,1,1,85,73,-12,72,-16,home,home,44,-16
9/15/2013,400445897,2013,CON,IND,home,5,-110,138,-110,82,80,-2,162,1021300201,34,32,1,1,1,1,0,1,1,82,80,-2,66,-2,home,home,34,-2
9/15/2013,400445900,2013,LAS,PHO,home,-7,-110,163,-110,89,55,-34,144,1021300204,49,26,1,1,1,1,1,1,1,89,55,-34,75,-23,home,home,49,-23
9/15/2013,400445898,2013,WAS,NYL,home,-8,-110,144,-110,70,52,-18,122,1021300202,33,27,0,0,1,1,1,1,1,70,52,-18,60,-6,home,home,33,-6
9/15/2013,400445899,2013,SAS,ATL,home,4.5,-110,152,-110,97,68,-29,165,1021300203,55,38,0,1,1,1,1,1,1,97,68,-29,93,-17,home,home,55,-17
9/19/2013,400496774,2013,ATL,WAS,home,-7,-110,151.5,-110,56,71,15,127,1041300111,24,31,0,0,0,0,0,0,0,56,71,15,55,7,away,home,24,7
9/19/2013,400496777,2013,LAS,PHO,home,-8,-110,162.5,-110,75,86,11,161,1041300131,43,38,0,0,1,1,1,1,1,75,86,11,81,-5,home,home,43,-5
9/20/2013,400496780,2013,CHI,IND,home,-7,-110,142,-110,72,85,13,157,1041300101,37,50,0,0,0,0,0,0,0,72,85,13,87,13,away,home,37,13
9/20/2013,400496783,2013,MIN,SEA,home,-15,-110,148.5,-110,80,64,-16,144,1041300121,40,36,1,0,1,1,1,1,1,80,64,-16,76,-4,home,home,40,-4
9/21/2013,400496775,2013,WAS,ATL,home,-2.5,-110,148.5,-110,45,63,18,108,1041300112,21,36,0,0,0,0,0,0,0,45,63,18,57,15,away,home,21,15
9/21/2013,400496778,2013,PHO,LAS,home,-1.5,-110,162.5,-110,73,82,9,155,1041300132,30,44,1,0,0,0,0,0,0,73,82,9,74,14,away,home,30,14
9/22/2013,400496781,2013,IND,CHI,home,-1.5,-110,145.5,-110,79,57,-22,136,1041300102,47,27,1,1,1,1,1,1,1,79,57,-22,74,-20,home,home,47,-20
9/22/2013,400496784,2013,SEA,MIN,home,8.5,-110,146.5,-110,55,58,3,113,1041300122,28,28,0,0,0,1,0,0,0,55,58,3,56,0,tie,home,28,0
9/23/2013,400496779,2013,LAS,PHO,home,-7.5,-110,161,-110,77,78,1,155,1041300133,40,42,1,0,1,1,1,1,0,77,78,1,82,2,away,home,40,2
9/23/2013,400496776,2013,ATL,WAS,home,-6,-110,143.5,-110,80,72,-8,152,1041300113,39,41,0,0,0,0,0,0,0,80,72,-8,80,2,away,home,39,2
9/26/2013,400499743,2013,ATL,IND,home,-3,-110,144,-110,84,79,-5,163,1041300201,42,40,0,0,1,1,1,1,1,84,79,-5,82,-2,home,home,42,-2
9/26/2013,400499746,2013,MIN,PHO,home,-7.5,-110,158,-110,85,62,-23,147,1041300211,45,22,1,1,1,1,1,1,1,85,62,-23,67,-23,home,home,45,-23
9/29/2013,400499744,2013,IND,ATL,home,-5.5,-110,145,-110,53,67,14,120,1041300202,33,34,0,0,0,1,1,1,0,53,67,14,67,1,away,home,33,1
9/29/2013,400499747,2013,PHO,MIN,home,3.5,-110,156,-110,65,72,7,137,1041300212,35,38,1,1,1,0,0,0,0,65,72,7,73,3,away,home,35,3
10/6/2013,400505694,2013,MIN,ATL,home,-9.5,-110,157,-110,84,59,-25,143,1041300301,44,25,1,1,1,1,1,1,1,84,59,-25,69,-19,home,home,44,-19
10/8/2013,400505695,2013,MIN,ATL,home,-11,-110,153.5,-110,88,63,-25,151,1041300302,51,36,1,1,1,1,1,1,1,88,63,-25,87,-15,home,home,51,-15
10/10/2013,400505696,2013,ATL,MIN,home,6,-110,152.5,-110,77,86,9,163,1041300303,37,40,0,0,0,0,0,0,0,77,86,9,77,3,away,home,37,3
5/24/2013,400445705,2013,IND,SAS,away,-4,-110,144.5,-110,79,64,-15,143,1021300001,35,34,0,0,0,0,0,0,1,64,79,15,69,-1,home,away,34,1
5/25/2013,400445711,2013,NYL,CON,away,8.5,-110,150,-110,69,81,12,150,1021300003,40,42,0,0,1,1,0,0,1,81,69,-12,82,2,away,away,42,-2
5/25/2013,400445707,2013,TUL,ATL,away,8.5,-110,156,-110,81,98,17,179,1021300002,48,44,0,0,0,0,0,0,0,98,81,-17,92,-4,home,away,44,4
5/26/2013,400445715,2013,SEA,LAS,away,15.5,-110,145,-110,69,102,33,171,1021300004,53,41,1,1,0,0,0,0,0,102,69,-33,94,-12,home,away,41,12
5/27/2013,400445718,2013,WAS,TUL,away,6.5,-110,157,-110,95,90,-5,185,1021300005,46,47,0,0,0,1,1,1,1,90,95,5,93,1,away,away,47,-1
5/27/2013,400445722,2013,CHI,PHO,away,7,-110,167.5,-110,102,80,-22,182,1021300006,32,56,1,1,1,1,1,1,1,80,102,22,88,24,away,away,56,-24
5/31/2013,400445726,2013,ATL,IND,away,5,-110,157,-110,86,77,-9,163,1021300007,47,46,0,1,1,1,1,1,1,77,86,9,93,-1,home,away,46,1
5/31/2013,400445728,2013,TUL,NYL,away,6.5,-110,158.5,-110,76,78,2,154,1021300008,37,29,0,0,0,0,0,0,0,78,76,-2,66,-8,home,away,29,8
5/31/2013,400445731,2013,CON,CHI,away,7,-110,159,-110,75,86,11,161,1021300009,44,39,0,0,0,0,0,0,0,86,75,-11,83,-5,home,away,39,5
6/1/2013,400445756,2013,LAS,SAS,away,-10.5,-110,164.5,-110,78,83,5,161,1021300011,45,42,0,0,0,0,0,0,0,83,78,-5,87,-3,home,away,42,3
6/1/2013,400445734,2013,CON,MIN,away,11,-110,168.5,-110,74,90,16,164,1021300010,52,39,0,0,0,0,0,0,0,90,74,-16,91,-13,home,away,39,13
6/2/2013,400445760,2013,ATL,WAS,away,-5,-110,163,-110,73,63,-10,136,1021300012,26,39,1,1,1,1,1,1,1,63,73,10,65,13,away,away,39,-13
6/2/2013,400445764,2013,TUL,CHI,away,16,-110,163,-110,71,92,21,163,1021300013,40,38,0,1,0,0,1,0,0,92,71,-21,78,-2,home,away,38,2
6/2/2013,400445766,2013,PHO,SEA,away,-10,-110,160.5,-110,72,75,3,147,1021300014,35,38,1,1,1,1,1,1,1,75,72,-3,73,3,away,away,38,-3
6/5/2013,400445777,2013,IND,NYL,away,-5,-110,147.5,-110,68,75,7,143,1021300015,30,36,1,1,1,1,1,1,1,75,68,-7,66,6,away,away,36,-6
6/6/2013,400445780,2013,PHO,MIN,away,10.5,-110,171.5,-110,79,99,20,178,1021300016,60,33,0,0,0,0,0,0,0,99,79,-20,93,-27,home,away,33,27
6/7/2013,400445783,2013,WAS,CON,away,6.5,-110,151.5,-110,66,62,-4,128,1021300017,30,29,0,0,0,1,0,1,0,62,66,4,59,-1,home,away,29,1
6/7/2013,400445787,2013,NYL,ATL,away,10.5,-110,153.5,-110,56,75,19,131,1021300018,44,33,0,0,0,0,0,0,0,75,56,-19,77,-11,home,away,33,11
6/7/2013,400445788,2013,CHI,SAS,away,-4,-110,151,-110,69,81,12,150,1021300019,44,36,1,0,0,0,0,0,0,81,69,-12,80,-8,home,away,36,8
6/8/2013,400445792,2013,PHO,IND,away,4.5,-110,159.5,-110,82,67,-15,149,1021300021,38,37,0,0,0,0,0,0,1,67,82,15,75,-1,home,away,37,1
6/8/2013,400445794,2013,MIN,WAS,away,-12,-110,157,-110,80,85,5,165,1021300022,43,36,1,0,0,0,0,0,0,85,80,-5,79,-7,home,away,36,7
6/8/2013,400445797,2013,TUL,LAS,away,18,-110,167.5,-110,69,76,7,145,1021300023,38,30,0,0,1,0,0,0,0,76,69,-7,68,-8,home,away,30,8
6/9/2013,400445807,2013,ATL,NYL,away,-6,-110,149,-110,67,76,9,143,1021300024,32,33,0,0,0,0,0,1,1,76,67,-9,65,1,away,away,33,-1
6/9/2013,400445810,2013,SAS,CHI,away,7.5,-110,151.5,-110,70,72,2,142,1021300025,45,34,1,0,0,0,0,0,0,72,70,-2,79,-11,home,away,34,11
6/11/2013,400445815,2013,SAS,MIN,away,14,-110,160.5,-110,72,87,15,159,1021300026,35,36,0,1,0,0,0,0,0,87,72,-15,71,1,away,away,36,-1
6/12/2013,400445818,2013,CON,IND,away,3.5,-110,147,-110,73,61,-12,134,1021300027,35,38,0,1,1,1,1,1,1,61,73,12,73,3,away,away,38,-3
6/14/2013,400445826,2013,CON,NYL,away,1,-110,147.5,-110,68,78,10,146,1021300029,24,33,1,1,1,1,1,1,1,78,68,-10,57,9,away,away,33,-9
6/14/2013,400445823,2013,SEA,ATL,away,8.5,-110,147.5,-110,59,68,9,127,1021300028,38,35,0,1,1,1,1,1,0,68,59,-9,73,-3,home,away,35,3
6/14/2013,400445831,2013,MIN,TUL,away,-10.5,-110,162,-110,83,74,-9,157,1021300030,35,39,1,1,1,0,1,1,1,74,83,9,74,4,away,away,39,-4
6/14/2013,400445835,2013,LAS,PHO,away,-3,-110,173,-110,81,97,16,178,1021300031,48,50,0,0,0,0,1,1,1,97,81,-16,98,2,away,away,50,-2
6/15/2013,400445841,2013,SAS,LAS,away,10,-110,157.5,-110,48,84,36,132,1021300032,35,28,0,0,0,0,0,0,0,84,48,-36,63,-7,home,away,28,7
6/16/2013,400445843,2013,IND,WAS,away,1.5,-110,143.5,-110,60,64,4,124,1021300033,31,31,0,0,0,0,0,1,1,64,60,-4,62,0,tie,away,31,-0
6/16/2013,400445847,2013,CHI,ATL,away,5.5,-110,155,-110,74,88,14,162,1021300034,51,47,0,0,0,0,0,0,0,88,74,-14,98,-4,home,away,47,4
6/16/2013,400445852,2013,PHO,TUL,away,-6,-110,169,-110,108,103,-5,211,1021300035,46,48,1,1,1,1,1,1,1,103,108,5,94,2,away,away,48,-2
6/16/2013,400445854,2013,SEA,CON,away,9,-110,145,-110,78,66,-12,144,1021300036,33,40,0,0,1,1,1,1,1,66,78,12,73,7,away,away,40,-7
6/18/2013,400445879,2013,WAS,SEA,away,3.5,-110,140,-110,86,96,10,182,1021300037,47,40,0,0,0,0,0,0,0,96,86,-10,87,-7,home,away,40,7
6/19/2013,400445882,2013,MIN,PHO,away,-3.5,-110,178.5,-110,80,69,-11,149,1021300038,37,40,1,0,0,1,1,1,1,69,80,11,77,3,away,away,40,-3
6/20/2013,400445884,2013,CHI,TUL,away,-6,-110,160.5,-110,74,83,9,157,1021300039,41,39,1,0,0,1,0,0,0,83,74,-9,80,-2,home,away,39,2
6/21/2013,400445697,2013,SEA,SAS,away,5.5,-110,143.5,-110,91,86,-5,177,1021300040,37,39,1,1,1,1,1,1,0,86,91,5,76,2,away,away,39,-2
6/21/2013,400445698,2013,WAS,PHO,away,9,-110,166,-110,82,90,8,172,1021300041,49,38,0,0,0,1,0,0,0,90,82,-8,87,-11,home,away,38,11
6/21/2013,400445699,2013,MIN,LAS,away,3.5,-110,165,-110,59,87,28,146,1021300042,50,24,0,0,0,0,0,0,0,87,59,-28,74,-26,home,away,24,26
6/22/2013,400445701,2013,CHI,IND,away,-6,-110,145,-110,71,61,-10,132,1021300043,37,35,0,0,0,0,0,0,0,61,71,10,72,-2,home,away,35,2
6/22/2013,400445703,2013,SEA,TUL,away,4.5,-110,146.5,-110,70,92,22,162,1021300044,41,30,0,0,0,0,0,0,0,92,70,-22,71,-11,home,away,30,11
6/23/2013,400445714,2013,SAS,NYL,away,6.5,-110,148.5,-110,78,77,-1,155,1021300046,32,34,1,1,1,1,1,1,1,77,78,1,66,2,away,away,34,-2
6/23/2013,400445709,2013,ATL,CON,away,-4.5,-110,149.5,-110,78,77,-1,155,1021300045,37,45,1,1,1,1,1,1,1,77,78,1,82,8,away,away,45,-8
6/23/2013,400445717,2013,TUL,MIN,away,15,-110,161.5,-110,79,88,9,167,1021300047,49,40,0,1,1,0,0,0,0,88,79,-9,89,-9,home,away,40,9
6/23/2013,400445721,2013,WAS,LAS,away,13,-110,160,-110,69,79,10,148,1021300048,47,37,0,0,0,0,0,0,0,79,69,-10,84,-10,home,away,37,10
6/25/2013,400445723,2013,IND,ATL,away,12.5,-110,143,-110,60,76,16,136,1021300049,36,30,1,1,1,0,0,0,0,76,60,-16,66,-6,home,away,30,6
6/25/2013,400445729,2013,PHO,SAS,away,-5.5,-110,168.5,-110,83,77,-6,160,1021300050,33,43,0,0,0,0,1,1,1,77,83,6,76,10,away,away,43,-10
6/26/2013,400445733,2013,NYL,CHI,away,8.5,-110,151,-110,74,87,13,161,1021300051,44,42,1,1,1,1,1,1,0,87,74,-13,86,-2,home,away,42,2
6/27/2013,400445757,2013,PHO,WAS,away,-3.5,-110,166,-110,101,97,-4,198,1021300052,50,43,1,1,0,0,0,0,0,97,101,4,93,-7,home,away,43,7
6/28/2013,400445759,2013,TUL,IND,away,3,-110,141.5,-110,69,80,11,149,1021300053,39,33,1,0,1,1,0,0,0,80,69,-11,72,-6,home,away,33,6
6/28/2013,400445762,2013,WAS,ATL,away,9.5,-110,156.5,-110,75,86,11,161,1021300054,39,28,1,1,0,0,0,0,0,86,75,-11,67,-11,home,away,28,11
6/28/2013,400445767,2013,LAS,MIN,away,6.5,-110,164,-110,64,88,24,152,1021300055,44,30,0,0,0,0,0,0,0,88,64,-24,74,-14,home,away,30,14
6/28/2013,400445769,2013,NYL,SEA,away,4,-110,143.5,-110,67,62,-5,129,1021300056,30,30,1,0,0,0,0,1,1,62,67,5,60,0,tie,away,30,-0
6/29/2013,400445771,2013,PHO,CON,away,-4.5,-110,164.5,-110,89,70,-19,159,1021300057,32,38,1,1,1,1,1,1,1,70,89,19,70,6,away,away,38,-6
6/29/2013,400445772,2013,LAS,CHI,away,4,-110,161,-110,82,94,12,176,1021300058,47,41,0,0,0,0,0,0,0,94,82,-12,88,-6,home,away,41,6
6/30/2013,400445776,2013,SAS,ATL,away,12.5,-110,154,-110,67,93,26,160,1021300059,49,40,0,0,0,0,0,0,0,93,67,-26,89,-9,home,away,40,9
6/30/2013,400445781,2013,TUL,WAS,away,3.5,-110,159,-110,61,84,23,145,1021300060,44,34,0,0,1,0,0,0,0,84,61,-23,78,-10,home,away,34,10
6/30/2013,400445784,2013,SEA,IND,away,5.5,-110,139,-110,63,71,8,134,1021300061,29,30,0,0,0,0,1,1,0,71,63,-8,59,1,away,away,30,-1
7/2/2013,400445798,2013,TUL,CON,away,5.5,-110,150.5,-110,69,88,19,157,1021300063,43,34,0,0,0,0,0,0,0,88,69,-19,77,-9,home,away,34,9
7/2/2013,400445795,2013,SEA,CHI,away,8,-110,151,-110,69,60,-9,129,1021300062,31,34,0,0,0,0,0,1,1,60,69,9,65,3,away,away,34,-3
7/2/2013,400445801,2013,NYL,PHO,away,11.5,-110,165,-110,87,94,7,181,1021300064,46,41,0,0,1,0,0,0,0,94,87,-7,87,-5,home,away,41,5
7/2/2013,400445805,2013,MIN,LAS,away,3,-110,165,-110,66,96,30,162,1021300065,60,39,0,1,1,0,0,0,0,96,66,-30,99,-21,home,away,39,21
7/4/2013,400445809,2013,NYL,LAS,away,13,-110,157,-110,89,97,8,186,1021300066,60,37,0,0,0,0,0,0,0,97,89,-8,97,-23,home,away,37,23
7/6/2013,400445813,2013,SAS,LAS,away,12,-110,160.5,-110,66,93,27,159,1021300067,39,29,0,0,0,0,0,0,0,93,66,-27,68,-10,home,away,29,10
7/6/2013,400445819,2013,SEA,WAS,away,6,-110,144.5,-110,59,62,3,121,1021300069,35,21,0,0,0,0,0,0,0,62,59,-3,56,-14,home,away,21,14
7/6/2013,400445816,2013,CON,IND,away,4.5,-110,144.5,-110,66,78,12,144,1021300068,41,23,0,0,0,0,0,0,0,78,66,-12,64,-18,home,away,23,18
7/7/2013,400445824,2013,CHI,NYL,away,-3,-110,151.5,-110,93,64,-29,157,1021300070,31,42,1,1,1,1,1,1,1,64,93,29,73,11,away,away,42,-11
7/7/2013,400445828,2013,PHO,MIN,away,6.5,-110,176.5,-110,59,91,32,150,1021300071,39,29,0,0,0,0,0,0,0,91,59,-32,68,-10,home,away,29,10
7/10/2013,400445839,2013,WAS,CHI,away,9.5,-110,159,-110,85,89,4,174,1021300074,50,38,0,0,0,0,0,0,0,89,85,-4,88,-12,home,away,38,12
7/10/2013,400445845,2013,SAS,PHO,away,9.5,-110,167,-110,88,80,-8,168,1021300075,40,41,0,1,1,0,0,1,1,80,88,8,81,1,away,away,41,-1
7/11/2013,400445849,2013,MIN,IND,away,-4,-110,148,-110,69,62,-7,131,1021300076,30,38,0,1,1,1,1,1,1,62,69,7,68,8,away,away,38,-8
7/11/2013,400445853,2013,LAS,TUL,away,-8,-110,163,-110,94,78,-16,172,1021300077,35,50,1,1,1,1,1,1,1,78,94,16,85,15,away,away,50,-15
7/12/2013,400445877,2013,CHI,CON,away,-3.5,-110,160,-110,83,70,-13,153,1021300078,35,50,1,1,1,1,1,1,1,70,83,13,85,15,away,away,50,-15
7/12/2013,400445881,2013,WAS,SAS,away,3.5,-110,155,-110,83,73,-10,156,1021300079,36,49,1,1,1,1,1,1,1,73,83,10,85,13,away,away,49,-13
7/13/2013,400445700,2013,IND,NYL,away,1.5,-110,140,-110,74,53,-21,127,1021300080,34,37,0,1,0,0,0,1,1,53,74,21,71,3,away,away,37,-3
7/13/2013,400445706,2013,MIN,TUL,away,-9.5,-110,158.5,-110,86,75,-11,161,1021300081,37,51,1,1,1,1,1,1,1,75,86,11,88,14,away,away,51,-14
7/14/2013,400445710,2013,SAS,CON,away,7.5,-110,156,-110,84,86,2,170,1021300082,34,32,0,0,0,0,0,0,0,86,84,-2,66,-2,home,away,32,2
7/14/2013,400445712,2013,LAS,PHO,away,-4,-110,175.5,-110,88,76,-12,164,1021300083,37,43,1,1,1,1,1,1,1,76,88,12,80,6,away,away,43,-6
7/14/2013,400445716,2013,ATL,SEA,away,-3.5,-110,141.5,-110,65,73,8,138,1021300084,32,37,1,1,1,1,1,1,1,73,65,-8,69,5,away,away,37,-5
7/16/2013,400445720,2013,SAS,WAS,away,7,-110,153,-110,64,86,22,150,1021300085,41,36,0,0,0,0,0,0,0,86,64,-22,77,-5,home,away,36,5
7/17/2013,400445724,2013,TUL,SEA,away,6,-110,143,-110,86,59,-27,145,1021300086,26,45,1,1,1,1,1,1,1,59,86,27,71,19,away,away,45,-19
7/17/2013,400445727,2013,ATL,LAS,away,10,-110,162.5,-110,73,77,4,150,1021300087,37,34,1,1,1,1,1,0,1,77,73,-4,71,-3,home,away,34,3
7/18/2013,400445732,2013,CHI,NYL,away,-5,-110,152.5,-110,75,55,-20,130,1021300088,25,41,1,1,1,1,1,1,1,55,75,20,66,16,away,away,41,-16
7/18/2013,400445761,2013,PHO,LAS,away,12,-110,173.5,-110,90,84,-6,174,1021300089,38,46,0,0,0,0,0,1,1,84,90,6,84,8,away,away,46,-8
7/19/2013,400445765,2013,WAS,IND,away,5,-110,146.25,-110,70,77,7,147,1021300090,32,31,1,1,0,0,1,1,1,77,70,-7,63,-1,home,away,31,1
7/19/2013,400445773,2013,MIN,SAS,away,-9.5,-110,159.5,-110,87,71,-16,158,1021300091,31,46,1,1,1,1,1,1,1,71,87,16,77,15,away,away,46,-15
7/19/2013,400445775,2013,CON,TUL,away,-1,-110,159.25,-110,58,64,6,122,1021300092,27,28,0,0,1,0,1,1,1,64,58,-6,55,1,away,away,28,-1
7/20/2013,400445782,2013,CON,SAS,away,1.5,-110,156.5,-110,52,60,8,112,1021300094,35,35,0,0,0,0,1,1,0,60,52,-8,70,0,tie,away,35,-0
7/20/2013,400445779,2013,NYL,CHI,away,11.5,-110,151,-110,69,80,11,149,1021300093,39,42,1,1,1,1,0,0,1,80,69,-11,81,3,away,away,42,-3
7/20/2013,400445785,2013,LAS,SEA,away,-7.5,-110,151.5,-110,65,64,-1,129,1021300095,39,31,0,0,0,0,0,0,0,64,65,1,70,-8,home,away,31,8
7/21/2013,400445789,2013,IND,WAS,away,4.5,-110,144,-110,65,52,-13,117,1021300096,16,30,1,1,1,1,1,1,1,52,65,13,46,14,away,away,30,-14
7/21/2013,400445791,2013,ATL,TUL,away,-5.5,-110,158,-110,63,90,27,153,1021300097,44,35,0,0,0,0,0,0,0,90,63,-27,79,-9,home,away,35,9
7/21/2013,400445796,2013,MIN,PHO,away,-7.5,-110,171.5,-110,82,77,-5,159,1021300098,44,36,1,0,0,0,0,0,0,77,82,5,80,-8,home,away,36,8
7/23/2013,400445799,2013,NYL,IND,away,6.5,-110,138,-110,77,72,-5,149,1021300099,42,33,1,1,1,1,1,0,0,72,77,5,75,-9,home,away,33,9
7/24/2013,400445802,2013,CHI,WAS,away,-4.5,-110,156.5,-110,78,82,4,160,1021300100,35,44,1,1,1,1,1,1,1,82,78,-4,79,9,away,away,44,-9
7/24/2013,400445804,2013,PHO,MIN,away,15.5,-110,164.5,-110,69,81,12,150,1021300101,41,34,0,0,0,0,0,0,0,81,69,-12,75,-7,home,away,34,7
7/24/2013,400445806,2013,CON,ATL,away,9.5,-110,152.5,-110,65,74,9,139,1021300102,40,20,0,0,0,0,0,0,0,74,65,-9,60,-20,home,away,20,20
7/25/2013,400445811,2013,NYL,SAS,away,3,-110,147,-110,53,65,12,118,1021300103,31,22,0,0,0,0,0,0,0,65,53,-12,53,-9,home,away,22,9
7/25/2013,400445812,2013,IND,TUL,away,3.5,-110,146,-110,71,60,-11,131,1021300104,34,38,0,1,1,1,1,1,1,60,71,11,72,4,away,away,38,-4
7/25/2013,400445817,2013,SEA,LAS,away,13,-110,149,-110,73,66,-7,139,1021300105,27,41,1,1,1,1,1,1,1,66,73,7,68,14,away,away,41,-14
7/31/2013,400445821,2013,NYL,WAS,away,6,-110,145.5,-110,88,78,-10,166,1021300106,33,35,1,1,1,1,0,1,1,78,88,10,68,2,away,away,35,-2
8/1/2013,400445822,2013,IND,CON,away,4.5,-110,139.5,-110,64,70,6,134,1021300107,25,34,0,1,0,0,1,1,1,70,64,-6,59,9,away,away,34,-9
8/1/2013,400445825,2013,PHO,SEA,away,-4.5,-110,150,-110,79,88,9,167,1021300108,41,44,1,1,1,1,1,1,1,88,79,-9,85,3,away,away,44,-3
8/2/2013,400445830,2013,LAS,TUL,away,-8,-110,162,-110,89,96,7,185,1021300110,42,31,0,0,0,0,0,0,0,96,89,-7,73,-11,home,away,31,11
8/2/2013,400445829,2013,SAS,MIN,away,14,-110,157.5,-110,63,85,22,148,1021300109,39,33,0,0,0,0,0,0,0,85,63,-22,72,-6,home,away,33,6
8/2/2013,400445834,2013,WAS,CHI,away,6.5,-110,154.5,-110,78,85,7,163,1021300111,44,44,0,0,0,0,0,0,1,85,78,-7,88,0,tie,away,44,-0
8/3/2013,400445837,2013,CON,NYL,away,4.5,-110,145.5,-110,88,66,-22,154,1021300112,34,33,0,0,0,0,0,1,1,66,88,22,67,-1,home,away,33,1
8/3/2013,400445840,2013,CHI,IND,away,3,-110,144,-110,58,79,21,137,1021300113,40,32,0,0,0,0,0,0,0,79,58,-21,72,-8,home,away,32,8
8/3/2013,400445842,2013,ATL,PHO,away,4.5,-110,167.5,-110,76,82,6,158,1021300114,40,43,1,1,1,1,0,0,0,82,76,-6,83,3,away,away,43,-3
8/4/2013,400445846,2013,LAS,WAS,away,-1,-110,157,-110,75,57,-18,132,1021300115,26,33,1,1,1,1,1,1,1,57,75,18,59,7,away,away,33,-7
8/4/2013,400445848,2013,TUL,SAS,away,-1.5,-110,151.5,-110,65,69,4,134,1021300116,33,35,0,0,0,0,1,1,1,69,65,-4,68,2,away,away,35,-2
8/4/2013,400445851,2013,SEA,MIN,away,13,-110,146.5,-110,72,90,18,162,1021300117,46,32,0,0,0,0,0,0,0,90,72,-18,78,-14,home,away,32,14
8/6/2013,400445875,2013,WAS,NYL,away,3,-110,148.5,-110,88,93,5,181,1021300118,45,46,0,0,0,1,0,0,0,93,88,-5,91,1,away,away,46,-1
8/6/2013,400445878,2013,LAS,CON,away,-3.5,-110,155,-110,74,72,-2,146,1021300119,36,43,0,0,1,1,1,1,1,72,74,2,79,7,away,away,43,-7
8/6/2013,400445736,2013,MIN,SAS,away,-10.5,-110,154,-110,93,80,-13,173,1021300121,40,45,1,1,1,1,1,1,1,80,93,13,85,5,away,away,45,-5
8/6/2013,400445735,2013,IND,CHI,away,6,-110,146.5,-110,64,58,-6,122,1021300120,29,29,0,0,0,1,1,1,1,58,64,6,58,0,tie,away,29,-0
8/6/2013,400445737,2013,SEA,PHO,away,10,-110,155,-110,80,65,-15,145,1021300122,30,31,1,1,1,0,0,1,1,65,80,15,61,1,away,away,31,-1
8/8/2013,400445738,2013,LAS,IND,away,2.5,-110,146.5,-110,74,64,-10,138,1021300123,30,43,1,1,1,1,1,1,1,64,74,10,73,13,away,away,43,-13
8/8/2013,400445739,2013,WAS,MIN,away,14.5,-110,161.5,-110,79,75,-4,154,1021300124,40,45,0,1,1,0,1,1,1,75,79,4,85,5,away,away,45,-5
8/9/2013,400445740,2013,CHI,CON,away,-4.5,-110,152,-110,77,61,-16,138,1021300125,27,42,1,1,1,1,1,1,1,61,77,16,69,15,away,away,42,-15
8/9/2013,400445741,2013,TUL,PHO,away,3,-110,160.5,-110,67,70,3,137,1021300126,40,38,1,1,0,0,0,0,0,70,67,-3,78,-2,home,away,38,2
8/9/2013,400445742,2013,SAS,SEA,away,7,-110,142,-110,77,56,-21,133,1021300127,29,47,1,1,1,1,1,1,1,56,77,21,76,18,away,away,47,-18
8/10/2013,400445743,2013,LAS,NYL,away,-5,-110,153,-110,85,67,-18,152,1021300128,30,39,1,1,1,1,1,1,1,67,85,18,69,9,away,away,39,-9
8/10/2013,400445744,2013,ATL,IND,away,2.5,-110,143,-110,66,80,14,146,1021300129,46,37,1,0,0,0,0,0,0,80,66,-14,83,-9,home,away,37,9
8/11/2013,400445745,2013,CON,WAS,away,4.5,-110,149.5,-110,63,74,11,137,1021300130,38,23,0,0,0,0,0,0,0,74,63,-11,61,-15,home,away,23,15
8/11/2013,400445746,2013,TUL,PHO,away,7.5,-110,155.5,-110,56,77,21,133,1021300131,40,16,1,0,0,0,0,0,0,77,56,-21,56,-24,home,away,16,24
8/11/2013,400445747,2013,MIN,CHI,away,-2,-110,160,-110,86,94,8,180,1021300132,40,41,1,1,1,1,1,1,1,94,86,-8,81,1,away,away,41,-1
8/11/2013,400445748,2013,NYL,ATL,away,8,-110,149.5,-110,88,82,-6,170,1021300133,37,42,0,1,1,1,1,1,1,82,88,6,79,5,away,away,42,-5
8/11/2013,400445749,2013,SAS,SEA,away,5.5,-110,139,-110,63,69,6,132,1021300134,41,26,1,1,0,0,0,0,0,69,63,-6,67,-15,home,away,26,15
8/13/2013,400445750,2013,CHI,LAS,away,6.5,-110,159.5,-110,76,80,4,156,1021300135,34,34,1,0,1,1,0,0,0,80,76,-4,68,0,tie,away,34,-0
8/14/2013,400445751,2013,ATL,CON,away,-4,-110,151,-110,86,88,2,174,1021300136,54,45,1,1,1,0,0,0,0,88,86,-2,99,-9,home,away,45,9
8/14/2013,400445752,2013,IND,PHO,away,5,-110,145,-110,58,75,17,133,1021300137,42,30,1,1,0,0,0,0,0,75,58,-17,72,-12,home,away,30,12
8/15/2013,400445753,2013,CHI,SEA,away,-2,-110,141.5,-110,79,66,-13,145,1021300138,39,29,0,0,0,0,0,0,0,66,79,13,68,-10,home,away,29,10
8/16/2013,400445855,2013,WAS,NYL,away,2.5,-110,151,-110,66,57,-9,123,1021300140,34,33,1,1,1,0,0,0,1,57,66,9,67,-1,home,away,33,1
8/16/2013,400445754,2013,CON,ATL,away,9,-110,151,-110,57,88,31,145,1021300139,39,24,0,0,0,0,0,0,0,88,57,-31,63,-15,home,away,24,15
8/16/2013,400445856,2013,TUL,MIN,away,15,-110,154.5,-110,83,77,-6,160,1021300141,42,44,1,1,0,0,0,1,1,77,83,6,86,2,away,away,44,-2
8/16/2013,400445857,2013,IND,LAS,away,7,-110,144.5,-110,72,94,22,166,1021300142,49,37,0,0,0,0,0,0,0,94,72,-22,86,-12,home,away,37,12
8/17/2013,400445858,2013,PHO,SAS,away,-6.5,-110,153,-110,82,88,6,170,1021300143,45,37,1,0,0,0,0,0,0,88,82,-6,82,-8,home,away,37,8
8/17/2013,400445859,2013,IND,SEA,away,1,-110,133,-110,70,77,7,147,1021300144,40,39,0,0,0,0,0,0,0,77,70,-7,79,-1,home,away,39,1
8/18/2013,400445860,2013,WAS,ATL,away,7,-110,157,-110,58,76,18,134,1021300145,38,37,1,1,1,1,1,1,0,76,58,-18,75,-1,home,away,37,1
8/18/2013,400445861,2013,CON,CHI,away,9,-110,148,-110,78,89,11,167,1021300146,27,43,1,1,1,1,1,1,1,89,78,-11,70,16,away,away,43,-16
8/18/2013,400445862,2013,NYL,MIN,away,16,-110,152.5,-110,57,88,31,145,1021300147,43,34,0,0,0,0,0,0,0,88,57,-31,77,-9,home,away,34,9
8/20/2013,400445864,2013,CHI,WAS,away,-2.5,-110,156.5,-110,79,73,-6,152,1021300149,41,37,0,0,0,0,0,0,0,73,79,6,78,-4,home,away,37,4
8/20/2013,400445863,2013,MIN,ATL,away,-2.5,-110,158,-110,75,88,13,163,1021300148,52,41,0,0,0,0,0,0,0,88,75,-13,93,-11,home,away,41,11
8/20/2013,400445865,2013,PHO,TUL,away,-3.5,-110,153,-110,89,86,-3,175,1021300150,42,39,1,0,1,1,0,1,0,86,89,3,81,-3,home,away,39,3
8/20/2013,400445866,2013,LAS,SEA,away,-6,-110,146,-110,57,77,20,134,1021300151,51,37,0,0,0,0,0,0,0,77,57,-20,88,-14,home,away,37,14
8/21/2013,400445867,2013,SAS,IND,away,8.5,-110,139.5,-110,63,80,17,143,1021300152,41,25,0,0,0,0,0,0,0,80,63,-17,66,-16,home,away,25,16
8/22/2013,400445868,2013,MIN,CON,away,-9.5,-110,155,-110,91,77,-14,168,1021300153,35,50,1,1,1,1,1,1,1,77,91,14,85,15,away,away,50,-15
8/23/2013,400445869,2013,ATL,WAS,away,-2.5,-110,154,-110,64,74,10,138,1021300154,37,35,1,0,0,1,0,0,0,74,64,-10,72,-2,home,away,35,2
8/23/2013,400445870,2013,SAS,TUL,away,7,-110,149,-110,67,73,6,140,1021300155,40,22,0,0,0,0,0,0,0,73,67,-6,62,-18,home,away,22,18
8/23/2013,400445871,2013,NYL,CHI,away,11.5,-110,150,-110,64,82,18,146,1021300156,38,33,0,0,0,0,0,0,0,82,64,-18,71,-5,home,away,33,5
8/23/2013,400445872,2013,SEA,PHO,away,8.5,-110,150,-110,81,73,-8,154,1021300157,34,44,0,0,0,1,1,1,1,73,81,8,78,10,away,away,44,-10
8/24/2013,400445873,2013,IND,MIN,away,9.5,-110,147,-110,77,84,7,161,1021300158,37,35,0,0,0,0,0,0,0,84,77,-7,72,-2,home,away,35,2
8/24/2013,400445874,2013,CHI,ATL,away,4,-110,154,-110,67,56,-11,123,1021300159,26,35,1,1,1,1,1,1,1,56,67,11,61,9,away,away,35,-9
8/25/2013,400445702,2013,SEA,SAS,away,-1,-110,139,-110,64,70,6,134,1021300160,34,24,0,0,0,0,0,0,0,70,64,-6,58,-10,home,away,24,10
8/25/2013,400445704,2013,NYL,CON,away,2.5,-110,147.5,-110,74,66,-8,140,1021300161,35,42,1,1,1,1,1,1,1,66,74,8,77,7,away,away,42,-7
8/25/2013,400445708,2013,TUL,LAS,away,11,-110,157.5,-110,88,90,2,178,1021300162,27,30,1,1,0,1,1,1,1,90,88,-2,57,3,away,away,30,-3
8/27/2013,400445713,2013,MIN,NYL,away,-9,-110,152.5,-110,73,47,-26,120,1021300163,21,39,1,1,1,1,1,1,1,47,73,26,60,18,away,away,39,-18
8/27/2013,400445719,2013,SEA,SAS,away,-1.5,-110,137,-110,72,71,-1,143,1021300164,31,31,0,0,1,1,0,1,0,71,72,1,62,0,tie,away,31,-0
8/27/2013,400445725,2013,CON,LAS,away,13.5,-110,154,-110,78,91,13,169,1021300165,49,35,0,0,0,0,0,0,0,91,78,-13,84,-14,home,away,35,14
8/28/2013,400445730,2013,WAS,ATL,away,6.5,-110,150,-110,85,80,-5,165,1021300166,33,33,0,0,0,0,1,1,0,80,85,5,66,0,tie,away,33,-0
8/29/2013,400445755,2013,CON,SEA,away,7.5,-110,139.5,-110,65,78,13,143,1021300167,40,23,0,0,0,0,0,0,0,78,65,-13,63,-17,home,away,23,17
8/30/2013,400445758,2013,IND,NYL,away,-4.5,-110,138,-110,73,67,-6,140,1021300168,33,38,1,1,1,1,1,1,1,67,73,6,71,5,away,away,38,-5
8/30/2013,400445763,2013,SAS,TUL,away,6,-110,147.5,-110,74,65,-9,139,1021300169,28,42,0,0,1,1,1,1,1,65,74,9,70,14,away,away,42,-14
8/31/2013,400445774,2013,LAS,SAS,away,-8.5,-110,154,-110,80,67,-13,147,1021300172,30,35,1,1,1,1,1,1,1,67,80,13,65,5,away,away,35,-5
8/31/2013,400445770,2013,SEA,MIN,away,11.5,-110,148,-110,74,97,23,171,1021300171,53,42,0,0,0,0,0,0,0,97,74,-23,95,-11,home,away,42,11
8/31/2013,400445768,2013,ATL,CHI,away,7.5,-110,154,-110,68,85,17,153,1021300170,40,39,0,0,0,0,0,0,0,85,68,-17,79,-1,home,away,39,1
8/31/2013,400445778,2013,CON,PHO,away,12.5,-110,155.5,-110,68,76,8,144,1021300173,36,37,0,0,0,0,0,0,1,76,68,-8,73,1,away,away,37,-1
9/1/2013,400445786,2013,NYL,TUL,away,4,-110,147,-110,88,93,5,181,1021300174,52,48,0,1,0,0,0,0,0,93,88,-5,100,-4,home,away,48,4
9/2/2013,400445793,2013,LAS,ATL,away,-3,-110,155.5,-110,82,92,10,174,1021300175,48,32,1,0,0,0,0,0,0,92,82,-10,80,-16,home,away,32,16
9/4/2013,400445800,2013,IND,ATL,away,4.5,-110,144,-110,80,89,9,169,1021300176,40,33,0,0,0,0,0,0,0,89,80,-9,73,-7,home,away,33,7
9/4/2013,400445803,2013,LAS,MIN,away,7.5,-110,161,-110,74,83,9,157,1021300177,45,33,0,0,0,0,0,0,0,83,74,-9,78,-12,home,away,33,12
9/6/2013,400445808,2013,WAS,CON,away,-5.5,-110,147,-110,70,77,7,147,1021300178,36,34,0,0,1,1,1,0,0,77,70,-7,70,-2,home,away,34,2
9/6/2013,400445814,2013,ATL,NYL,away,-4.5,-110,150,-110,70,57,-13,127,1021300179,36,43,0,1,1,1,1,1,1,57,70,13,79,7,away,away,43,-7
9/6/2013,400445820,2013,LAS,TUL,away,-6.5,-110,158.5,-110,74,70,-4,144,1021300180,39,37,1,1,1,1,1,1,0,70,74,4,76,-2,home,away,37,2
9/6/2013,400445827,2013,IND,CHI,away,6.5,-110,145.5,-110,82,77,-5,159,1021300181,34,44,1,0,1,1,1,1,1,77,82,5,78,10,away,away,44,-10
9/6/2013,400445833,2013,SAS,PHO,away,10.5,-110,155,-110,80,83,3,163,1021300182,42,32,0,0,0,0,0,0,0,83,80,-3,74,-10,home,away,32,10
9/7/2013,400445838,2013,CON,IND,away,11.5,-110,139.5,-110,60,69,9,129,1021300183,31,28,0,1,0,0,0,0,0,69,60,-9,59,-3,home,away,28,3
9/7/2013,400445844,2013,MIN,SEA,away,-8,-110,148,-110,75,60,-15,135,1021300184,33,40,0,1,1,1,1,1,1,60,75,15,73,7,away,away,40,-7
9/8/2013,400445850,2013,PHO,ATL,away,4.5,-110,161.5,-110,79,71,-8,150,1021300185,40,46,1,1,1,1,1,1,1,71,79,8,86,6,away,away,46,-6
9/8/2013,400445876,2013,CHI,WAS,away,-3,-110,152,-110,93,79,-14,172,1021300186,37,43,0,0,1,1,1,1,1,79,93,14,80,6,away,away,43,-6
9/8/2013,400445880,2013,TUL,SAS,away,2,-110,147.5,-110,98,65,-33,163,1021300187,43,39,0,0,0,0,0,0,0,65,98,33,82,-4,home,away,39,4
9/10/2013,400445885,2013,PHO,NYL,away,-6,-110,154.5,-110,80,76,-4,156,1021300189,41,43,1,1,1,1,1,1,1,76,80,4,84,2,away,away,43,-2
9/10/2013,400445883,2013,WAS,IND,away,6,-110,143,-110,69,67,-2,136,1021300188,37,40,1,1,1,0,0,0,1,67,69,2,77,3,away,away,40,-3
9/10/2013,400445886,2013,MIN,SEA,away,-8.5,-110,147,-110,73,60,-13,133,1021300190,28,40,1,1,1,1,1,1,1,60,73,13,68,12,away,away,40,-12
9/11/2013,400445887,2013,ATL,CON,away,-6.5,-110,151,-110,77,78,1,155,1021300191,36,37,1,1,1,0,1,1,0,78,77,-1,73,1,away,away,37,-1
9/11/2013,400445888,2013,PHO,CHI,away,8.5,-110,157,-110,68,70,2,138,1021300192,36,40,1,1,1,1,1,1,1,70,68,-2,76,4,away,away,40,-4
9/12/2013,400445889,2013,SEA,TUL,away,5.5,-110,145,-110,76,67,-9,143,1021300193,32,36,0,0,0,0,1,1,1,67,76,9,68,4,away,away,36,-4
9/12/2013,400445890,2013,MIN,LAS,away,2.5,-110,159.5,-110,84,85,1,169,1021300194,35,31,1,1,1,1,0,0,0,85,84,-1,66,-4,home,away,31,4
9/13/2013,400445892,2013,CON,WAS,away,10,-110,147,-110,56,82,26,138,1021300196,42,27,0,0,0,0,0,0,0,82,56,-26,69,-15,home,away,27,15
9/13/2013,400445891,2013,NYL,IND,away,10,-110,139.5,-110,63,66,3,129,1021300195,32,38,0,1,1,1,1,1,1,66,63,-3,70,6,away,away,38,-6
9/13/2013,400445893,2013,ATL,CHI,away,7,-110,154,-110,82,87,5,169,1021300197,45,44,1,1,1,1,1,0,0,87,82,-5,89,-1,home,away,44,1
9/13/2013,400445894,2013,SAS,PHO,away,10.5,-110,156.5,-110,61,82,21,143,1021300198,40,31,0,0,0,0,0,0,0,82,61,-21,71,-9,home,away,31,9
9/14/2013,400445895,2013,CHI,MIN,away,7.5,-110,157.5,-110,66,79,13,145,1021300199,45,34,0,0,0,0,0,0,0,79,66,-13,79,-11,home,away,34,11
9/14/2013,400445896,2013,TUL,SEA,away,5.5,-110,142.5,-110,73,85,12,158,1021300200,44,28,0,0,0,0,0,0,0,85,73,-12,72,-16,home,away,28,16
9/15/2013,400445897,2013,IND,CON,away,-5,-110,138,-110,80,82,2,162,1021300201,34,32,0,0,0,0,1,0,0,82,80,-2,66,-2,home,away,32,2
9/15/2013,400445900,2013,PHO,LAS,away,7,-110,163,-110,55,89,34,144,1021300204,49,26,0,0,0,0,0,0,0,89,55,-34,75,-23,home,away,26,23
9/15/2013,400445898,2013,NYL,WAS,away,8,-110,144,-110,52,70,18,122,1021300202,33,27,1,1,0,0,0,0,0,70,52,-18,60,-6,home,away,27,6
9/15/2013,400445899,2013,ATL,SAS,away,-4.5,-110,152,-110,68,97,29,165,1021300203,55,38,1,0,0,0,0,0,0,97,68,-29,93,-17,home,away,38,17
9/19/2013,400496774,2013,WAS,ATL,away,7,-110,151.5,-110,71,56,-15,127,1041300111,24,31,1,1,1,1,1,1,1,56,71,15,55,7,away,away,31,-7
9/19/2013,400496777,2013,PHO,LAS,away,8,-110,162.5,-110,86,75,-11,161,1041300131,43,38,1,1,0,0,0,0,0,75,86,11,81,-5,home,away,38,5
9/20/2013,400496780,2013,IND,CHI,away,7,-110,142,-110,85,72,-13,157,1041300101,37,50,1,1,1,1,1,1,1,72,85,13,87,13,away,away,50,-13
9/20/2013,400496783,2013,SEA,MIN,away,15,-110,148.5,-110,64,80,16,144,1041300121,40,36,0,1,0,0,0,0,0,80,64,-16,76,-4,home,away,36,4
9/21/2013,400496775,2013,ATL,WAS,away,2.5,-110,148.5,-110,63,45,-18,108,1041300112,21,36,1,1,1,1,1,1,1,45,63,18,57,15,away,away,36,-15
9/21/2013,400496778,2013,LAS,PHO,away,1.5,-110,162.5,-110,82,73,-9,155,1041300132,30,44,0,1,1,1,1,1,1,73,82,9,74,14,away,away,44,-14
9/22/2013,400496781,2013,CHI,IND,away,1.5,-110,145.5,-110,57,79,22,136,1041300102,47,27,0,0,0,0,0,0,0,79,57,-22,74,-20,home,away,27,20
9/22/2013,400496784,2013,MIN,SEA,away,-8.5,-110,146.5,-110,58,55,-3,113,1041300122,28,28,1,1,1,0,1,1,1,55,58,3,56,0,tie,away,28,-0
9/23/2013,400496779,2013,PHO,LAS,away,7.5,-110,161,-110,78,77,-1,155,1041300133,40,42,0,1,0,0,0,0,1,77,78,1,82,2,away,away,42,-2
9/23/2013,400496776,2013,WAS,ATL,away,6,-110,143.5,-110,72,80,8,152,1041300113,39,41,1,1,1,1,1,1,1,80,72,-8,80,2,away,away,41,-2
9/26/2013,400499743,2013,IND,ATL,away,3,-110,144,-110,79,84,5,163,1041300201,42,40,1,1,0,0,0,0,0,84,79,-5,82,-2,home,away,40,2
9/26/2013,400499746,2013,PHO,MIN,away,7.5,-110,158,-110,62,85,23,147,1041300211,45,22,0,0,0,0,0,0,0,85,62,-23,67,-23,home,away,22,23
9/29/2013,400499744,2013,ATL,IND,away,5.5,-110,145,-110,67,53,-14,120,1041300202,33,34,1,1,1,0,0,0,1,53,67,14,67,1,away,away,34,-1
9/29/2013,400499747,2013,MIN,PHO,away,-3.5,-110,156,-110,72,65,-7,137,1041300212,35,38,0,0,0,1,1,1,1,65,72,7,73,3,away,away,38,-3
10/6/2013,400505694,2013,ATL,MIN,away,9.5,-110,157,-110,59,84,25,143,1041300301,44,25,0,0,0,0,0,0,0,84,59,-25,69,-19,home,away,25,19
10/8/2013,400505695,2013,ATL,MIN,away,11,-110,153.5,-110,63,88,25,151,1041300302,51,36,0,0,0,0,0,0,0,88,63,-25,87,-15,home,away,36,15
10/10/2013,400505696,2013,MIN,ATL,away,-6,-110,152.5,-110,86,77,-9,163,1041300303,37,40,1,1,1,1,1,1,1,77,86,9,77,3,away,away,40,-3
5/16/2014,400539462,2014,WAS,MIN,home,6,-110,157,-110,77,89,12,166,1021400002,39,43,0,0,0,0,0,0,0,77,89,12,82,4,away,home,39,4
5/16/2014,400539461,2014,CON,NYL,home,-4,-110,145,-110,54,75,21,129,1021400001,31,37,1,1,1,0,0,0,0,54,75,21,68,6,away,home,31,6
5/16/2014,400539463,2014,ATL,SAS,home,-8.5,-110,157.5,-110,79,75,-4,154,1021400003,38,36,1,1,1,1,1,0,1,79,75,-4,74,-2,home,home,38,-2
5/16/2014,400539464,2014,CHI,IND,home,-2,-110,140.5,-110,74,71,-3,145,1021400004,36,46,0,0,0,0,0,0,0,74,71,-3,82,10,away,home,36,10
5/16/2014,400539465,2014,SEA,LAS,home,4.5,-110,149,-110,69,80,11,149,1021400005,32,43,1,0,0,0,0,0,0,69,80,11,75,11,away,home,32,11
5/17/2014,400539466,2014,IND,ATL,home,3,-110,147,-110,88,90,2,178,1021400006,44,46,1,1,1,1,1,1,1,88,90,2,90,2,away,home,44,2
5/17/2014,400539467,2014,NYL,CHI,home,-5.5,-110,146,-110,65,79,14,144,1021400007,35,43,0,1,1,1,0,0,0,65,79,14,78,8,away,home,35,8
5/17/2014,400539468,2014,SAS,TUL,home,-6.5,-110,155.5,-110,80,76,-4,156,1021400008,33,35,1,1,1,0,0,0,1,80,76,-4,68,2,away,home,33,2
5/17/2014,400539469,2014,PHO,SEA,home,-10,-110,152,-110,81,64,-17,145,1021400009,46,30,1,1,1,1,1,1,1,81,64,-17,76,-16,home,home,46,-16
5/18/2014,400539470,2014,MIN,CON,home,-14.5,-110,151.5,-110,90,87,-3,177,1021400010,38,51,0,0,0,0,0,0,0,90,87,-3,89,13,away,home,38,13
5/18/2014,400539471,2014,LAS,PHO,home,-5.5,-110,158.5,-110,69,74,5,143,1021400011,30,29,0,0,1,1,1,1,1,69,74,5,59,-1,home,home,30,-1
5/21/2014,400539472,2014,CHI,CON,home,-5,-110,147.5,-110,78,68,-10,146,1021400012,45,26,1,1,1,1,1,1,1,78,68,-10,71,-19,home,home,45,-19
5/23/2014,400539473,2014,CON,SEA,home,-2.5,-110,142.5,-110,71,59,-12,130,1021400013,33,27,1,1,1,1,1,1,1,71,59,-12,60,-6,home,home,33,-6
5/23/2014,400539474,2014,IND,WAS,home,-3.5,-110,146.5,-110,63,79,16,142,1021400014,30,40,0,0,0,0,0,0,0,63,79,16,70,10,away,home,30,10
5/23/2014,400539475,2014,TUL,MIN,home,6.5,-110,161.5,-110,93,94,1,187,1021400015,48,60,0,0,0,0,0,0,0,93,94,1,108,12,away,home,48,12
5/23/2014,400539476,2014,PHO,SAS,home,-10,-110,154,-110,74,78,4,152,1021400016,36,40,0,0,0,0,0,0,0,74,78,4,76,4,away,home,36,4
5/24/2014,400539477,2014,WAS,SEA,home,-5.5,-110,145.5,-110,65,73,8,138,1021400017,26,24,0,1,0,1,1,0,0,65,73,8,50,-2,home,home,26,-2
5/24/2014,400539479,2014,MIN,NYL,home,-8,-110,155.5,-110,87,82,-5,169,1021400019,39,36,1,1,1,1,1,1,1,87,82,-5,75,-3,home,home,39,-3
5/24/2014,400539478,2014,CHI,ATL,home,-2,-110,152.5,-110,87,73,-14,160,1021400018,41,39,1,1,0,0,0,0,1,87,73,-14,80,-2,home,home,41,-2
5/25/2014,400539480,2014,LAS,SAS,home,-9,-110,154,-110,83,62,-21,145,1021400020,41,38,1,1,1,1,1,1,1,83,62,-21,79,-3,home,home,41,-3
5/25/2014,400539481,2014,ATL,IND,home,-8,-110,150.5,-110,77,82,5,159,1021400021,35,39,1,0,1,0,0,0,0,77,82,5,74,4,away,home,35,4
8/16/2014,400544875,2014,MIN,TUL,home,-8,-110,163,-110,80,63,-17,143,1021400203,37,43,0,0,0,0,0,0,0,80,63,-17,80,6,away,home,37,6
8/16/2014,400539659,2014,PHO,LAS,home,-8.5,-110,157,-110,76,69,-7,145,1021400199,52,32,1,1,1,1,1,1,1,76,69,-7,84,-20,home,home,52,-20
8/17/2014,400539662,2014,NYL,IND,home,-4.5,-110,143.5,-110,73,61,-12,134,1021400202,36,32,1,1,1,1,1,1,1,73,61,-12,68,-4,home,home,36,-4
8/17/2014,400539660,2014,CON,ATL,home,3.5,-110,157,-110,84,55,-29,139,1021400200,46,36,1,1,1,1,1,1,1,84,55,-29,82,-10,home,home,46,-10
8/17/2014,400539661,2014,CHI,SAS,home,-7.5,-110,153,-110,72,84,12,156,1021400201,35,51,1,1,1,0,0,0,0,72,84,12,86,16,away,home,35,16
8/17/2014,400539664,2014,SEA,PHO,home,5,-110,149,-110,65,78,13,143,1021400204,29,40,0,0,0,0,0,0,0,65,78,13,69,11,away,home,29,11
5/26/2014,400539482,2014,CHI,MIN,home,-1,-110,160,-110,72,75,3,147,1021400022,39,42,1,1,1,1,1,0,0,72,75,3,81,3,away,home,39,3
5/27/2014,400539483,2014,NYL,SEA,home,-6,-110,142,-110,70,64,-6,134,1021400023,32,35,1,1,1,1,1,0,0,70,64,-6,67,3,away,home,32,3
5/28/2014,400539484,2014,SAS,TUL,home,-5,-110,158,-110,82,79,-3,161,1021400024,42,46,0,0,0,0,0,0,0,82,79,-3,88,4,away,home,42,4
5/29/2014,400539485,2014,IND,CON,home,-4.5,-110,139.5,-110,79,65,-14,144,1021400025,30,25,0,0,0,1,1,1,1,79,65,-14,55,-5,home,home,30,-5
5/30/2014,400539486,2014,WAS,NYL,home,-4,-110,150,-110,68,60,-8,128,1021400026,38,30,1,1,1,1,1,1,1,68,60,-8,68,-8,home,home,38,-8
5/30/2014,400539487,2014,ATL,SEA,home,-8,-110,147.5,-110,80,69,-11,149,1021400027,35,36,1,1,1,0,1,0,0,80,69,-11,71,1,away,home,35,1
5/30/2014,400539488,2014,MIN,SAS,home,-8,-110,157,-110,88,72,-16,160,1021400028,36,39,0,1,1,1,0,0,1,88,72,-16,75,3,away,home,36,3
5/30/2014,400539489,2014,CHI,CON,home,-8,-110,146,-110,101,82,-19,183,1021400029,51,41,1,0,0,1,1,1,1,101,82,-19,92,-10,home,home,51,-10
5/30/2014,400539490,2014,PHO,TUL,home,-9,-110,160,-110,100,78,-22,178,1021400030,47,36,1,1,1,1,1,1,1,100,78,-22,83,-11,home,home,47,-11
5/31/2014,400539491,2014,IND,NYL,home,-3,-110,142,-110,70,66,-4,136,1021400031,39,36,1,1,0,1,1,1,1,70,66,-4,75,-3,home,home,39,-3
6/1/2014,400539493,2014,WAS,LAS,home,5,-110,149,-110,92,84,-8,176,1021400033,33,28,0,1,1,1,1,1,1,92,84,-8,61,-5,home,home,33,-5
6/1/2014,400539492,2014,CON,ATL,home,4,-110,152.5,-110,85,76,-9,161,1021400032,45,34,1,1,1,1,1,1,1,85,76,-9,79,-11,home,home,45,-11
6/1/2014,400539494,2014,SAS,MIN,home,3.5,-110,156.5,-110,79,87,8,166,1021400034,45,52,1,1,1,1,1,1,1,79,87,8,97,7,away,home,45,7
6/1/2014,400539495,2014,SEA,TUL,home,-3.5,-110,149,-110,62,60,-2,122,1021400035,37,36,1,1,1,1,1,1,1,62,60,-2,73,-1,home,home,37,-1
6/3/2014,400539496,2014,ATL,LAS,home,3,-110,153.5,-110,93,85,-8,178,1021400036,46,43,0,0,0,0,1,1,1,93,85,-8,89,-3,home,home,46,-3
6/3/2014,400539497,2014,PHO,SEA,home,-11,-110,146,-110,87,72,-15,159,1021400037,43,34,1,1,0,0,1,1,1,87,72,-15,77,-9,home,home,43,-9
6/5/2014,400539499,2014,NYL,SAS,home,-3,-110,147,-110,75,87,12,162,1021400039,46,47,1,0,0,1,1,1,1,75,87,12,93,1,away,home,46,1
6/5/2014,400539498,2014,CON,WAS,home,1.5,-110,149,-110,66,74,8,140,1021400038,30,38,1,0,0,0,0,0,0,66,74,8,68,8,away,home,30,8
6/6/2014,400539500,2014,WAS,IND,home,-4.5,-110,141,-110,61,64,3,125,1021400040,35,26,1,1,1,1,1,1,1,61,64,3,61,-9,home,home,35,-9
6/6/2014,400539501,2014,TUL,PHO,home,5.5,-110,162.5,-110,94,78,-16,172,1021400041,50,33,0,0,0,0,0,0,0,94,78,-16,83,-17,home,home,50,-17
6/6/2014,400539502,2014,CHI,LAS,home,-3.5,-110,154,-110,88,102,14,190,1021400042,44,61,0,0,0,0,0,0,0,88,102,14,105,17,away,home,44,17
6/7/2014,400539505,2014,CON,IND,home,-4,-110,143,-110,88,71,-17,159,1021400045,45,35,1,1,1,1,1,1,1,88,71,-17,80,-10,home,home,45,-10
6/7/2014,400539504,2014,ATL,CHI,home,-6,-110,160,-110,97,59,-38,156,1021400044,56,31,1,1,1,1,1,1,1,97,59,-38,87,-25,home,home,56,-25
6/6/2014,400539503,2014,SEA,MIN,home,6,-110,148.5,-110,65,62,-3,127,1021400043,32,40,1,1,0,0,0,0,0,65,62,-3,72,8,away,home,32,8
6/7/2014,400539506,2014,SAS,PHO,home,2.5,-110,159,-110,79,91,12,170,1021400046,33,35,0,1,1,1,0,0,0,79,91,12,68,2,away,home,33,2
6/8/2014,400539507,2014,NYL,WAS,home,-4.5,-110,143.5,-110,81,64,-17,145,1021400047,54,32,1,1,1,1,1,1,1,81,64,-17,86,-22,home,home,54,-22
6/8/2014,400539508,2014,LAS,MIN,home,-3.5,-110,164,-110,72,85,13,157,1021400048,37,42,0,0,0,0,0,0,0,72,85,13,79,5,away,home,37,5
6/10/2014,400539509,2014,TUL,NYL,home,-4,-110,153.5,-110,72,57,-15,129,1021400049,42,29,1,1,1,1,1,1,1,72,57,-15,71,-13,home,home,42,-13
6/10/2014,400539510,2014,WAS,PHO,home,4,-110,151,-110,66,81,15,147,1021400050,37,37,0,0,0,0,1,0,0,66,81,15,74,0,tie,home,37,0
6/10/2014,400539511,2014,CHI,SEA,home,-2,-110,143,-110,76,80,4,156,1021400051,30,42,0,0,0,0,0,0,0,76,80,4,72,12,away,home,30,12
6/11/2014,400539512,2014,IND,SEA,home,-6.5,-110,138,-110,76,68,-8,144,1021400052,30,36,1,1,0,0,0,0,0,76,68,-8,66,6,away,home,30,6
6/12/2014,400539513,2014,CON,PHO,home,6.5,-110,155.5,-110,96,95,-1,191,1021400053,46,42,1,0,0,1,1,0,0,96,95,-1,88,-4,home,home,46,-4
6/13/2014,400539514,2014,WAS,CHI,home,-7,-110,148,-110,79,68,-11,147,1021400054,38,34,1,1,1,1,1,1,1,79,68,-11,72,-4,home,home,38,-4
6/13/2014,400539516,2014,NYL,CON,home,-6,-110,152,-110,75,83,8,158,1021400056,26,46,0,0,0,0,0,0,0,75,83,8,72,20,away,home,26,20
6/13/2014,400539515,2014,ATL,MIN,home,-1.5,-110,163,-110,85,82,-3,167,1021400055,50,33,0,1,1,1,1,1,1,85,82,-3,83,-17,home,home,50,-17
6/13/2014,400539517,2014,SAS,SEA,home,-6,-110,145,-110,72,79,7,151,1021400057,28,43,0,0,0,0,0,0,0,72,79,7,71,15,away,home,28,15
6/13/2014,400539518,2014,TUL,LAS,home,4,-110,156.5,-110,69,67,-2,136,1021400058,43,39,0,1,0,1,0,1,1,69,67,-2,82,-4,home,home,43,-4
6/14/2014,400539519,2014,SAS,LAS,home,2.5,-110,155,-110,101,74,-27,175,1021400059,49,44,1,0,0,0,1,0,0,101,74,-27,93,-5,home,home,49,-5
6/15/2014,400539521,2014,CON,NYL,home,1,-110,149.5,-110,76,72,-4,148,1021400061,38,37,1,1,0,0,0,1,1,76,72,-4,75,-1,home,home,38,-1
6/15/2014,400539520,2014,MIN,PHO,home,-5.5,-110,165,-110,72,80,8,152,1021400060,31,50,0,0,0,0,0,0,0,72,80,8,81,19,away,home,31,19
6/15/2014,400539522,2014,WAS,ATL,home,3.5,-110,154.5,-110,67,75,8,142,1021400062,32,40,1,0,0,0,0,0,0,67,75,8,72,8,away,home,32,8
6/15/2014,400539523,2014,TUL,SEA,home,-6.5,-110,145.5,-110,85,79,-6,164,1021400063,41,39,0,0,0,0,0,0,1,85,79,-6,80,-2,home,home,41,-2
6/17/2014,400539524,2014,CON,IND,home,-3.5,-110,147.5,-110,89,67,-22,156,1021400064,33,29,0,0,0,1,1,1,1,89,67,-22,62,-4,home,home,33,-4
6/17/2014,400539525,2014,LAS,MIN,home,1.5,-110,158,-110,77,94,17,171,1021400065,42,53,0,0,0,0,0,0,0,77,94,17,95,11,away,home,42,11
6/18/2014,400539526,2014,ATL,WAS,home,-7.5,-110,154.5,-110,83,73,-10,156,1021400066,34,39,1,0,0,0,0,0,0,83,73,-10,73,5,away,home,34,5
6/18/2014,400539527,2014,CHI,NYL,home,-1.5,-110,148.5,-110,105,100,-5,205,1021400067,35,38,1,0,1,1,1,0,0,105,100,-5,73,3,away,home,35,3
6/18/2014,400539528,2014,PHO,MIN,home,-4.5,-110,163,-110,92,79,-13,171,1021400068,52,42,1,1,1,1,1,1,1,92,79,-13,94,-10,home,home,52,-10
6/19/2014,400539529,2014,SEA,SAS,home,-3,-110,148.5,-110,82,87,5,169,1021400069,27,35,0,0,0,0,0,0,0,82,87,5,62,8,away,home,27,8
6/19/2014,400539530,2014,LAS,TUL,home,-6.5,-110,157,-110,87,77,-10,164,1021400070,46,36,1,1,1,1,1,1,1,87,77,-10,82,-10,home,home,46,-10
6/20/2014,400539531,2014,ATL,NYL,home,-9,-110,155.5,-110,85,64,-21,149,1021400071,49,35,1,1,1,1,1,1,1,85,64,-21,84,-14,home,home,49,-14
6/20/2014,400539532,2014,MIN,WAS,home,-8.5,-110,154,-110,75,65,-10,140,1021400072,43,34,0,1,1,1,1,1,1,75,65,-10,77,-9,home,home,43,-9
6/20/2014,400539533,2014,CHI,IND,home,-3.5,-110,151,-110,75,83,8,158,1021400073,38,40,0,0,0,0,0,0,0,75,83,8,78,2,away,home,38,2
6/20/2014,400539534,2014,PHO,TUL,home,-11.5,-110,163,-110,91,80,-11,171,1021400074,45,38,0,1,1,1,1,1,1,91,80,-11,83,-7,home,home,45,-7
6/22/2014,400539535,2014,CHI,TUL,home,-2.5,-110,160,-110,99,105,6,204,1021400075,48,38,0,0,0,0,1,1,1,99,105,6,86,-10,home,home,48,-10
6/22/2014,400539536,2014,NYL,ATL,home,4.5,-110,153,-110,85,78,-7,163,1021400076,38,40,0,0,0,0,0,0,0,85,78,-7,78,2,away,home,38,2
6/22/2014,400539537,2014,LAS,SAS,home,-6.5,-110,159,-110,69,72,3,141,1021400077,38,40,0,1,1,0,0,0,0,69,72,3,78,2,away,home,38,2
6/22/2014,400539538,2014,MIN,IND,home,-10,-110,152.5,-110,83,77,-6,160,1021400078,35,41,1,1,1,1,1,1,0,83,77,-6,76,6,away,home,35,6
6/22/2014,400539539,2014,SEA,WAS,home,-3.5,-110,140,-110,89,86,-3,175,1021400079,45,41,0,1,1,1,1,0,1,89,86,-3,86,-4,home,home,45,-4
6/24/2014,400539540,2014,SAS,WAS,home,-6,-110,152.5,-110,70,81,11,151,1021400080,33,36,0,0,0,0,0,0,1,70,81,11,69,3,away,home,33,3
6/24/2014,400539541,2014,LAS,SEA,home,-7,-110,148.5,-110,65,57,-8,122,1021400081,32,26,1,1,1,1,1,1,1,65,57,-8,58,-6,home,home,32,-6
6/25/2014,400539542,2014,CON,CHI,home,-1.5,-110,162,-110,79,69,-10,148,1021400082,39,45,0,0,0,0,0,0,0,79,69,-10,84,6,away,home,39,6
6/25/2014,400539543,2014,IND,TUL,home,-4.5,-110,152,-110,102,107,5,209,1021400083,51,36,0,1,1,1,1,1,1,102,107,5,87,-15,home,home,51,-15
6/26/2014,400539544,2014,SAS,ATL,home,3,-110,163,-110,79,81,2,160,1021400084,42,45,0,0,0,0,0,1,0,79,81,2,87,3,away,home,42,3
6/27/2014,400539546,2014,WAS,CON,home,-3.5,-110,149.5,-110,69,63,-6,132,1021400086,31,33,1,1,1,0,1,0,1,69,63,-6,64,2,away,home,31,2
6/27/2014,400539545,2014,IND,PHO,home,5.5,-110,158.5,-110,76,81,5,157,1021400085,42,33,1,1,1,1,1,1,1,76,81,5,75,-9,home,home,42,-9
6/27/2014,400539547,2014,NYL,CHI,home,2,-110,155.5,-110,69,73,4,142,1021400087,37,50,0,0,0,0,0,0,0,69,73,4,87,13,away,home,37,13
6/27/2014,400539548,2014,SEA,MIN,home,6.5,-110,148.5,-110,81,71,-10,152,1021400088,33,26,1,1,1,1,1,1,1,81,71,-10,59,-7,home,home,33,-7
6/28/2014,400539549,2014,TUL,LAS,home,1,-110,159.5,-110,89,92,3,181,1021400089,32,47,0,0,0,0,0,0,0,89,92,3,79,15,away,home,32,15
6/29/2014,400539550,2014,NYL,CON,home,-3,-110,150,-110,67,65,-2,132,1021400090,34,31,0,0,0,0,1,1,1,67,65,-2,65,-3,home,home,34,-3
6/29/2014,400539551,2014,WAS,SAS,home,-2.5,-110,149,-110,65,73,8,138,1021400091,32,40,0,0,0,0,0,0,0,65,73,8,72,8,away,home,32,8
6/29/2014,400539552,2014,TUL,PHO,home,4.5,-110,165,-110,77,80,3,157,1021400092,37,31,1,1,1,1,1,1,1,77,80,3,68,-6,home,home,37,-6
6/29/2014,400539553,2014,IND,ATL,home,3,-110,156.5,-110,68,76,8,144,1021400093,37,40,1,1,1,0,0,0,0,68,76,8,77,3,away,home,37,3
6/29/2014,400539554,2014,MIN,SEA,home,-9,-110,148,-110,74,69,-5,143,1021400094,42,32,1,1,1,1,1,1,1,74,69,-5,74,-10,home,home,42,-10
7/1/2014,400539556,2014,NYL,TUL,home,-2.5,-110,156.5,-110,90,74,-16,164,1021400096,46,35,1,1,1,1,1,1,1,90,74,-16,81,-11,home,home,46,-11
7/1/2014,400539555,2014,CON,SAS,home,-4,-110,153.5,-110,71,74,3,145,1021400095,30,27,1,1,1,1,1,1,0,71,74,3,57,-3,home,home,30,-3
7/1/2014,400539557,2014,ATL,IND,home,-7.5,-110,154.5,-110,70,77,7,147,1021400097,34,40,1,1,1,0,0,0,0,70,77,7,74,6,away,home,34,6
7/1/2014,400539558,2014,LAS,CHI,home,-6.5,-110,157.5,-110,83,90,7,173,1021400098,44,41,0,0,1,1,1,1,1,83,90,7,85,-3,home,home,44,-3
7/2/2014,400539559,2014,WAS,IND,home,-4,-110,144,-110,77,80,3,157,1021400099,29,42,1,1,0,0,0,0,0,77,80,3,71,13,away,home,29,13
7/2/2014,400539560,2014,PHO,CHI,home,-9.5,-110,162,-110,87,69,-18,156,1021400100,44,38,1,1,1,1,1,1,1,87,69,-18,82,-6,home,home,44,-6
7/3/2014,400539561,2014,CON,TUL,home,-4,-110,160.5,-110,83,96,13,179,1021400101,40,43,0,0,0,0,0,0,0,83,96,13,83,3,away,home,40,3
7/3/2014,400539562,2014,MIN,SAS,home,-8,-110,156.5,-110,91,84,-7,175,1021400102,41,35,1,1,1,1,0,0,1,91,84,-7,76,-6,home,home,41,-6
7/3/2014,400539563,2014,SEA,LAS,home,2,-110,148.5,-110,56,70,14,126,1021400103,22,40,0,0,0,0,0,0,0,56,70,14,62,18,away,home,22,18
7/5/2014,400539564,2014,IND,SAS,home,-4,-110,150.5,-110,70,71,1,141,1021400104,34,38,1,1,1,1,1,0,1,70,71,1,72,4,away,home,34,4
7/5/2014,400539565,2014,ATL,WAS,home,-9,-110,155,-110,86,73,-13,159,1021400105,40,40,1,1,1,1,1,0,1,86,73,-13,80,0,tie,home,40,0
7/5/2014,400539567,2014,SEA,CHI,home,-2.5,-110,147,-110,80,73,-7,153,1021400107,45,45,1,1,1,1,0,0,0,80,73,-7,90,0,tie,home,45,0
7/5/2014,400539566,2014,TUL,CON,home,-3.5,-110,164,-110,76,78,2,154,1021400106,35,37,0,0,0,0,0,1,0,76,78,2,72,2,away,home,35,2
7/6/2014,400539568,2014,NYL,MIN,home,4,-110,153.5,-110,87,80,-7,167,1021400108,48,48,1,0,0,0,0,0,1,87,80,-7,96,0,tie,home,48,0
7/6/2014,400539569,2014,LAS,PHO,home,2,-110,161,-110,89,94,5,183,1021400109,47,45,0,0,0,0,0,1,1,89,94,5,92,-2,home,home,47,-2
7/8/2014,400539570,2014,ATL,CON,home,-9,-110,160,-110,83,71,-12,154,1021400110,39,31,1,1,1,1,1,1,1,83,71,-12,70,-8,home,home,39,-8
7/8/2014,400539571,2014,TUL,IND,home,-1,-110,155,-110,76,78,2,154,1021400111,34,41,0,1,1,0,0,0,0,76,78,2,75,7,away,home,34,7
7/8/2014,400539572,2014,MIN,LAS,home,-4,-110,163,-110,83,72,-11,155,1021400112,48,42,0,0,0,0,1,1,1,83,72,-11,90,-6,home,home,48,-6
7/9/2014,400539573,2014,CHI,WAS,home,-3.5,-110,155,-110,65,72,7,137,1021400113,37,41,0,0,0,0,0,0,0,65,72,7,78,4,away,home,37,4
7/9/2014,400539574,2014,PHO,SEA,home,-9.5,-110,152.5,-110,78,58,-20,136,1021400114,37,20,0,0,1,1,1,1,1,78,58,-20,57,-17,home,home,37,-17
7/9/2014,400539575,2014,SAS,NYL,home,-4,-110,153,-110,80,66,-14,146,1021400115,42,29,1,1,1,1,1,1,1,80,66,-14,71,-13,home,home,42,-13
7/10/2014,400539576,2014,IND,CON,home,-5.5,-110,150,-110,72,68,-4,140,1021400116,21,30,0,0,0,0,0,0,0,72,68,-4,51,9,away,home,21,9
7/10/2014,400539577,2014,TUL,MIN,home,3,-110,165,-110,85,91,6,176,1021400117,49,55,0,0,0,0,0,0,0,85,91,6,104,6,away,home,49,6
7/11/2014,400539578,2014,NYL,LAS,home,4,-110,155.5,-110,54,68,14,122,1021400118,33,42,1,1,1,1,0,0,0,54,68,14,75,9,away,home,33,9
7/11/2014,400539579,2014,SAS,SEA,home,-5,-110,146.5,-110,67,88,21,155,1021400119,35,47,1,1,0,0,0,0,0,67,88,21,82,12,away,home,35,12
7/11/2014,400539580,2014,CHI,PHO,home,5.5,-110,162.5,-110,66,72,6,138,1021400120,30,29,1,1,1,1,1,1,1,66,72,6,59,-1,home,home,30,-1
7/12/2014,400539581,2014,IND,ATL,home,1.5,-110,154,-110,74,93,19,167,1021400121,34,55,1,1,0,0,0,0,0,74,93,19,89,21,away,home,34,21
7/13/2014,400539583,2014,CON,LAS,home,4,-110,155,-110,64,90,26,154,1021400123,38,44,0,0,0,0,0,0,0,64,90,26,82,6,away,home,38,6
7/13/2014,400539584,2014,MIN,SEA,home,-8,-110,148.5,-110,77,60,-17,137,1021400124,34,28,0,1,1,1,1,1,1,77,60,-17,62,-6,home,home,34,-6
7/13/2014,400539585,2014,PHO,SAS,home,-8.5,-110,159,-110,90,61,-29,151,1021400125,52,32,1,1,1,1,1,1,1,90,61,-29,84,-20,home,home,52,-20
7/12/2014,400539582,2014,TUL,WAS,home,-3.5,-110,156,-110,74,91,17,165,1021400122,42,55,1,1,0,0,0,0,0,74,91,17,97,13,away,home,42,13
7/13/2014,400539586,2014,ATL,CHI,home,-7,-110,159.5,-110,81,79,-2,160,1021400126,42,46,1,0,0,0,0,0,0,81,79,-2,88,4,away,home,42,4
7/15/2014,400539587,2014,SEA,CON,home,-3.5,-110,142,-110,63,86,23,149,1021400127,30,39,0,1,0,0,0,0,0,63,86,23,69,9,away,home,30,9
7/15/2014,400539588,2014,IND,LAS,home,2.5,-110,150.5,-110,78,86,8,164,1021400128,46,36,1,1,1,1,1,1,1,78,86,8,82,-10,home,home,46,-10
7/15/2014,400539589,2014,PHO,WAS,home,-10.5,-110,157.5,-110,90,78,-12,168,1021400129,48,33,1,1,1,1,1,1,1,90,78,-12,81,-15,home,home,48,-15
7/16/2014,400539590,2014,NYL,ATL,home,5.5,-110,154.5,-110,77,75,-2,152,1021400130,45,40,0,1,1,1,1,1,1,77,75,-2,85,-5,home,home,45,-5
7/16/2014,400539591,2014,MIN,TUL,home,-8.5,-110,167,-110,93,82,-11,175,1021400131,40,39,1,1,1,1,1,1,1,93,82,-11,79,-1,home,home,40,-1
7/17/2014,400539592,2014,TUL,SAS,home,-1.5,-110,160.5,-110,95,90,-5,185,1021400132,38,45,1,1,1,0,0,0,0,95,90,-5,83,7,away,home,38,7
7/17/2014,400539593,2014,IND,CHI,home,-5,-110,151,-110,82,64,-18,146,1021400133,45,31,1,1,0,1,1,1,1,82,64,-18,76,-14,home,home,45,-14
7/17/2014,400539594,2014,PHO,CON,home,-11.5,-110,161,-110,101,85,-16,186,1021400134,51,39,1,1,1,1,1,1,1,101,85,-16,90,-12,home,home,51,-12
7/17/2014,400539595,2014,LAS,WAS,home,-7.5,-110,155,-110,75,79,4,154,1021400135,34,34,1,1,1,1,0,0,0,75,79,4,68,0,tie,home,34,0
7/22/2014,400539597,2014,SAS,TUL,home,-4,-110,163,-110,95,93,-2,188,1021400137,37,34,0,0,0,0,0,1,1,95,93,-2,71,-3,home,home,37,-3
7/22/2014,400539599,2014,MIN,ATL,home,-5,-110,163.5,-110,112,108,-4,220,1021400139,52,48,1,1,1,1,1,1,1,112,108,-4,100,-4,home,home,52,-4
7/22/2014,400539596,2014,CHI,IND,home,3.5,-110,150,-110,60,57,-3,117,1021400136,29,20,0,1,1,1,1,1,1,60,57,-3,49,-9,home,home,29,-9
7/22/2014,400539598,2014,SEA,PHO,home,6.5,-110,152,-110,71,89,18,160,1021400138,36,47,0,0,0,0,0,0,0,71,89,18,83,11,away,home,36,11
7/23/2014,400539600,2014,WAS,CON,home,-4,-110,148.5,-110,89,75,-14,164,1021400140,38,38,1,1,1,1,0,1,1,89,75,-14,76,0,tie,home,38,0
7/23/2014,400539601,2014,LAS,NYL,home,-7.5,-110,153,-110,64,66,2,130,1021400141,37,34,1,0,0,0,1,1,1,64,66,2,71,-3,home,home,37,-3
7/24/2014,400539602,2014,SEA,NYL,home,-4.5,-110,143,-110,80,84,4,164,1021400142,45,41,1,1,1,0,0,0,0,80,84,4,86,-4,home,home,45,-4
7/24/2014,400539603,2014,LAS,PHO,home,5,-110,165,-110,73,93,20,166,1021400143,36,61,0,0,0,0,0,0,0,73,93,20,97,25,away,home,36,25
7/25/2014,400539604,2014,WAS,TUL,home,-5,-110,161.5,-110,82,77,-5,159,1021400144,49,37,1,1,1,1,1,1,1,82,77,-5,86,-12,home,home,49,-12
7/25/2014,400539605,2014,ATL,CHI,home,-9,-110,159.5,-110,75,79,4,154,1021400145,29,43,0,0,0,0,0,0,0,75,79,4,72,14,away,home,29,14
7/26/2014,400539609,2014,SEA,LAS,home,5,-110,149,-110,69,77,8,146,1021400149,34,37,1,0,0,0,0,0,0,69,77,8,71,3,away,home,34,3
7/26/2014,400539607,2014,SAS,IND,home,-1.5,-110,149.5,-110,68,75,7,143,1021400147,38,41,1,1,1,1,1,0,0,68,75,7,79,3,away,home,38,3
7/25/2014,400539606,2014,MIN,SAS,home,-8.5,-110,162,-110,88,78,-10,166,1021400146,42,36,0,0,1,1,1,1,1,88,78,-10,78,-6,home,home,42,-6
7/26/2014,400539608,2014,PHO,NYL,home,-12,-110,159,-110,78,63,-15,141,1021400148,47,30,1,1,1,1,1,1,1,78,63,-15,77,-17,home,home,47,-17
7/27/2014,400539611,2014,WAS,ATL,home,3,-110,157,-110,77,67,-10,144,1021400151,39,38,0,1,1,1,1,1,0,77,67,-10,77,-1,home,home,39,-1
7/27/2014,400539610,2014,CON,MIN,home,5.5,-110,161.5,-110,65,76,11,141,1021400150,28,39,0,1,0,0,0,0,0,65,76,11,67,11,away,home,28,11
7/27/2014,400539612,2014,TUL,CHI,home,-2,-110,162.5,-110,79,69,-10,148,1021400152,33,41,1,0,0,0,0,0,0,79,69,-10,74,8,away,home,33,8
7/28/2014,400539613,2014,LAS,IND,home,-4.5,-110,149,-110,77,73,-4,150,1021400153,35,31,0,0,0,0,1,1,1,77,73,-4,66,-4,home,home,35,-4
7/29/2014,400539614,2014,ATL,CON,home,-9,-110,156.5,-110,89,80,-9,169,1021400154,44,41,1,0,0,1,1,1,1,89,80,-9,85,-3,home,home,44,-3
7/29/2014,400539615,2014,NYL,WAS,home,-3,-110,147.5,-110,80,76,-4,156,1021400155,43,28,1,1,1,1,1,1,1,80,76,-4,71,-15,home,home,43,-15
7/29/2014,400539616,2014,SAS,CHI,home,-4,-110,152.5,-110,92,74,-18,166,1021400156,48,37,0,1,0,1,1,1,1,92,74,-18,85,-11,home,home,48,-11
7/29/2014,400539617,2014,TUL,SEA,home,-5,-110,152.5,-110,80,74,-6,154,1021400157,35,36,0,0,1,0,0,0,1,80,74,-6,71,1,away,home,35,1
7/29/2014,400539618,2014,PHO,LAS,home,-12,-110,163,-110,90,69,-21,159,1021400158,42,39,1,0,0,0,1,1,1,90,69,-21,81,-3,home,home,42,-3
7/31/2014,400539621,2014,TUL,ATL,home,3,-110,165.5,-110,75,85,10,160,1021400161,39,43,1,0,0,0,1,1,0,75,85,10,82,4,away,home,39,4
7/31/2014,400539620,2014,MIN,PHO,home,-2,-110,167,-110,75,67,-8,142,1021400160,39,36,1,1,1,1,1,1,1,75,67,-8,75,-3,home,home,39,-3
7/31/2014,400539619,2014,CHI,NYL,home,-3.5,-110,149.5,-110,87,74,-13,161,1021400159,39,36,1,1,0,0,1,1,1,87,74,-13,75,-3,home,home,39,-3
7/31/2014,400539622,2014,SEA,IND,home,2.5,-110,142,-110,67,76,9,143,1021400162,31,28,0,0,1,1,1,1,1,67,76,9,59,-3,home,home,31,-3
8/1/2014,400539623,2014,SAS,CON,home,-5,-110,156,-110,79,89,10,168,1021400163,30,43,1,0,0,0,0,0,0,79,89,10,73,13,away,home,30,13
8/2/2014,400539624,2014,TUL,MIN,home,7,-110,166.5,-110,75,84,9,159,1021400164,32,33,0,0,0,0,0,0,0,75,84,9,65,1,away,home,32,1
8/2/2014,400539625,2014,PHO,IND,home,-11,-110,154.5,-110,79,69,-10,148,1021400165,47,42,1,1,1,1,1,1,1,79,69,-10,89,-5,home,home,47,-5
8/3/2014,400539626,2014,ATL,NYL,home,-8,-110,157,-110,76,83,7,159,1021400166,35,34,1,0,1,1,0,1,1,76,83,7,69,-1,home,home,35,-1
8/3/2014,400539627,2014,LAS,CON,home,-8,-110,156,-110,70,69,-1,139,1021400167,27,28,0,1,1,1,0,0,1,70,69,-1,55,1,away,home,27,1
8/3/2014,400539628,2014,CHI,WAS,home,-4.5,-110,153,-110,76,65,-11,141,1021400168,43,31,1,1,1,1,1,1,1,76,65,-11,74,-12,home,home,43,-12
8/3/2014,400539629,2014,SEA,SAS,home,1,-110,149,-110,71,65,-6,136,1021400169,36,21,1,1,1,1,1,1,1,71,65,-6,57,-15,home,home,36,-15
8/5/2014,400539632,2014,WAS,NYL,home,-3.5,-110,146.5,-110,79,46,-33,125,1021400172,37,22,1,1,1,1,1,1,1,79,46,-33,59,-15,home,home,37,-15
8/5/2014,400539630,2014,CON,CHI,home,4,-110,154.5,-110,66,82,16,148,1021400170,41,36,1,1,0,0,0,1,1,66,82,16,77,-5,home,home,41,-5
8/5/2014,400539631,2014,IND,MIN,home,4.5,-110,153,-110,64,66,2,130,1021400171,44,38,1,1,1,1,1,1,1,64,66,2,82,-6,home,home,44,-6
8/5/2014,400539633,2014,PHO,ATL,home,-10,-110,165.5,-110,75,67,-8,142,1021400173,41,29,1,1,1,1,1,1,1,75,67,-8,70,-12,home,home,41,-12
8/5/2014,400539634,2014,LAS,TUL,home,-6.5,-110,161.5,-110,90,96,6,186,1021400174,44,50,0,0,0,0,0,0,0,90,96,6,94,6,away,home,44,6
8/7/2014,400539636,2014,SAS,PHO,home,8.5,-110,160,-110,73,78,5,151,1021400176,29,34,0,0,0,0,0,0,0,73,78,5,63,5,away,home,29,5
8/7/2014,400539635,2014,MIN,CHI,home,-8.5,-110,159.5,-110,74,64,-10,138,1021400175,30,24,1,1,1,1,1,1,1,74,64,-10,54,-6,home,home,30,-6
8/7/2014,400539637,2014,SEA,ATL,home,5.5,-110,151.5,-110,88,68,-20,156,1021400177,53,30,1,1,1,1,1,1,1,88,68,-20,83,-23,home,home,53,-23
8/8/2014,400539638,2014,IND,WAS,home,-5,-110,143,-110,61,74,13,135,1021400178,29,37,0,0,1,1,0,0,0,61,74,13,66,8,away,home,29,8
8/8/2014,400539639,2014,NYL,CON,home,-4.5,-110,149,-110,71,66,-5,137,1021400179,33,25,1,1,1,1,1,1,1,71,66,-5,58,-8,home,home,33,-8
8/8/2014,400539640,2014,TUL,SAS,home,-4,-110,163,-110,79,62,-17,141,1021400180,36,37,0,1,1,1,1,1,1,79,62,-17,73,1,away,home,36,1
8/8/2014,400539641,2014,LAS,ATL,home,-3.5,-110,158.5,-110,80,77,-3,157,1021400181,37,31,1,1,1,1,1,1,1,80,77,-3,68,-6,home,home,37,-6
8/9/2014,400539642,2014,PHO,MIN,home,-5,-110,159,-110,82,80,-2,162,1021400182,43,42,0,0,0,0,0,0,0,82,80,-2,85,-1,home,home,43,-1
8/10/2014,400539644,2014,NYL,IND,home,-1,-110,141.5,-110,76,90,14,166,1021400184,32,51,0,0,0,0,0,0,0,76,90,14,83,19,away,home,32,19
8/10/2014,400539643,2014,CON,WAS,home,3,-110,146.5,-110,89,81,-8,170,1021400183,31,32,0,0,1,1,0,0,0,89,81,-8,63,1,away,home,31,1
8/10/2014,400539645,2014,SAS,LAS,home,2.5,-110,155,-110,82,76,-6,158,1021400185,37,31,0,1,0,1,1,1,1,82,76,-6,68,-6,home,home,37,-6
8/10/2014,400539646,2014,CHI,ATL,home,-6.5,-110,156,-110,80,69,-11,149,1021400186,32,36,1,0,0,1,0,0,0,80,69,-11,68,4,away,home,32,4
8/10/2014,400539647,2014,SEA,TUL,home,-3.5,-110,153,-110,74,68,-6,142,1021400187,29,42,0,0,0,0,0,0,0,74,68,-6,71,13,away,home,29,13
8/12/2014,400539648,2014,NYL,PHO,home,6,-110,153,-110,64,76,12,140,1021400188,30,43,0,0,0,0,0,0,0,64,76,12,73,13,away,home,30,13
8/12/2014,400539649,2014,MIN,LAS,home,-8,-110,159.5,-110,63,71,8,134,1021400189,36,29,1,1,1,1,1,1,1,63,71,8,65,-7,home,home,36,-7
8/13/2014,400539650,2014,WAS,CHI,home,3,-110,147,-110,69,72,3,141,1021400190,29,31,0,0,0,0,0,0,0,69,72,3,60,2,away,home,29,2
8/13/2014,400539651,2014,ATL,PHO,home,1.5,-110,156,-110,96,82,-14,178,1021400191,55,41,0,0,0,0,0,1,1,96,82,-14,96,-14,home,home,55,-14
8/14/2014,400539652,2014,IND,NYL,home,-6,-110,142,-110,76,63,-13,139,1021400192,46,21,1,1,1,1,1,1,1,76,63,-13,67,-25,home,home,46,-25
8/15/2014,400539653,2014,CON,WAS,home,5.5,-110,145.5,-110,67,71,4,138,1021400193,30,34,0,0,0,0,0,0,0,67,71,4,64,4,away,home,30,4
8/15/2014,400539654,2014,ATL,TUL,home,-5.5,-110,164,-110,92,76,-16,168,1021400194,47,25,1,0,1,1,1,1,1,92,76,-16,72,-22,home,home,47,-22
8/15/2014,400539655,2014,SAS,MIN,home,1.5,-110,155,-110,92,76,-16,168,1021400195,50,47,0,0,0,0,1,1,1,92,76,-16,97,-3,home,home,50,-3
8/15/2014,400539656,2014,LAS,SEA,home,-6.5,-110,147,-110,77,65,-12,142,1021400196,48,32,1,1,1,1,1,1,1,77,65,-12,80,-16,home,home,48,-16
8/16/2014,400539658,2014,WAS,NYL,home,-6,-110,144.5,-110,61,73,12,134,1021400198,29,45,0,0,0,0,0,0,0,61,73,12,74,16,away,home,29,16
8/16/2014,400539657,2014,IND,CHI,home,-3,-110,146,-110,71,67,-4,138,1021400197,44,31,1,1,1,1,1,1,1,71,67,-4,75,-13,home,home,44,-13
8/21/2014,400578287,2014,MIN,SAS,home,-10.5,-110,155.5,-110,88,84,-4,172,1041400131,40,30,1,1,1,1,1,1,1,88,84,-4,70,-10,home,home,40,-10
8/23/2014,400578288,2014,SAS,MIN,home,5,-110,154.5,-110,89,94,5,183,1041400132,44,40,1,1,1,1,1,1,1,89,94,5,84,-4,home,home,44,-4
8/22/2014,400578290,2014,PHO,LAS,home,-10.5,-110,156.5,-110,75,72,-3,147,1041400121,35,34,0,1,1,1,1,1,1,75,72,-3,69,-1,home,home,35,-1
8/22/2014,400580067,2014,ATL,CHI,home,-3.5,-110,154,-110,77,80,3,157,1041400101,37,36,1,1,1,1,1,1,0,77,80,3,73,-1,home,home,37,-1
8/24/2014,400578291,2014,LAS,PHO,home,5,-110,155.5,-110,68,93,25,161,1041400122,33,52,0,0,0,0,0,0,0,68,93,25,85,19,away,home,33,19
8/24/2014,400580068,2014,CHI,ATL,home,-3,-110,156.5,-110,83,92,9,175,1041400102,43,44,1,1,1,0,0,0,1,83,92,9,87,1,away,home,43,1
8/21/2014,400580070,2014,IND,WAS,home,-5,-110,140.5,-110,78,73,-5,151,1041400111,30,36,1,1,1,1,0,0,0,78,73,-5,66,6,away,home,30,6
8/23/2014,400580071,2014,WAS,IND,home,-3,-110,143,-110,76,81,5,157,1041400112,27,30,0,0,0,0,0,0,0,76,81,5,57,3,away,home,27,3
8/26/2014,400580069,2014,ATL,CHI,home,-4,-110,158,-110,80,81,1,161,1041400103,54,41,1,1,1,1,1,1,1,80,81,1,95,-13,home,home,54,-13
8/29/2014,400581627,2014,PHO,MIN,home,-4.5,-110,160.5,-110,85,71,-14,156,1041400211,42,31,1,1,1,1,1,1,1,85,71,-14,73,-11,home,home,42,-11
8/31/2014,400581628,2014,MIN,PHO,home,-3,-110,160.5,-110,82,77,-5,159,1041400212,36,44,0,0,0,0,0,0,0,82,77,-5,80,8,away,home,36,8
8/30/2014,400581821,2014,IND,CHI,home,-4,-110,148,-110,77,70,-7,147,1041400201,42,33,1,1,1,1,1,1,1,77,70,-7,75,-9,home,home,42,-9
9/1/2014,400581822,2014,CHI,IND,home,-3,-110,148,-110,86,84,-2,170,1041400202,31,39,1,0,0,0,0,0,0,86,84,-2,70,8,away,home,31,8
9/2/2014,400581629,2014,PHO,MIN,home,-5,-110,161,-110,96,78,-18,174,1041400213,50,42,1,1,1,1,1,1,1,96,78,-18,92,-8,home,home,50,-8
9/3/2014,400581823,2014,IND,CHI,home,-4.5,-110,146,-110,62,75,13,137,1041400203,29,37,0,0,0,0,0,0,0,62,75,13,66,8,away,home,29,8
9/9/2014,400582774,2014,PHO,CHI,home,-12,-110,156.5,-110,97,68,-29,165,1041400302,51,36,1,1,1,1,1,1,1,97,68,-29,87,-15,home,home,51,-15
9/7/2014,400582773,2014,PHO,CHI,home,-10,-110,156,-110,83,62,-21,145,1041400301,42,20,1,1,1,1,1,1,1,83,62,-21,62,-22,home,home,42,-22
9/12/2014,400582775,2014,CHI,PHO,home,6,-110,158.5,-110,82,87,5,169,1041400303,43,45,0,0,0,0,0,0,0,82,87,5,88,2,away,home,43,2
5/16/2014,400539462,2014,MIN,WAS,away,-6,-110,157,-110,89,77,-12,166,1021400002,39,43,1,1,1,1,1,1,1,77,89,12,82,4,away,away,43,-4
5/16/2014,400539461,2014,NYL,CON,away,4,-110,145,-110,75,54,-21,129,1021400001,31,37,0,0,0,1,1,1,1,54,75,21,68,6,away,away,37,-6
5/16/2014,400539463,2014,SAS,ATL,away,8.5,-110,157.5,-110,75,79,4,154,1021400003,38,36,0,0,0,0,0,1,0,79,75,-4,74,-2,home,away,36,2
5/16/2014,400539464,2014,IND,CHI,away,2,-110,140.5,-110,71,74,3,145,1021400004,36,46,1,1,1,1,1,1,1,74,71,-3,82,10,away,away,46,-10
5/16/2014,400539465,2014,LAS,SEA,away,-4.5,-110,149,-110,80,69,-11,149,1021400005,32,43,0,1,1,1,1,1,1,69,80,11,75,11,away,away,43,-11
5/17/2014,400539466,2014,ATL,IND,away,-3,-110,147,-110,90,88,-2,178,1021400006,44,46,0,0,0,0,0,0,0,88,90,2,90,2,away,away,46,-2
5/17/2014,400539467,2014,CHI,NYL,away,5.5,-110,146,-110,79,65,-14,144,1021400007,35,43,1,0,0,0,1,1,1,65,79,14,78,8,away,away,43,-8
5/17/2014,400539468,2014,TUL,SAS,away,6.5,-110,155.5,-110,76,80,4,156,1021400008,33,35,0,0,0,1,1,1,0,80,76,-4,68,2,away,away,35,-2
5/17/2014,400539469,2014,SEA,PHO,away,10,-110,152,-110,64,81,17,145,1021400009,46,30,0,0,0,0,0,0,0,81,64,-17,76,-16,home,away,30,16
5/18/2014,400539470,2014,CON,MIN,away,14.5,-110,151.5,-110,87,90,3,177,1021400010,38,51,1,1,1,1,1,1,1,90,87,-3,89,13,away,away,51,-13
5/18/2014,400539471,2014,PHO,LAS,away,5.5,-110,158.5,-110,74,69,-5,143,1021400011,30,29,1,1,0,0,0,0,0,69,74,5,59,-1,home,away,29,1
5/21/2014,400539472,2014,CON,CHI,away,5,-110,147.5,-110,68,78,10,146,1021400012,45,26,0,0,0,0,0,0,0,78,68,-10,71,-19,home,away,26,19
5/23/2014,400539473,2014,SEA,CON,away,2.5,-110,142.5,-110,59,71,12,130,1021400013,33,27,0,0,0,0,0,0,0,71,59,-12,60,-6,home,away,27,6
5/23/2014,400539474,2014,WAS,IND,away,3.5,-110,146.5,-110,79,63,-16,142,1021400014,30,40,1,1,1,1,1,1,1,63,79,16,70,10,away,away,40,-10
5/23/2014,400539475,2014,MIN,TUL,away,-6.5,-110,161.5,-110,94,93,-1,187,1021400015,48,60,1,1,1,1,1,1,1,93,94,1,108,12,away,away,60,-12
5/23/2014,400539476,2014,SAS,PHO,away,10,-110,154,-110,78,74,-4,152,1021400016,36,40,1,1,1,1,1,1,1,74,78,4,76,4,away,away,40,-4
5/24/2014,400539477,2014,SEA,WAS,away,5.5,-110,145.5,-110,73,65,-8,138,1021400017,26,24,1,0,1,0,0,1,1,65,73,8,50,-2,home,away,24,2
5/24/2014,400539479,2014,NYL,MIN,away,8,-110,155.5,-110,82,87,5,169,1021400019,39,36,0,0,0,0,0,0,0,87,82,-5,75,-3,home,away,36,3
5/24/2014,400539478,2014,ATL,CHI,away,2,-110,152.5,-110,73,87,14,160,1021400018,41,39,0,0,1,1,1,1,0,87,73,-14,80,-2,home,away,39,2
5/25/2014,400539480,2014,SAS,LAS,away,9,-110,154,-110,62,83,21,145,1021400020,41,38,0,0,0,0,0,0,0,83,62,-21,79,-3,home,away,38,3
5/25/2014,400539481,2014,IND,ATL,away,8,-110,150.5,-110,82,77,-5,159,1021400021,35,39,0,1,0,1,1,1,1,77,82,5,74,4,away,away,39,-4
8/16/2014,400544875,2014,TUL,MIN,away,8,-110,163,-110,63,80,17,143,1021400203,37,43,1,1,1,1,1,1,1,80,63,-17,80,6,away,away,43,-6
8/16/2014,400539659,2014,LAS,PHO,away,8.5,-110,157,-110,69,76,7,145,1021400199,52,32,0,0,0,0,0,0,0,76,69,-7,84,-20,home,away,32,20
8/17/2014,400539662,2014,IND,NYL,away,4.5,-110,143.5,-110,61,73,12,134,1021400202,36,32,0,0,0,0,0,0,0,73,61,-12,68,-4,home,away,32,4
8/17/2014,400539660,2014,ATL,CON,away,-3.5,-110,157,-110,55,84,29,139,1021400200,46,36,0,0,0,0,0,0,0,84,55,-29,82,-10,home,away,36,10
8/17/2014,400539661,2014,SAS,CHI,away,7.5,-110,153,-110,84,72,-12,156,1021400201,35,51,0,0,0,1,1,1,1,72,84,12,86,16,away,away,51,-16
8/17/2014,400539664,2014,PHO,SEA,away,-5,-110,149,-110,78,65,-13,143,1021400204,29,40,1,1,1,1,1,1,1,65,78,13,69,11,away,away,40,-11
5/26/2014,400539482,2014,MIN,CHI,away,1,-110,160,-110,75,72,-3,147,1021400022,39,42,0,0,0,0,0,1,1,72,75,3,81,3,away,away,42,-3
5/27/2014,400539483,2014,SEA,NYL,away,6,-110,142,-110,64,70,6,134,1021400023,32,35,0,0,0,0,0,1,1,70,64,-6,67,3,away,away,35,-3
5/28/2014,400539484,2014,TUL,SAS,away,5,-110,158,-110,79,82,3,161,1021400024,42,46,1,1,1,1,1,1,1,82,79,-3,88,4,away,away,46,-4
5/29/2014,400539485,2014,CON,IND,away,4.5,-110,139.5,-110,65,79,14,144,1021400025,30,25,1,1,1,0,0,0,0,79,65,-14,55,-5,home,away,25,5
5/30/2014,400539486,2014,NYL,WAS,away,4,-110,150,-110,60,68,8,128,1021400026,38,30,0,0,0,0,0,0,0,68,60,-8,68,-8,home,away,30,8
5/30/2014,400539487,2014,SEA,ATL,away,8,-110,147.5,-110,69,80,11,149,1021400027,35,36,0,0,0,1,0,1,1,80,69,-11,71,1,away,away,36,-1
5/30/2014,400539488,2014,SAS,MIN,away,8,-110,157,-110,72,88,16,160,1021400028,36,39,1,0,0,0,1,1,0,88,72,-16,75,3,away,away,39,-3
5/30/2014,400539489,2014,CON,CHI,away,8,-110,146,-110,82,101,19,183,1021400029,51,41,0,1,1,0,0,0,0,101,82,-19,92,-10,home,away,41,10
5/30/2014,400539490,2014,TUL,PHO,away,9,-110,160,-110,78,100,22,178,1021400030,47,36,0,0,0,0,0,0,0,100,78,-22,83,-11,home,away,36,11
5/31/2014,400539491,2014,NYL,IND,away,3,-110,142,-110,66,70,4,136,1021400031,39,36,0,0,1,0,0,0,0,70,66,-4,75,-3,home,away,36,3
6/1/2014,400539493,2014,LAS,WAS,away,-5,-110,149,-110,84,92,8,176,1021400033,33,28,1,0,0,0,0,0,0,92,84,-8,61,-5,home,away,28,5
6/1/2014,400539492,2014,ATL,CON,away,-4,-110,152.5,-110,76,85,9,161,1021400032,45,34,0,0,0,0,0,0,0,85,76,-9,79,-11,home,away,34,11
6/1/2014,400539494,2014,MIN,SAS,away,-3.5,-110,156.5,-110,87,79,-8,166,1021400034,45,52,0,0,0,0,0,0,0,79,87,8,97,7,away,away,52,-7
6/1/2014,400539495,2014,TUL,SEA,away,3.5,-110,149,-110,60,62,2,122,1021400035,37,36,0,0,0,0,0,0,0,62,60,-2,73,-1,home,away,36,1
6/3/2014,400539496,2014,LAS,ATL,away,-3,-110,153.5,-110,85,93,8,178,1021400036,46,43,1,1,1,1,0,0,0,93,85,-8,89,-3,home,away,43,3
6/3/2014,400539497,2014,SEA,PHO,away,11,-110,146,-110,72,87,15,159,1021400037,43,34,0,0,1,1,0,0,0,87,72,-15,77,-9,home,away,34,9
6/5/2014,400539499,2014,SAS,NYL,away,3,-110,147,-110,87,75,-12,162,1021400039,46,47,0,1,1,0,0,0,0,75,87,12,93,1,away,away,47,-1
6/5/2014,400539498,2014,WAS,CON,away,-1.5,-110,149,-110,74,66,-8,140,1021400038,30,38,0,1,1,1,1,1,1,66,74,8,68,8,away,away,38,-8
6/6/2014,400539500,2014,IND,WAS,away,4.5,-110,141,-110,64,61,-3,125,1021400040,35,26,0,0,0,0,0,0,0,61,64,3,61,-9,home,away,26,9
6/6/2014,400539501,2014,PHO,TUL,away,-5.5,-110,162.5,-110,78,94,16,172,1021400041,50,33,1,1,1,1,1,1,1,94,78,-16,83,-17,home,away,33,17
6/6/2014,400539502,2014,LAS,CHI,away,3.5,-110,154,-110,102,88,-14,190,1021400042,44,61,1,1,1,1,1,1,1,88,102,14,105,17,away,away,61,-17
6/7/2014,400539505,2014,IND,CON,away,4,-110,143,-110,71,88,17,159,1021400045,45,35,0,0,0,0,0,0,0,88,71,-17,80,-10,home,away,35,10
6/7/2014,400539504,2014,CHI,ATL,away,6,-110,160,-110,59,97,38,156,1021400044,56,31,0,0,0,0,0,0,0,97,59,-38,87,-25,home,away,31,25
6/6/2014,400539503,2014,MIN,SEA,away,-6,-110,148.5,-110,62,65,3,127,1021400043,32,40,0,0,1,1,1,1,1,65,62,-3,72,8,away,away,40,-8
6/7/2014,400539506,2014,PHO,SAS,away,-2.5,-110,159,-110,91,79,-12,170,1021400046,33,35,1,0,0,0,1,1,1,79,91,12,68,2,away,away,35,-2
6/8/2014,400539507,2014,WAS,NYL,away,4.5,-110,143.5,-110,64,81,17,145,1021400047,54,32,0,0,0,0,0,0,0,81,64,-17,86,-22,home,away,32,22
6/8/2014,400539508,2014,MIN,LAS,away,3.5,-110,164,-110,85,72,-13,157,1021400048,37,42,1,1,1,1,1,1,1,72,85,13,79,5,away,away,42,-5
6/10/2014,400539509,2014,NYL,TUL,away,4,-110,153.5,-110,57,72,15,129,1021400049,42,29,0,0,0,0,0,0,0,72,57,-15,71,-13,home,away,29,13
6/10/2014,400539510,2014,PHO,WAS,away,-4,-110,151,-110,81,66,-15,147,1021400050,37,37,1,1,1,1,0,1,1,66,81,15,74,0,tie,away,37,-0
6/10/2014,400539511,2014,SEA,CHI,away,2,-110,143,-110,80,76,-4,156,1021400051,30,42,1,1,1,1,1,1,1,76,80,4,72,12,away,away,42,-12
6/11/2014,400539512,2014,SEA,IND,away,6.5,-110,138,-110,68,76,8,144,1021400052,30,36,0,0,1,1,1,1,1,76,68,-8,66,6,away,away,36,-6
6/12/2014,400539513,2014,PHO,CON,away,-6.5,-110,155.5,-110,95,96,1,191,1021400053,46,42,0,1,1,0,0,1,1,96,95,-1,88,-4,home,away,42,4
6/13/2014,400539514,2014,CHI,WAS,away,7,-110,148,-110,68,79,11,147,1021400054,38,34,0,0,0,0,0,0,0,79,68,-11,72,-4,home,away,34,4
6/13/2014,400539516,2014,CON,NYL,away,6,-110,152,-110,83,75,-8,158,1021400056,26,46,1,1,1,1,1,1,1,75,83,8,72,20,away,away,46,-20
6/13/2014,400539515,2014,MIN,ATL,away,1.5,-110,163,-110,82,85,3,167,1021400055,50,33,1,0,0,0,0,0,0,85,82,-3,83,-17,home,away,33,17
6/13/2014,400539517,2014,SEA,SAS,away,6,-110,145,-110,79,72,-7,151,1021400057,28,43,1,1,1,1,1,1,1,72,79,7,71,15,away,away,43,-15
6/13/2014,400539518,2014,LAS,TUL,away,-4,-110,156.5,-110,67,69,2,136,1021400058,43,39,1,0,1,0,1,0,0,69,67,-2,82,-4,home,away,39,4
6/14/2014,400539519,2014,LAS,SAS,away,-2.5,-110,155,-110,74,101,27,175,1021400059,49,44,0,1,1,1,0,1,1,101,74,-27,93,-5,home,away,44,5
6/15/2014,400539521,2014,NYL,CON,away,-1,-110,149.5,-110,72,76,4,148,1021400061,38,37,0,0,1,1,1,0,0,76,72,-4,75,-1,home,away,37,1
6/15/2014,400539520,2014,PHO,MIN,away,5.5,-110,165,-110,80,72,-8,152,1021400060,31,50,1,1,1,1,1,1,1,72,80,8,81,19,away,away,50,-19
6/15/2014,400539522,2014,ATL,WAS,away,-3.5,-110,154.5,-110,75,67,-8,142,1021400062,32,40,0,1,1,1,1,1,1,67,75,8,72,8,away,away,40,-8
6/15/2014,400539523,2014,SEA,TUL,away,6.5,-110,145.5,-110,79,85,6,164,1021400063,41,39,1,1,1,1,1,1,0,85,79,-6,80,-2,home,away,39,2
6/17/2014,400539524,2014,IND,CON,away,3.5,-110,147.5,-110,67,89,22,156,1021400064,33,29,1,1,1,0,0,0,0,89,67,-22,62,-4,home,away,29,4
6/17/2014,400539525,2014,MIN,LAS,away,-1.5,-110,158,-110,94,77,-17,171,1021400065,42,53,1,1,1,1,1,1,1,77,94,17,95,11,away,away,53,-11
6/18/2014,400539526,2014,WAS,ATL,away,7.5,-110,154.5,-110,73,83,10,156,1021400066,34,39,0,1,1,1,1,1,1,83,73,-10,73,5,away,away,39,-5
6/18/2014,400539527,2014,NYL,CHI,away,1.5,-110,148.5,-110,100,105,5,205,1021400067,35,38,0,1,0,0,0,1,1,105,100,-5,73,3,away,away,38,-3
6/18/2014,400539528,2014,MIN,PHO,away,4.5,-110,163,-110,79,92,13,171,1021400068,52,42,0,0,0,0,0,0,0,92,79,-13,94,-10,home,away,42,10
6/19/2014,400539529,2014,SAS,SEA,away,3,-110,148.5,-110,87,82,-5,169,1021400069,27,35,1,1,1,1,1,1,1,82,87,5,62,8,away,away,35,-8
6/19/2014,400539530,2014,TUL,LAS,away,6.5,-110,157,-110,77,87,10,164,1021400070,46,36,0,0,0,0,0,0,0,87,77,-10,82,-10,home,away,36,10
6/20/2014,400539531,2014,NYL,ATL,away,9,-110,155.5,-110,64,85,21,149,1021400071,49,35,0,0,0,0,0,0,0,85,64,-21,84,-14,home,away,35,14
6/20/2014,400539532,2014,WAS,MIN,away,8.5,-110,154,-110,65,75,10,140,1021400072,43,34,1,0,0,0,0,0,0,75,65,-10,77,-9,home,away,34,9
6/20/2014,400539533,2014,IND,CHI,away,3.5,-110,151,-110,83,75,-8,158,1021400073,38,40,1,1,1,1,1,1,1,75,83,8,78,2,away,away,40,-2
6/20/2014,400539534,2014,TUL,PHO,away,11.5,-110,163,-110,80,91,11,171,1021400074,45,38,1,0,0,0,0,0,0,91,80,-11,83,-7,home,away,38,7
6/22/2014,400539535,2014,TUL,CHI,away,2.5,-110,160,-110,105,99,-6,204,1021400075,48,38,1,1,1,1,0,0,0,99,105,6,86,-10,home,away,38,10
6/22/2014,400539536,2014,ATL,NYL,away,-4.5,-110,153,-110,78,85,7,163,1021400076,38,40,1,1,1,1,1,1,1,85,78,-7,78,2,away,away,40,-2
6/22/2014,400539537,2014,SAS,LAS,away,6.5,-110,159,-110,72,69,-3,141,1021400077,38,40,1,0,0,1,1,1,1,69,72,3,78,2,away,away,40,-2
6/22/2014,400539538,2014,IND,MIN,away,10,-110,152.5,-110,77,83,6,160,1021400078,35,41,0,0,0,0,0,0,1,83,77,-6,76,6,away,away,41,-6
6/22/2014,400539539,2014,WAS,SEA,away,3.5,-110,140,-110,86,89,3,175,1021400079,45,41,1,0,0,0,0,1,0,89,86,-3,86,-4,home,away,41,4
6/24/2014,400539540,2014,WAS,SAS,away,6,-110,152.5,-110,81,70,-11,151,1021400080,33,36,1,1,1,1,1,1,0,70,81,11,69,3,away,away,36,-3
6/24/2014,400539541,2014,SEA,LAS,away,7,-110,148.5,-110,57,65,8,122,1021400081,32,26,0,0,0,0,0,0,0,65,57,-8,58,-6,home,away,26,6
6/25/2014,400539542,2014,CHI,CON,away,1.5,-110,162,-110,69,79,10,148,1021400082,39,45,1,1,1,1,1,1,1,79,69,-10,84,6,away,away,45,-6
6/25/2014,400539543,2014,TUL,IND,away,4.5,-110,152,-110,107,102,-5,209,1021400083,51,36,1,0,0,0,0,0,0,102,107,5,87,-15,home,away,36,15
6/26/2014,400539544,2014,ATL,SAS,away,-3,-110,163,-110,81,79,-2,160,1021400084,42,45,1,1,1,1,1,0,1,79,81,2,87,3,away,away,45,-3
6/27/2014,400539546,2014,CON,WAS,away,3.5,-110,149.5,-110,63,69,6,132,1021400086,31,33,0,0,0,1,0,1,0,69,63,-6,64,2,away,away,33,-2
6/27/2014,400539545,2014,PHO,IND,away,-5.5,-110,158.5,-110,81,76,-5,157,1021400085,42,33,0,0,0,0,0,0,0,76,81,5,75,-9,home,away,33,9
6/27/2014,400539547,2014,CHI,NYL,away,-2,-110,155.5,-110,73,69,-4,142,1021400087,37,50,1,1,1,1,1,1,1,69,73,4,87,13,away,away,50,-13
6/27/2014,400539548,2014,MIN,SEA,away,-6.5,-110,148.5,-110,71,81,10,152,1021400088,33,26,0,0,0,0,0,0,0,81,71,-10,59,-7,home,away,26,7
6/28/2014,400539549,2014,LAS,TUL,away,-1,-110,159.5,-110,92,89,-3,181,1021400089,32,47,1,1,1,1,1,1,1,89,92,3,79,15,away,away,47,-15
6/29/2014,400539550,2014,CON,NYL,away,3,-110,150,-110,65,67,2,132,1021400090,34,31,1,1,1,1,0,0,0,67,65,-2,65,-3,home,away,31,3
6/29/2014,400539551,2014,SAS,WAS,away,2.5,-110,149,-110,73,65,-8,138,1021400091,32,40,1,1,1,1,1,1,1,65,73,8,72,8,away,away,40,-8
6/29/2014,400539552,2014,PHO,TUL,away,-4.5,-110,165,-110,80,77,-3,157,1021400092,37,31,0,0,0,0,0,0,0,77,80,3,68,-6,home,away,31,6
6/29/2014,400539553,2014,ATL,IND,away,-3,-110,156.5,-110,76,68,-8,144,1021400093,37,40,0,0,0,1,1,1,1,68,76,8,77,3,away,away,40,-3
6/29/2014,400539554,2014,SEA,MIN,away,9,-110,148,-110,69,74,5,143,1021400094,42,32,0,0,0,0,0,0,0,74,69,-5,74,-10,home,away,32,10
7/1/2014,400539556,2014,TUL,NYL,away,2.5,-110,156.5,-110,74,90,16,164,1021400096,46,35,0,0,0,0,0,0,0,90,74,-16,81,-11,home,away,35,11
7/1/2014,400539555,2014,SAS,CON,away,4,-110,153.5,-110,74,71,-3,145,1021400095,30,27,0,0,0,0,0,0,1,71,74,3,57,-3,home,away,27,3
7/1/2014,400539557,2014,IND,ATL,away,7.5,-110,154.5,-110,77,70,-7,147,1021400097,34,40,0,0,0,1,1,1,1,70,77,7,74,6,away,away,40,-6
7/1/2014,400539558,2014,CHI,LAS,away,6.5,-110,157.5,-110,90,83,-7,173,1021400098,44,41,1,1,0,0,0,0,0,83,90,7,85,-3,home,away,41,3
7/2/2014,400539559,2014,IND,WAS,away,4,-110,144,-110,80,77,-3,157,1021400099,29,42,0,0,1,1,1,1,1,77,80,3,71,13,away,away,42,-13
7/2/2014,400539560,2014,CHI,PHO,away,9.5,-110,162,-110,69,87,18,156,1021400100,44,38,0,0,0,0,0,0,0,87,69,-18,82,-6,home,away,38,6
7/3/2014,400539561,2014,TUL,CON,away,4,-110,160.5,-110,96,83,-13,179,1021400101,40,43,1,1,1,1,1,1,1,83,96,13,83,3,away,away,43,-3
7/3/2014,400539562,2014,SAS,MIN,away,8,-110,156.5,-110,84,91,7,175,1021400102,41,35,0,0,0,0,1,1,0,91,84,-7,76,-6,home,away,35,6
7/3/2014,400539563,2014,LAS,SEA,away,-2,-110,148.5,-110,70,56,-14,126,1021400103,22,40,1,1,1,1,1,1,1,56,70,14,62,18,away,away,40,-18
7/5/2014,400539564,2014,SAS,IND,away,4,-110,150.5,-110,71,70,-1,141,1021400104,34,38,0,0,0,0,0,1,0,70,71,1,72,4,away,away,38,-4
7/5/2014,400539565,2014,WAS,ATL,away,9,-110,155,-110,73,86,13,159,1021400105,40,40,0,0,0,0,0,1,0,86,73,-13,80,0,tie,away,40,-0
7/5/2014,400539567,2014,CHI,SEA,away,2.5,-110,147,-110,73,80,7,153,1021400107,45,45,0,0,0,0,1,1,1,80,73,-7,90,0,tie,away,45,-0
7/5/2014,400539566,2014,CON,TUL,away,3.5,-110,164,-110,78,76,-2,154,1021400106,35,37,1,1,1,1,1,0,1,76,78,2,72,2,away,away,37,-2
7/6/2014,400539568,2014,MIN,NYL,away,-4,-110,153.5,-110,80,87,7,167,1021400108,48,48,0,1,1,1,1,1,0,87,80,-7,96,0,tie,away,48,-0
7/6/2014,400539569,2014,PHO,LAS,away,-2,-110,161,-110,94,89,-5,183,1021400109,47,45,1,1,1,1,1,0,0,89,94,5,92,-2,home,away,45,2
7/8/2014,400539570,2014,CON,ATL,away,9,-110,160,-110,71,83,12,154,1021400110,39,31,0,0,0,0,0,0,0,83,71,-12,70,-8,home,away,31,8
7/8/2014,400539571,2014,IND,TUL,away,1,-110,155,-110,78,76,-2,154,1021400111,34,41,1,0,0,1,1,1,1,76,78,2,75,7,away,away,41,-7
7/8/2014,400539572,2014,LAS,MIN,away,4,-110,163,-110,72,83,11,155,1021400112,48,42,1,1,1,1,0,0,0,83,72,-11,90,-6,home,away,42,6
7/9/2014,400539573,2014,WAS,CHI,away,3.5,-110,155,-110,72,65,-7,137,1021400113,37,41,1,1,1,1,1,1,1,65,72,7,78,4,away,away,41,-4
7/9/2014,400539574,2014,SEA,PHO,away,9.5,-110,152.5,-110,58,78,20,136,1021400114,37,20,1,1,0,0,0,0,0,78,58,-20,57,-17,home,away,20,17
7/9/2014,400539575,2014,NYL,SAS,away,4,-110,153,-110,66,80,14,146,1021400115,42,29,0,0,0,0,0,0,0,80,66,-14,71,-13,home,away,29,13
7/10/2014,400539576,2014,CON,IND,away,5.5,-110,150,-110,68,72,4,140,1021400116,21,30,1,1,1,1,1,1,1,72,68,-4,51,9,away,away,30,-9
7/10/2014,400539577,2014,MIN,TUL,away,-3,-110,165,-110,91,85,-6,176,1021400117,49,55,1,1,1,1,1,1,1,85,91,6,104,6,away,away,55,-6
7/11/2014,400539578,2014,LAS,NYL,away,-4,-110,155.5,-110,68,54,-14,122,1021400118,33,42,0,0,0,0,1,1,1,54,68,14,75,9,away,away,42,-9
7/11/2014,400539579,2014,SEA,SAS,away,5,-110,146.5,-110,88,67,-21,155,1021400119,35,47,0,0,1,1,1,1,1,67,88,21,82,12,away,away,47,-12
7/11/2014,400539580,2014,PHO,CHI,away,-5.5,-110,162.5,-110,72,66,-6,138,1021400120,30,29,0,0,0,0,0,0,0,66,72,6,59,-1,home,away,29,1
7/12/2014,400539581,2014,ATL,IND,away,-1.5,-110,154,-110,93,74,-19,167,1021400121,34,55,0,0,1,1,1,1,1,74,93,19,89,21,away,away,55,-21
7/13/2014,400539583,2014,LAS,CON,away,-4,-110,155,-110,90,64,-26,154,1021400123,38,44,1,1,1,1,1,1,1,64,90,26,82,6,away,away,44,-6
7/13/2014,400539584,2014,SEA,MIN,away,8,-110,148.5,-110,60,77,17,137,1021400124,34,28,1,0,0,0,0,0,0,77,60,-17,62,-6,home,away,28,6
7/13/2014,400539585,2014,SAS,PHO,away,8.5,-110,159,-110,61,90,29,151,1021400125,52,32,0,0,0,0,0,0,0,90,61,-29,84,-20,home,away,32,20
7/12/2014,400539582,2014,WAS,TUL,away,3.5,-110,156,-110,91,74,-17,165,1021400122,42,55,0,0,1,1,1,1,1,74,91,17,97,13,away,away,55,-13
7/13/2014,400539586,2014,CHI,ATL,away,7,-110,159.5,-110,79,81,2,160,1021400126,42,46,0,1,1,1,1,1,1,81,79,-2,88,4,away,away,46,-4
7/15/2014,400539587,2014,CON,SEA,away,3.5,-110,142,-110,86,63,-23,149,1021400127,30,39,1,0,1,1,1,1,1,63,86,23,69,9,away,away,39,-9
7/15/2014,400539588,2014,LAS,IND,away,-2.5,-110,150.5,-110,86,78,-8,164,1021400128,46,36,0,0,0,0,0,0,0,78,86,8,82,-10,home,away,36,10
7/15/2014,400539589,2014,WAS,PHO,away,10.5,-110,157.5,-110,78,90,12,168,1021400129,48,33,0,0,0,0,0,0,0,90,78,-12,81,-15,home,away,33,15
7/16/2014,400539590,2014,ATL,NYL,away,-5.5,-110,154.5,-110,75,77,2,152,1021400130,45,40,1,0,0,0,0,0,0,77,75,-2,85,-5,home,away,40,5
7/16/2014,400539591,2014,TUL,MIN,away,8.5,-110,167,-110,82,93,11,175,1021400131,40,39,0,0,0,0,0,0,0,93,82,-11,79,-1,home,away,39,1
7/17/2014,400539592,2014,SAS,TUL,away,1.5,-110,160.5,-110,90,95,5,185,1021400132,38,45,0,0,0,1,1,1,1,95,90,-5,83,7,away,away,45,-7
7/17/2014,400539593,2014,CHI,IND,away,5,-110,151,-110,64,82,18,146,1021400133,45,31,0,0,1,0,0,0,0,82,64,-18,76,-14,home,away,31,14
7/17/2014,400539594,2014,CON,PHO,away,11.5,-110,161,-110,85,101,16,186,1021400134,51,39,0,0,0,0,0,0,0,101,85,-16,90,-12,home,away,39,12
7/17/2014,400539595,2014,WAS,LAS,away,7.5,-110,155,-110,79,75,-4,154,1021400135,34,34,0,0,0,0,1,1,1,75,79,4,68,0,tie,away,34,-0
7/22/2014,400539597,2014,TUL,SAS,away,4,-110,163,-110,93,95,2,188,1021400137,37,34,1,1,1,1,1,0,0,95,93,-2,71,-3,home,away,34,3
7/22/2014,400539599,2014,ATL,MIN,away,5,-110,163.5,-110,108,112,4,220,1021400139,52,48,0,0,0,0,0,0,0,112,108,-4,100,-4,home,away,48,4
7/22/2014,400539596,2014,IND,CHI,away,-3.5,-110,150,-110,57,60,3,117,1021400136,29,20,1,0,0,0,0,0,0,60,57,-3,49,-9,home,away,20,9
7/22/2014,400539598,2014,PHO,SEA,away,-6.5,-110,152,-110,89,71,-18,160,1021400138,36,47,1,1,1,1,1,1,1,71,89,18,83,11,away,away,47,-11
7/23/2014,400539600,2014,CON,WAS,away,4,-110,148.5,-110,75,89,14,164,1021400140,38,38,0,0,0,0,1,0,0,89,75,-14,76,0,tie,away,38,-0
7/23/2014,400539601,2014,NYL,LAS,away,7.5,-110,153,-110,66,64,-2,130,1021400141,37,34,0,1,1,1,0,0,0,64,66,2,71,-3,home,away,34,3
7/24/2014,400539602,2014,NYL,SEA,away,4.5,-110,143,-110,84,80,-4,164,1021400142,45,41,0,0,0,1,1,1,1,80,84,4,86,-4,home,away,41,4
7/24/2014,400539603,2014,PHO,LAS,away,-5,-110,165,-110,93,73,-20,166,1021400143,36,61,1,1,1,1,1,1,1,73,93,20,97,25,away,away,61,-25
7/25/2014,400539604,2014,TUL,WAS,away,5,-110,161.5,-110,77,82,5,159,1021400144,49,37,0,0,0,0,0,0,0,82,77,-5,86,-12,home,away,37,12
7/25/2014,400539605,2014,CHI,ATL,away,9,-110,159.5,-110,79,75,-4,154,1021400145,29,43,1,1,1,1,1,1,1,75,79,4,72,14,away,away,43,-14
7/26/2014,400539609,2014,LAS,SEA,away,-5,-110,149,-110,77,69,-8,146,1021400149,34,37,0,1,1,1,1,1,1,69,77,8,71,3,away,away,37,-3
7/26/2014,400539607,2014,IND,SAS,away,1.5,-110,149.5,-110,75,68,-7,143,1021400147,38,41,0,0,0,0,0,1,1,68,75,7,79,3,away,away,41,-3
7/25/2014,400539606,2014,SAS,MIN,away,8.5,-110,162,-110,78,88,10,166,1021400146,42,36,1,1,0,0,0,0,0,88,78,-10,78,-6,home,away,36,6
7/26/2014,400539608,2014,NYL,PHO,away,12,-110,159,-110,63,78,15,141,1021400148,47,30,0,0,0,0,0,0,0,78,63,-15,77,-17,home,away,30,17
7/27/2014,400539611,2014,ATL,WAS,away,-3,-110,157,-110,67,77,10,144,1021400151,39,38,1,0,0,0,0,0,1,77,67,-10,77,-1,home,away,38,1
7/27/2014,400539610,2014,MIN,CON,away,-5.5,-110,161.5,-110,76,65,-11,141,1021400150,28,39,1,0,1,1,1,1,1,65,76,11,67,11,away,away,39,-11
7/27/2014,400539612,2014,CHI,TUL,away,2,-110,162.5,-110,69,79,10,148,1021400152,33,41,0,1,1,1,1,1,1,79,69,-10,74,8,away,away,41,-8
7/28/2014,400539613,2014,IND,LAS,away,4.5,-110,149,-110,73,77,4,150,1021400153,35,31,1,1,1,1,0,0,0,77,73,-4,66,-4,home,away,31,4
7/29/2014,400539614,2014,CON,ATL,away,9,-110,156.5,-110,80,89,9,169,1021400154,44,41,0,1,1,0,0,0,0,89,80,-9,85,-3,home,away,41,3
7/29/2014,400539615,2014,WAS,NYL,away,3,-110,147.5,-110,76,80,4,156,1021400155,43,28,0,0,0,0,0,0,0,80,76,-4,71,-15,home,away,28,15
7/29/2014,400539616,2014,CHI,SAS,away,4,-110,152.5,-110,74,92,18,166,1021400156,48,37,1,0,1,0,0,0,0,92,74,-18,85,-11,home,away,37,11
7/29/2014,400539617,2014,SEA,TUL,away,5,-110,152.5,-110,74,80,6,154,1021400157,35,36,1,1,0,1,1,1,0,80,74,-6,71,1,away,away,36,-1
7/29/2014,400539618,2014,LAS,PHO,away,12,-110,163,-110,69,90,21,159,1021400158,42,39,0,1,1,1,0,0,0,90,69,-21,81,-3,home,away,39,3
7/31/2014,400539621,2014,ATL,TUL,away,-3,-110,165.5,-110,85,75,-10,160,1021400161,39,43,0,1,1,1,0,0,1,75,85,10,82,4,away,away,43,-4
7/31/2014,400539620,2014,PHO,MIN,away,2,-110,167,-110,67,75,8,142,1021400160,39,36,0,0,0,0,0,0,0,75,67,-8,75,-3,home,away,36,3
7/31/2014,400539619,2014,NYL,CHI,away,3.5,-110,149.5,-110,74,87,13,161,1021400159,39,36,0,0,1,1,0,0,0,87,74,-13,75,-3,home,away,36,3
7/31/2014,400539622,2014,IND,SEA,away,-2.5,-110,142,-110,76,67,-9,143,1021400162,31,28,1,1,0,0,0,0,0,67,76,9,59,-3,home,away,28,3
8/1/2014,400539623,2014,CON,SAS,away,5,-110,156,-110,89,79,-10,168,1021400163,30,43,0,1,1,1,1,1,1,79,89,10,73,13,away,away,43,-13
8/2/2014,400539624,2014,MIN,TUL,away,-7,-110,166.5,-110,84,75,-9,159,1021400164,32,33,1,1,1,1,1,1,1,75,84,9,65,1,away,away,33,-1
8/2/2014,400539625,2014,IND,PHO,away,11,-110,154.5,-110,69,79,10,148,1021400165,47,42,0,0,0,0,0,0,0,79,69,-10,89,-5,home,away,42,5
8/3/2014,400539626,2014,NYL,ATL,away,8,-110,157,-110,83,76,-7,159,1021400166,35,34,0,1,0,0,1,0,0,76,83,7,69,-1,home,away,34,1
8/3/2014,400539627,2014,CON,LAS,away,8,-110,156,-110,69,70,1,139,1021400167,27,28,1,0,0,0,1,1,0,70,69,-1,55,1,away,away,28,-1
8/3/2014,400539628,2014,WAS,CHI,away,4.5,-110,153,-110,65,76,11,141,1021400168,43,31,0,0,0,0,0,0,0,76,65,-11,74,-12,home,away,31,12
8/3/2014,400539629,2014,SAS,SEA,away,-1,-110,149,-110,65,71,6,136,1021400169,36,21,0,0,0,0,0,0,0,71,65,-6,57,-15,home,away,21,15
8/5/2014,400539632,2014,NYL,WAS,away,3.5,-110,146.5,-110,46,79,33,125,1021400172,37,22,0,0,0,0,0,0,0,79,46,-33,59,-15,home,away,22,15
8/5/2014,400539630,2014,CHI,CON,away,-4,-110,154.5,-110,82,66,-16,148,1021400170,41,36,0,0,1,1,1,0,0,66,82,16,77,-5,home,away,36,5
8/5/2014,400539631,2014,MIN,IND,away,-4.5,-110,153,-110,66,64,-2,130,1021400171,44,38,0,0,0,0,0,0,0,64,66,2,82,-6,home,away,38,6
8/5/2014,400539633,2014,ATL,PHO,away,10,-110,165.5,-110,67,75,8,142,1021400173,41,29,0,0,0,0,0,0,0,75,67,-8,70,-12,home,away,29,12
8/5/2014,400539634,2014,TUL,LAS,away,6.5,-110,161.5,-110,96,90,-6,186,1021400174,44,50,1,1,1,1,1,1,1,90,96,6,94,6,away,away,50,-6
8/7/2014,400539636,2014,PHO,SAS,away,-8.5,-110,160,-110,78,73,-5,151,1021400176,29,34,1,1,1,1,1,1,1,73,78,5,63,5,away,away,34,-5
8/7/2014,400539635,2014,CHI,MIN,away,8.5,-110,159.5,-110,64,74,10,138,1021400175,30,24,0,0,0,0,0,0,0,74,64,-10,54,-6,home,away,24,6
8/7/2014,400539637,2014,ATL,SEA,away,-5.5,-110,151.5,-110,68,88,20,156,1021400177,53,30,0,0,0,0,0,0,0,88,68,-20,83,-23,home,away,30,23
8/8/2014,400539638,2014,WAS,IND,away,5,-110,143,-110,74,61,-13,135,1021400178,29,37,1,1,0,0,1,1,1,61,74,13,66,8,away,away,37,-8
8/8/2014,400539639,2014,CON,NYL,away,4.5,-110,149,-110,66,71,5,137,1021400179,33,25,0,0,0,0,0,0,0,71,66,-5,58,-8,home,away,25,8
8/8/2014,400539640,2014,SAS,TUL,away,4,-110,163,-110,62,79,17,141,1021400180,36,37,1,0,0,0,0,0,0,79,62,-17,73,1,away,away,37,-1
8/8/2014,400539641,2014,ATL,LAS,away,3.5,-110,158.5,-110,77,80,3,157,1021400181,37,31,0,0,0,0,0,0,0,80,77,-3,68,-6,home,away,31,6
8/9/2014,400539642,2014,MIN,PHO,away,5,-110,159,-110,80,82,2,162,1021400182,43,42,1,1,1,1,1,1,1,82,80,-2,85,-1,home,away,42,1
8/10/2014,400539644,2014,IND,NYL,away,1,-110,141.5,-110,90,76,-14,166,1021400184,32,51,1,1,1,1,1,1,1,76,90,14,83,19,away,away,51,-19
8/10/2014,400539643,2014,WAS,CON,away,-3,-110,146.5,-110,81,89,8,170,1021400183,31,32,1,1,0,0,1,1,1,89,81,-8,63,1,away,away,32,-1
8/10/2014,400539645,2014,LAS,SAS,away,-2.5,-110,155,-110,76,82,6,158,1021400185,37,31,1,0,1,0,0,0,0,82,76,-6,68,-6,home,away,31,6
8/10/2014,400539646,2014,ATL,CHI,away,6.5,-110,156,-110,69,80,11,149,1021400186,32,36,0,1,1,0,1,1,1,80,69,-11,68,4,away,away,36,-4
8/10/2014,400539647,2014,TUL,SEA,away,3.5,-110,153,-110,68,74,6,142,1021400187,29,42,1,1,1,1,1,1,1,74,68,-6,71,13,away,away,42,-13
8/12/2014,400539648,2014,PHO,NYL,away,-6,-110,153,-110,76,64,-12,140,1021400188,30,43,1,1,1,1,1,1,1,64,76,12,73,13,away,away,43,-13
8/12/2014,400539649,2014,LAS,MIN,away,8,-110,159.5,-110,71,63,-8,134,1021400189,36,29,0,0,0,0,0,0,0,63,71,8,65,-7,home,away,29,7
8/13/2014,400539650,2014,CHI,WAS,away,-3,-110,147,-110,72,69,-3,141,1021400190,29,31,1,1,1,1,1,1,1,69,72,3,60,2,away,away,31,-2
8/13/2014,400539651,2014,PHO,ATL,away,-1.5,-110,156,-110,82,96,14,178,1021400191,55,41,1,1,1,1,1,0,0,96,82,-14,96,-14,home,away,41,14
8/14/2014,400539652,2014,NYL,IND,away,6,-110,142,-110,63,76,13,139,1021400192,46,21,0,0,0,0,0,0,0,76,63,-13,67,-25,home,away,21,25
8/15/2014,400539653,2014,WAS,CON,away,-5.5,-110,145.5,-110,71,67,-4,138,1021400193,30,34,1,1,1,1,1,1,1,67,71,4,64,4,away,away,34,-4
8/15/2014,400539654,2014,TUL,ATL,away,5.5,-110,164,-110,76,92,16,168,1021400194,47,25,0,1,0,0,0,0,0,92,76,-16,72,-22,home,away,25,22
8/15/2014,400539655,2014,MIN,SAS,away,-1.5,-110,155,-110,76,92,16,168,1021400195,50,47,1,1,1,1,0,0,0,92,76,-16,97,-3,home,away,47,3
8/15/2014,400539656,2014,SEA,LAS,away,6.5,-110,147,-110,65,77,12,142,1021400196,48,32,0,0,0,0,0,0,0,77,65,-12,80,-16,home,away,32,16
8/16/2014,400539658,2014,NYL,WAS,away,6,-110,144.5,-110,73,61,-12,134,1021400198,29,45,1,1,1,1,1,1,1,61,73,12,74,16,away,away,45,-16
8/16/2014,400539657,2014,CHI,IND,away,3,-110,146,-110,67,71,4,138,1021400197,44,31,0,0,0,0,0,0,0,71,67,-4,75,-13,home,away,31,13
8/21/2014,400578287,2014,SAS,MIN,away,10.5,-110,155.5,-110,84,88,4,172,1041400131,40,30,0,0,0,0,0,0,0,88,84,-4,70,-10,home,away,30,10
8/23/2014,400578288,2014,MIN,SAS,away,-5,-110,154.5,-110,94,89,-5,183,1041400132,44,40,0,0,0,0,0,0,0,89,94,5,84,-4,home,away,40,4
8/22/2014,400578290,2014,LAS,PHO,away,10.5,-110,156.5,-110,72,75,3,147,1041400121,35,34,1,0,0,0,0,0,0,75,72,-3,69,-1,home,away,34,1
8/22/2014,400580067,2014,CHI,ATL,away,3.5,-110,154,-110,80,77,-3,157,1041400101,37,36,0,0,0,0,0,0,1,77,80,3,73,-1,home,away,36,1
8/24/2014,400578291,2014,PHO,LAS,away,-5,-110,155.5,-110,93,68,-25,161,1041400122,33,52,1,1,1,1,1,1,1,68,93,25,85,19,away,away,52,-19
8/24/2014,400580068,2014,ATL,CHI,away,3,-110,156.5,-110,92,83,-9,175,1041400102,43,44,0,0,0,1,1,1,0,83,92,9,87,1,away,away,44,-1
8/21/2014,400580070,2014,WAS,IND,away,5,-110,140.5,-110,73,78,5,151,1041400111,30,36,0,0,0,0,1,1,1,78,73,-5,66,6,away,away,36,-6
8/23/2014,400580071,2014,IND,WAS,away,3,-110,143,-110,81,76,-5,157,1041400112,27,30,1,1,1,1,1,1,1,76,81,5,57,3,away,away,30,-3
8/26/2014,400580069,2014,CHI,ATL,away,4,-110,158,-110,81,80,-1,161,1041400103,54,41,0,0,0,0,0,0,0,80,81,1,95,-13,home,away,41,13
8/29/2014,400581627,2014,MIN,PHO,away,4.5,-110,160.5,-110,71,85,14,156,1041400211,42,31,0,0,0,0,0,0,0,85,71,-14,73,-11,home,away,31,11
8/31/2014,400581628,2014,PHO,MIN,away,3,-110,160.5,-110,77,82,5,159,1041400212,36,44,1,1,1,1,1,1,1,82,77,-5,80,8,away,away,44,-8
8/30/2014,400581821,2014,CHI,IND,away,4,-110,148,-110,70,77,7,147,1041400201,42,33,0,0,0,0,0,0,0,77,70,-7,75,-9,home,away,33,9
9/1/2014,400581822,2014,IND,CHI,away,3,-110,148,-110,84,86,2,170,1041400202,31,39,0,1,1,1,1,1,1,86,84,-2,70,8,away,away,39,-8
9/2/2014,400581629,2014,MIN,PHO,away,5,-110,161,-110,78,96,18,174,1041400213,50,42,0,0,0,0,0,0,0,96,78,-18,92,-8,home,away,42,8
9/3/2014,400581823,2014,CHI,IND,away,4.5,-110,146,-110,75,62,-13,137,1041400203,29,37,1,1,1,1,1,1,1,62,75,13,66,8,away,away,37,-8
9/9/2014,400582774,2014,CHI,PHO,away,12,-110,156.5,-110,68,97,29,165,1041400302,51,36,0,0,0,0,0,0,0,97,68,-29,87,-15,home,away,36,15
9/7/2014,400582773,2014,CHI,PHO,away,10,-110,156,-110,62,83,21,145,1041400301,42,20,0,0,0,0,0,0,0,83,62,-21,62,-22,home,away,20,22
9/12/2014,400582775,2014,PHO,CHI,away,-6,-110,158.5,-110,87,82,-5,169,1041400303,43,45,1,1,1,1,1,1,1,82,87,5,88,2,away,away,45,-2
6/5/2015,400610636,2015,CON,WAS,home,6,-110,144.75,-110,68,73,5,141,1021500001,40,44,0,1,1,1,1,0,0,68,73,5,84,4,away,home,40,4
6/5/2015,400610637,2015,NYL,ATL,home,6.5,-110,150,-110,82,73,-9,155,1021500002,51,38,0,1,1,1,1,1,1,82,73,-9,89,-13,home,home,51,-13
6/5/2015,400610638,2015,MIN,TUL,home,-10,-110,163,-110,83,75,-8,158,1021500003,45,44,0,0,0,0,0,0,0,83,75,-8,89,-1,home,home,45,-1
6/5/2015,400610639,2015,CHI,IND,home,-6.5,-110,151.5,-110,95,72,-23,167,1021500004,51,38,1,1,1,1,1,1,1,95,72,-23,89,-13,home,home,51,-13
6/5/2015,400610640,2015,PHO,SAS,home,-5,-110,152,-110,76,71,-5,147,1021500005,33,28,1,1,1,1,1,1,1,76,71,-5,61,-5,home,home,33,-5
6/9/2015,400610646,2015,NYL,IND,home,-3,-110,149,-110,86,79,-7,165,1021500011,38,41,1,0,0,0,0,0,0,86,79,-7,79,3,away,home,38,3
6/11/2015,400610648,2015,CON,CHI,home,5,-110,156.5,-110,67,65,-2,132,1021500013,39,38,1,1,1,1,1,1,1,67,65,-2,77,-1,home,home,39,-1
6/12/2015,400610652,2015,WAS,ATL,home,-6,-110,147,-110,61,64,3,125,1021500017,36,25,1,0,0,1,1,1,1,61,64,3,61,-11,home,home,36,-11
6/14/2015,400610654,2015,IND,CHI,home,3,-110,155.5,-110,72,98,26,170,1021500019,21,53,0,0,0,0,0,0,0,72,98,26,74,32,away,home,21,32
6/14/2015,400610655,2015,CON,ATL,home,2,-110,146,-110,82,64,-18,146,1021500020,39,36,0,0,0,1,1,1,1,82,64,-18,75,-3,home,home,39,-3
6/14/2015,400610659,2015,NYL,WAS,home,-4.5,-110,140.5,-110,59,74,15,133,1021500024,29,35,1,1,1,0,0,0,0,59,74,15,64,6,away,home,29,6
6/16/2015,400610660,2015,ATL,IND,home,-5,-110,151,-110,79,90,11,169,1021500025,35,49,1,0,1,0,0,0,0,79,90,11,84,14,away,home,35,14
6/19/2015,400610665,2015,NYL,IND,home,-3.5,-110,153.5,-110,63,80,17,143,1021500030,33,48,0,0,0,0,0,0,0,63,80,17,81,15,away,home,33,15
6/19/2015,400610666,2015,ATL,CHI,home,3.5,-110,158,-110,74,73,-1,147,1021500031,37,36,1,1,1,1,1,1,1,74,73,-1,73,-1,home,home,37,-1
6/20/2015,400610669,2015,IND,WAS,home,1,-110,148,-110,75,87,12,162,1021500034,42,44,0,0,0,0,0,0,0,75,87,12,86,2,away,home,42,2
6/21/2015,400610671,2015,ATL,NYL,home,-5,-110,149,-110,64,73,9,137,1021500036,28,40,0,0,0,0,0,0,0,64,73,9,68,12,away,home,28,12
6/24/2015,400610676,2015,CHI,ATL,home,-8.5,-110,159,-110,100,96,-4,196,1021500041,40,34,0,1,1,1,1,1,1,100,96,-4,74,-6,home,home,40,-6
6/26/2015,400610680,2015,IND,CHI,home,3,-110,164.5,-110,77,83,6,160,1021500045,52,43,0,0,1,1,1,1,1,77,83,6,95,-9,home,home,52,-9
6/26/2015,400610681,2015,ATL,WAS,home,3.5,-110,146,-110,72,69,-3,141,1021500046,31,36,0,0,0,0,0,0,0,72,69,-3,67,5,away,home,31,5
6/28/2015,400610686,2015,WAS,CHI,home,-1,-110,154.5,-110,86,71,-15,157,1021500051,43,34,1,1,1,1,1,1,1,86,71,-15,77,-9,home,home,43,-9
6/30/2015,400610688,2015,CON,IND,home,-4,-110,152.5,-110,84,92,8,176,1021500053,44,49,1,0,1,1,1,0,0,84,92,8,93,5,away,home,44,5
6/30/2015,400610689,2015,CHI,NYL,home,-5.5,-110,152.25,-110,81,89,8,170,1021500054,36,48,0,0,1,1,0,0,0,81,89,8,84,12,away,home,36,12
7/2/2015,400610692,2015,CON,CHI,home,4.5,-110,153.5,-110,74,77,3,151,1021500057,42,38,0,0,0,1,1,1,1,74,77,3,80,-4,home,home,42,-4
7/2/2015,400610693,2015,IND,WAS,home,3.5,-110,156,-110,73,50,-23,123,1021500058,38,34,0,0,0,0,1,1,1,73,50,-23,72,-4,home,home,38,-4
7/9/2015,400610703,2015,WAS,NYL,home,-3.5,-110,143.5,-110,76,79,3,155,1021500068,46,50,1,1,1,1,1,1,1,76,79,3,96,4,away,home,46,4
7/12/2015,400610708,2015,ATL,NYL,home,3,-110,145.5,-110,84,76,-8,160,1021500073,44,32,0,1,1,1,1,1,1,84,76,-8,76,-12,home,home,44,-12
7/12/2015,400610709,2015,CHI,CON,home,-8,-110,157,-110,96,76,-20,172,1021500074,49,41,1,0,1,1,1,1,1,96,76,-20,90,-8,home,home,49,-8
7/15/2015,400610715,2015,CHI,WAS,home,-5.5,-110,157,-110,85,57,-28,142,1021500080,51,32,1,1,1,1,1,1,1,85,57,-28,83,-19,home,home,51,-19
7/16/2015,400610719,2015,NYL,CON,home,-5.5,-110,148,-110,64,57,-7,121,1021500084,28,33,0,0,0,0,0,1,1,64,57,-7,61,5,away,home,28,5
7/17/2015,400610720,2015,WAS,IND,home,-2,-110,150.5,-110,68,50,-18,118,1021500085,34,29,0,0,1,1,1,1,1,68,50,-18,63,-5,home,home,34,-5
7/19/2015,400610728,2015,WAS,CON,home,-6.5,-110,142.5,-110,89,82,-7,171,1021500093,39,41,1,1,1,1,0,1,0,89,82,-7,80,2,away,home,39,2
7/29/2015,400610738,2015,IND,NYL,home,2.5,-110,149,-110,84,72,-12,156,1021500103,40,39,1,1,0,1,1,1,1,84,72,-12,79,-1,home,home,40,-1
8/2/2015,400610750,2015,IND,CON,home,-6,-110,151,-110,83,70,-13,153,1021500115,32,41,0,0,0,0,0,0,0,83,70,-13,73,9,away,home,32,9
8/2/2015,400610751,2015,CHI,WAS,home,-5.5,-110,158.5,-110,71,68,-3,139,1021500116,34,39,0,1,1,0,0,0,0,71,68,-3,73,5,away,home,34,5
8/4/2015,400610753,2015,CHI,IND,home,-6,-110,161.5,-110,106,82,-24,188,1021500118,57,40,0,0,1,1,1,1,1,106,82,-24,97,-17,home,home,57,-17
8/7/2015,400610758,2015,CON,WAS,home,2,-110,144,-110,86,72,-14,158,1021500123,46,38,1,1,1,1,1,1,1,86,72,-14,84,-8,home,home,46,-8
8/7/2015,400610759,2015,IND,ATL,home,-8.5,-110,157,-110,106,77,-29,183,1021500124,47,40,1,1,1,1,1,1,1,106,77,-29,87,-7,home,home,47,-7
8/7/2015,400610760,2015,CHI,NYL,home,-4.5,-110,158,-110,63,77,14,140,1021500125,32,42,0,0,0,0,0,0,0,63,77,14,74,10,away,home,32,10
8/9/2015,400610764,2015,WAS,CON,home,-7,-110,144.5,-110,84,73,-11,157,1021500129,34,22,1,1,1,1,1,1,1,84,73,-11,56,-12,home,home,34,-12
8/11/2015,400610767,2015,NYL,CHI,home,-6.5,-110,153,-110,84,63,-21,147,1021500132,45,36,1,1,1,1,1,1,1,84,63,-21,81,-9,home,home,45,-9
8/11/2015,400610768,2015,WAS,IND,home,-3.5,-110,152,-110,62,73,11,135,1021500133,31,32,0,1,1,1,1,0,0,62,73,11,63,1,away,home,31,1
8/14/2015,400610773,2015,CON,NYL,home,5,-110,145.5,-110,78,90,12,168,1021500138,40,47,0,0,0,1,1,0,0,78,90,12,87,7,away,home,40,7
8/16/2015,400610777,2015,ATL,CON,home,-3.5,-110,159,-110,90,77,-13,167,1021500142,39,42,0,0,0,0,0,0,0,90,77,-13,81,3,away,home,39,3
8/21/2015,400610786,2015,NYL,ATL,home,-9.5,-110,155,-110,78,67,-11,145,1021500151,37,36,0,0,0,0,0,1,0,78,67,-11,73,-1,home,home,37,-1
8/21/2015,400610789,2015,CHI,WAS,home,-5.5,-110,154.5,-110,87,85,-2,172,1021500154,45,43,0,0,0,1,1,1,0,87,85,-2,88,-2,home,home,45,-2
8/23/2015,400610792,2015,WAS,CHI,home,-2.5,-110,156,-110,64,66,2,130,1021500157,33,35,0,0,0,0,0,0,0,64,66,2,68,2,away,home,33,2
8/23/2015,400610794,2015,CON,ATL,home,2.5,-110,156,-110,92,102,10,194,1021500159,47,63,1,1,1,0,0,0,0,92,102,10,110,16,away,home,47,16
8/23/2015,400610795,2015,IND,NYL,home,-2.5,-110,148,-110,80,79,-1,159,1021500160,55,46,1,1,1,1,1,1,1,80,79,-1,101,-9,home,home,55,-9
8/25/2015,400610797,2015,ATL,CON,home,-7.5,-110,159.75,-110,71,57,-14,128,1021500162,33,18,1,1,1,1,1,1,1,71,57,-14,51,-15,home,home,33,-15
8/28/2015,400610801,2015,IND,ATL,home,-8,-110,162,-110,84,90,6,174,1021500166,41,38,1,1,1,1,1,0,1,84,90,6,79,-3,home,home,41,-3
8/29/2015,400610805,2015,CON,NYL,home,7,-110,148.5,-110,66,80,14,146,1021500170,33,43,0,0,0,0,0,0,0,66,80,14,76,10,away,home,33,10
8/29/2015,400610806,2015,ATL,CHI,home,2.5,-110,161,-110,96,98,2,194,1021500171,45,52,0,0,0,0,0,0,0,96,98,2,97,7,away,home,45,7
8/30/2015,400610809,2015,CHI,CON,home,-9,-110,156,-110,68,72,4,140,1021500174,34,33,1,1,1,1,1,0,1,68,72,4,67,-1,home,home,34,-1
9/1/2015,400610812,2015,NYL,ATL,home,-9,-110,156.5,-110,80,75,-5,155,1021500177,41,37,0,0,0,0,0,1,1,80,75,-5,78,-4,home,home,41,-4
9/1/2015,400610813,2015,IND,CON,home,-10,-110,152,-110,81,51,-30,132,1021500178,41,15,1,1,1,1,1,1,1,81,51,-30,56,-26,home,home,41,-26
9/3/2015,400610815,2015,NYL,CHI,home,-6,-110,152,-110,60,82,22,142,1021500180,27,46,1,0,0,0,0,0,0,60,82,22,73,19,away,home,27,19
9/6/2015,400610821,2015,ATL,WAS,home,-2.5,-110,153,-110,73,67,-6,140,1021500186,41,35,1,1,1,1,1,1,1,73,67,-6,76,-6,home,home,41,-6
9/8/2015,400610825,2015,WAS,IND,home,-2,-110,145.5,-110,76,72,-4,148,1021500190,38,35,0,1,0,1,1,1,1,76,72,-4,73,-3,home,home,38,-3
9/9/2015,400610828,2015,NYL,CON,home,-12.5,-110,145.5,-110,74,64,-10,138,1021500193,39,28,1,1,1,1,1,1,1,74,64,-10,67,-11,home,home,39,-11
9/11/2015,400610830,2015,NYL,WAS,home,-4,-110,142,-110,55,82,27,137,1021500195,34,47,0,0,0,0,0,0,0,55,82,27,81,13,away,home,34,13
9/11/2015,400610831,2015,ATL,IND,home,-5.5,-110,158,-110,67,75,8,142,1021500196,35,38,1,1,1,1,1,0,0,67,75,8,73,3,away,home,35,3
9/13/2015,400610835,2015,CON,CHI,home,4,-110,157,-110,86,75,-11,161,1021500200,42,47,1,0,0,0,1,0,0,86,75,-11,89,5,away,home,42,5
9/13/2015,400610836,2015,WAS,ATL,home,-4,-110,152,-110,71,73,2,144,1021500201,34,24,1,1,1,1,1,1,1,71,73,2,58,-10,home,home,34,-10
9/13/2015,400610838,2015,IND,NYL,home,-5.5,-110,149.5,-110,81,76,-5,157,1021500203,31,33,0,1,0,1,1,0,0,81,76,-5,64,2,away,home,31,2
6/9/2015,400610647,2015,TUL,SEA,home,-6,-110,161,-110,68,45,-23,113,1021500012,40,15,1,1,1,1,1,1,1,68,45,-23,55,-25,home,home,40,-25
6/11/2015,400610649,2015,NYL,PHO,home,1,-110,149,-110,68,57,-11,125,1021500014,25,23,1,1,1,1,1,1,1,68,57,-11,48,-2,home,home,25,-2
6/11/2015,400610650,2015,ATL,SAS,home,-6.5,-110,151.75,-110,72,69,-3,141,1021500015,32,29,0,1,1,1,1,1,1,72,69,-3,61,-3,home,home,32,-3
6/11/2015,400610651,2015,MIN,SEA,home,-13,-110,148.25,-110,94,70,-24,164,1021500016,39,29,1,1,1,1,1,1,1,94,70,-24,68,-10,home,home,39,-10
6/12/2015,400610653,2015,IND,PHO,home,-4,-110,150,-110,77,74,-3,151,1021500018,43,40,1,1,1,1,1,1,1,77,74,-3,83,-3,home,home,43,-3
6/14/2015,400610656,2015,PHO,MIN,home,8,-110,152,-110,81,66,-15,147,1021500021,48,38,1,1,1,1,1,1,1,81,66,-15,86,-10,home,home,48,-10
6/14/2015,400610657,2015,SAS,TUL,home,-4,-110,157.5,-110,62,73,11,135,1021500022,31,34,1,0,0,0,0,0,0,62,73,11,65,3,away,home,31,3
6/14/2015,400610658,2015,LAS,SEA,home,-2,-110,144,-110,54,60,6,114,1021500023,34,24,1,1,1,1,1,1,1,54,60,6,58,-10,home,home,34,-10
6/16/2015,400610661,2015,TUL,SAS,home,-6,-110,152,-110,88,61,-27,149,1021500026,45,29,1,1,1,1,1,1,1,88,61,-27,74,-16,home,home,45,-16
6/16/2015,400610662,2015,SEA,CON,home,-2.5,-110,140.5,-110,58,79,21,137,1021500027,30,41,1,1,1,0,0,0,0,58,79,21,71,11,away,home,30,11
6/16/2015,400610663,2015,LAS,MIN,home,12,-110,145.5,-110,52,67,15,119,1021500028,28,23,0,1,1,1,0,0,0,52,67,15,51,-5,home,home,28,-5
6/19/2015,400610664,2015,WAS,TUL,home,-4,-110,145.5,-110,82,86,4,168,1021500029,36,40,1,1,1,1,1,0,0,82,86,4,76,4,away,home,36,4
6/19/2015,400610667,2015,SAS,MIN,home,7.5,-110,148,-110,59,74,15,133,1021500032,32,42,0,0,0,0,0,0,0,59,74,15,74,10,away,home,32,10
6/19/2015,400610668,2015,PHO,CON,home,-6,-110,144.5,-110,78,90,12,168,1021500033,31,29,1,1,0,1,1,1,1,78,90,12,60,-2,home,home,31,-2
6/20/2015,400610670,2015,SAS,CHI,home,4,-110,153.5,-110,87,95,8,182,1021500035,40,44,0,0,0,1,0,0,0,87,95,8,84,4,away,home,40,4
6/21/2015,400610672,2015,LAS,CON,home,4,-110,135.5,-110,68,76,8,144,1021500037,40,30,1,1,1,1,1,1,1,68,76,8,70,-10,home,home,40,-10
6/21/2015,400610673,2015,MIN,TUL,home,-7.5,-110,157,-110,78,86,8,164,1021500038,38,38,1,1,1,1,1,0,0,78,86,8,76,0,tie,home,38,0
6/21/2015,400610674,2015,SEA,PHO,home,2.5,-110,143,-110,72,84,12,156,1021500039,36,44,0,1,1,0,0,0,0,72,84,12,80,8,away,home,36,8
6/23/2015,400610675,2015,WAS,LAS,home,-11,-110,138.5,-110,84,80,-4,164,1021500040,39,37,1,1,1,0,0,0,1,84,80,-4,76,-2,home,home,39,-2
6/25/2015,400610677,2015,SAS,PHO,home,2.5,-110,148.5,-110,76,71,-5,147,1021500042,32,27,1,1,1,1,1,0,0,76,71,-5,59,-5,home,home,32,-5
6/25/2015,400610678,2015,SEA,MIN,home,10.5,-110,145.5,-110,73,76,3,149,1021500043,51,42,1,1,1,1,1,1,1,73,76,3,93,-9,home,home,51,-9
6/26/2015,400610679,2015,CON,LAS,home,-7,-110,141.5,-110,80,76,-4,156,1021500044,26,32,0,0,0,0,0,0,0,80,76,-4,58,6,away,home,26,6
6/26/2015,400610682,2015,TUL,NYL,home,-9,-110,151,-110,71,62,-9,133,1021500047,45,41,1,1,1,1,1,1,1,71,62,-9,86,-4,home,home,45,-4
6/27/2015,400610684,2015,SAS,SEA,home,-5.5,-110,143.5,-110,73,71,-2,144,1021500049,38,40,0,0,0,0,0,1,0,73,71,-2,78,2,away,home,38,2
6/27/2015,400610683,2015,MIN,PHO,home,-6,-110,150,-110,71,56,-15,127,1021500048,37,23,1,1,1,1,1,1,1,71,56,-15,60,-14,home,home,37,-14
6/28/2015,400610685,2015,NYL,LAS,home,-3.5,-110,141.25,-110,79,70,-9,149,1021500050,41,38,1,1,1,1,1,1,1,79,70,-9,79,-3,home,home,41,-3
6/28/2015,400610687,2015,TUL,SEA,home,-12,-110,150.25,-110,93,89,-4,182,1021500052,45,42,0,0,0,0,0,0,1,93,89,-4,87,-3,home,home,45,-3
6/30/2015,400610690,2015,PHO,SAS,home,-10.5,-110,149.5,-110,85,78,-7,163,1021500055,43,32,1,1,1,1,1,1,1,85,78,-7,75,-11,home,home,43,-11
6/30/2015,400610691,2015,SEA,TUL,home,2.5,-110,150.5,-110,74,69,-5,143,1021500056,32,40,0,0,0,0,0,0,0,74,69,-5,72,8,away,home,32,8
7/2/2015,400610694,2015,PHO,TUL,home,-7.5,-110,149.5,-110,86,55,-31,141,1021500059,47,29,1,1,1,1,1,1,1,86,55,-31,76,-18,home,home,47,-18
7/2/2015,400610695,2015,LAS,SAS,home,-5.5,-110,150.5,-110,86,81,-5,167,1021500060,38,40,0,0,0,0,0,0,0,86,81,-5,78,2,away,home,38,2
7/3/2015,400610696,2015,MIN,SEA,home,-12.5,-110,148.25,-110,82,57,-25,139,1021500061,34,33,0,1,1,0,0,1,1,82,57,-25,67,-1,home,home,34,-1
7/3/2015,400610697,2015,LAS,TUL,home,-5.5,-110,149,-110,98,95,-3,193,1021500062,42,42,0,0,0,0,0,0,0,98,95,-3,84,0,tie,home,42,0
7/5/2015,400610698,2015,ATL,SEA,home,-6.5,-110,147.75,-110,72,64,-8,136,1021500063,36,27,1,1,1,1,1,1,1,72,64,-8,63,-9,home,home,36,-9
7/5/2015,400610699,2015,LAS,PHO,home,3.5,-110,155.75,-110,91,94,3,185,1021500064,46,42,0,1,0,1,1,1,1,91,94,3,88,-4,home,home,46,-4
7/7/2015,400610700,2015,ATL,TUL,home,-5,-110,152.5,-110,75,85,10,160,1021500065,41,48,0,0,0,0,0,0,0,75,85,10,89,7,away,home,41,7
7/8/2015,400610701,2015,IND,SEA,home,-6.5,-110,149,-110,88,65,-23,153,1021500066,53,35,1,1,1,1,1,1,1,88,65,-23,88,-18,home,home,53,-18
7/8/2015,400610702,2015,SAS,LAS,home,4,-110,155.5,-110,70,63,-7,133,1021500067,35,38,0,0,0,0,0,0,0,70,63,-7,73,3,away,home,35,3
7/10/2015,400610704,2015,IND,SAS,home,-7.5,-110,152.5,-110,83,76,-7,159,1021500069,38,38,1,1,1,1,1,1,1,83,76,-7,76,0,tie,home,38,0
7/10/2015,400610705,2015,CHI,MIN,home,4,-110,155.75,-110,90,83,-7,173,1021500070,38,40,0,0,0,1,0,1,0,90,83,-7,78,2,away,home,38,2
7/10/2015,400610706,2015,SEA,PHO,home,8,-110,146.5,-110,79,94,15,173,1021500071,34,46,0,0,0,0,0,0,0,79,94,15,80,12,away,home,34,12
7/11/2015,400610707,2015,TUL,LAS,home,-4.5,-110,157.5,-110,82,67,-15,149,1021500072,40,31,0,0,1,1,1,1,1,82,67,-15,71,-9,home,home,40,-9
7/12/2015,400610710,2015,PHO,SEA,home,-14.5,-110,150,-110,70,60,-10,130,1021500075,41,27,0,1,1,1,1,1,1,70,60,-10,68,-14,home,home,41,-14
7/12/2015,400610711,2015,MIN,SAS,home,-15.5,-110,149,-110,66,49,-17,115,1021500076,39,26,1,1,1,1,1,1,1,66,49,-17,65,-13,home,home,39,-13
7/14/2015,400610712,2015,CON,MIN,home,6.5,-110,146,-110,79,85,6,164,1021500077,40,42,1,1,1,1,0,0,0,79,85,6,82,2,away,home,40,2
7/14/2015,400610713,2015,PHO,ATL,home,-10,-110,153.5,-110,80,71,-9,151,1021500078,38,48,1,1,1,0,0,0,0,80,71,-9,86,10,away,home,38,10
7/15/2015,400610714,2015,NYL,SAS,home,-9,-110,144.75,-110,84,68,-16,152,1021500079,39,30,1,1,1,1,1,1,1,84,68,-16,69,-9,home,home,39,-9
7/15/2015,400610716,2015,SEA,LAS,home,3,-110,146.5,-110,68,61,-7,129,1021500081,35,37,0,0,0,0,0,0,0,68,61,-7,72,2,away,home,35,2
7/15/2015,400610717,2015,IND,TUL,home,-3,-110,160.5,-110,83,80,-3,163,1021500082,52,45,1,1,1,1,1,1,1,83,80,-3,97,-7,home,home,52,-7
7/16/2015,400610718,2015,LAS,ATL,home,-2,-110,153,-110,72,76,4,148,1021500083,35,35,1,1,1,1,0,0,0,72,76,4,70,0,tie,home,35,0
7/17/2015,400610722,2015,SAS,TUL,home,4.5,-110,151.5,-110,65,58,-7,123,1021500087,32,35,1,1,1,1,0,0,1,65,58,-7,67,3,away,home,32,3
7/17/2015,400610721,2015,MIN,CHI,home,-5,-110,156,-110,84,66,-18,150,1021500086,34,34,0,0,0,0,0,1,1,84,66,-18,68,0,tie,home,34,0
7/18/2015,400610724,2015,SEA,ATL,home,2.5,-110,147.5,-110,86,73,-13,159,1021500089,48,33,1,1,1,1,1,1,1,86,73,-13,81,-15,home,home,48,-15
7/18/2015,400610725,2015,PHO,NYL,home,-7,-110,149,-110,73,75,2,148,1021500090,37,36,1,0,0,0,1,1,0,73,75,2,73,-1,home,home,37,-1
7/19/2015,400610726,2015,TUL,MIN,home,3.5,-110,152.25,-110,72,79,7,151,1021500091,34,27,1,1,1,1,1,0,0,72,79,7,61,-7,home,home,34,-7
7/19/2015,400610727,2015,CHI,SAS,home,-11.5,-110,156,-110,93,82,-11,175,1021500092,50,35,1,1,1,1,1,1,1,93,82,-11,85,-15,home,home,50,-15
7/21/2015,400610730,2015,SAS,IND,home,2.5,-110,152,-110,80,62,-18,142,1021500095,48,32,0,1,1,1,1,1,1,80,62,-18,80,-16,home,home,48,-16
7/21/2015,400610729,2015,TUL,WAS,home,-3.5,-110,150,-110,69,76,7,145,1021500094,40,38,0,1,1,1,1,0,1,69,76,7,78,-2,home,home,40,-2
7/21/2015,400610732,2015,LAS,PHO,home,NA,-110,147,-110,70,65,-5,135,1021500097,38,35,1,1,1,1,1,0,1,70,65,-5,73,-3,home,home,38,-3
7/21/2015,400610733,2015,SEA,NYL,home,4.5,-110,144.5,-110,77,81,4,158,1021500098,45,40,0,0,0,0,0,0,1,77,81,4,85,-5,home,home,45,-5
7/22/2015,400610734,2015,MIN,CON,home,-8.5,-110,147,-110,77,78,1,155,1021500099,32,35,1,1,0,0,0,0,1,77,78,1,67,3,away,home,32,3
7/22/2015,400610735,2015,LAS,NYL,home,-1.5,-110,147,-110,53,59,6,112,1021500100,24,31,1,1,0,0,0,0,0,53,59,6,55,7,away,home,24,7
7/28/2015,400610736,2015,PHO,CHI,home,-3.5,-110,160.75,-110,89,87,-2,176,1021500101,31,44,0,0,0,0,0,0,0,89,87,-2,75,13,away,home,31,13
7/29/2015,400610737,2015,WAS,SEA,home,-8.5,-110,143.5,-110,87,74,-13,161,1021500102,53,37,1,1,1,1,1,1,1,87,74,-13,90,-16,home,home,53,-16
7/29/2015,400610740,2015,SAS,ATL,home,-3.5,-110,152.75,-110,102,85,-17,187,1021500105,47,42,0,1,1,1,1,1,1,102,85,-17,89,-5,home,home,47,-5
7/29/2015,400610739,2015,MIN,LAS,home,-8.5,-110,148,-110,82,76,-6,158,1021500104,43,35,1,1,1,1,1,1,1,82,76,-6,78,-8,home,home,43,-8
7/30/2015,400610741,2015,TUL,PHO,home,2,-110,153,-110,66,78,12,144,1021500106,40,31,1,1,0,0,1,1,1,66,78,12,71,-9,home,home,40,-9
7/31/2015,400610742,2015,CON,SEA,home,-7,-110,147.75,-110,67,66,-1,133,1021500107,38,40,0,1,0,1,0,0,0,67,66,-1,78,2,away,home,38,2
7/31/2015,400610744,2015,SAS,WAS,home,1.5,-110,149,-110,53,88,35,141,1021500109,27,49,0,0,0,0,0,0,0,53,88,35,76,22,away,home,27,22
7/31/2015,400610743,2015,MIN,ATL,home,-13.5,-110,155.5,-110,86,70,-16,156,1021500108,47,29,1,1,1,1,1,1,1,86,70,-16,76,-18,home,home,47,-18
7/31/2015,400610745,2015,CHI,LAS,home,-5.5,-110,162.5,-110,77,88,11,165,1021500110,39,39,1,1,0,0,0,0,0,77,88,11,78,0,tie,home,39,0
8/1/2015,400610746,2015,TUL,MIN,home,5.5,-110,151.5,-110,80,86,6,166,1021500111,39,45,1,1,1,0,0,0,0,80,86,6,84,6,away,home,39,6
8/2/2015,400610747,2015,NYL,SEA,home,-9.5,-110,147,-110,78,62,-16,140,1021500112,36,35,1,0,0,0,1,1,1,78,62,-16,71,-1,home,home,36,-1
8/2/2015,400610748,2015,ATL,PHO,home,6,-110,156.5,-110,68,71,3,139,1021500113,31,43,0,0,0,0,0,0,0,68,71,3,74,12,away,home,31,12
8/2/2015,400610749,2015,SAS,LAS,home,5,-110,152.5,-110,78,80,2,158,1021500114,49,38,1,1,1,1,1,1,1,78,80,2,87,-11,home,home,49,-11
8/4/2015,400610752,2015,CON,SAS,home,-3.5,-110,150.5,-110,82,51,-31,133,1021500117,37,30,1,1,1,1,1,1,1,82,51,-31,67,-7,home,home,37,-7
8/4/2015,400610754,2015,PHO,TUL,home,-8,-110,151.5,-110,87,84,-3,171,1021500119,38,42,0,0,0,0,0,0,0,87,84,-3,80,4,away,home,38,4
8/4/2015,400610755,2015,LAS,MIN,home,2,-110,152,-110,83,61,-22,144,1021500120,39,35,0,0,0,1,1,1,1,83,61,-22,74,-4,home,home,39,-4
8/5/2015,400610756,2015,WAS,SAS,home,-10.5,-110,148.5,-110,66,63,-3,129,1021500121,27,38,1,1,1,1,0,0,0,66,63,-3,65,11,away,home,27,11
8/6/2015,400610757,2015,LAS,TUL,home,-7.5,-110,152.25,-110,84,57,-27,141,1021500122,41,26,1,1,1,1,1,1,1,84,57,-27,67,-15,home,home,41,-15
8/7/2015,400610761,2015,PHO,MIN,home,2,-110,149,-110,73,66,-7,139,1021500126,33,35,1,1,1,1,0,0,0,73,66,-7,68,2,away,home,33,2
8/8/2015,400610762,2015,SAS,SEA,home,-4.5,-110,148,-110,88,81,-7,169,1021500127,43,34,1,1,1,1,1,1,1,88,81,-7,77,-9,home,home,43,-9
8/9/2015,400610763,2015,CHI,PHO,home,-4,-110,161,-110,74,64,-10,138,1021500128,33,37,0,0,0,0,0,0,1,74,64,-10,70,4,away,home,33,4
8/9/2015,400610765,2015,TUL,ATL,home,-7.5,-110,158.5,-110,90,98,8,188,1021500130,42,50,1,1,0,0,0,0,0,90,98,8,92,8,away,home,42,8
8/9/2015,400610766,2015,MIN,LAS,home,-5.5,-110,149.5,-110,72,64,-8,136,1021500131,37,32,1,1,1,1,1,1,1,72,64,-8,69,-5,home,home,37,-5
8/11/2015,400610769,2015,MIN,SAS,home,-13.5,-110,148.75,-110,83,76,-7,159,1021500134,35,46,0,0,0,0,0,0,0,83,76,-7,81,11,away,home,35,11
8/11/2015,400610770,2015,LAS,SEA,home,-13,-110,148.5,-110,77,85,8,162,1021500135,48,35,1,1,1,1,1,1,1,77,85,8,83,-13,home,home,48,-13
8/12/2015,400610771,2015,CON,TUL,home,-4,-110,152.75,-110,80,74,-6,154,1021500136,41,48,0,0,0,0,0,0,0,80,74,-6,89,7,away,home,41,7
8/12/2015,400610772,2015,PHO,SEA,home,-13.5,-110,147.75,-110,83,66,-17,149,1021500137,52,42,1,1,1,1,1,1,1,83,66,-17,94,-10,home,home,52,-10
8/14/2015,400610774,2015,ATL,MIN,home,8,-110,157.5,-110,82,84,2,166,1021500139,45,36,0,0,1,1,1,1,1,82,84,2,81,-9,home,home,45,-9
8/14/2015,400610775,2015,SEA,CHI,home,6,-110,158.5,-110,84,94,10,178,1021500140,41,52,0,0,0,0,0,0,0,84,94,10,93,11,away,home,41,11
8/15/2015,400610776,2015,NYL,TUL,home,-8.5,-110,150.25,-110,76,81,5,157,1021500141,35,46,0,0,0,0,0,0,0,76,81,5,81,11,away,home,35,11
8/16/2015,400610778,2015,WAS,MIN,home,4,-110,147,-110,77,69,-8,146,1021500143,49,40,1,1,0,0,0,0,1,77,69,-8,89,-9,home,home,49,-9
8/16/2015,400610779,2015,LAS,CHI,home,-4,-110,162,-110,76,64,-12,140,1021500144,38,35,0,0,0,1,1,0,1,76,64,-12,73,-3,home,home,38,-3
8/16/2015,400610780,2015,PHO,IND,home,-5.5,-110,152.5,-110,63,75,12,138,1021500145,29,39,1,0,0,0,0,0,0,63,75,12,68,10,away,home,29,10
8/16/2015,400610781,2015,SEA,SAS,home,-2.5,-110,153,-110,72,63,-9,135,1021500146,34,35,1,0,0,0,0,0,1,72,63,-9,69,1,away,home,34,1
8/18/2015,400610782,2015,TUL,PHO,home,4.5,-110,151.5,-110,74,59,-15,133,1021500147,35,25,1,1,1,1,1,1,1,74,59,-15,60,-10,home,home,35,-10
8/18/2015,400610783,2015,LAS,IND,home,-4,-110,153,-110,68,79,11,147,1021500148,44,30,1,0,1,1,1,1,1,68,79,11,74,-14,home,home,44,-14
8/19/2015,400610785,2015,SAS,NYL,home,6.5,-110,147,-110,45,73,28,118,1021500150,18,39,0,0,0,0,0,0,0,45,73,28,57,21,away,home,18,21
8/19/2015,400610784,2015,MIN,WAS,home,-10,-110,147,-110,61,79,18,140,1021500149,34,36,1,0,0,0,0,0,0,61,79,18,70,2,away,home,34,2
8/21/2015,400610788,2015,SAS,MIN,home,8,-110,149,-110,61,78,17,139,1021500153,38,37,1,0,0,1,0,0,1,61,78,17,75,-1,home,home,38,-1
8/21/2015,400610787,2015,TUL,CON,home,-5.5,-110,155,-110,84,76,-8,160,1021500152,30,39,0,0,0,0,0,0,0,84,76,-8,69,9,away,home,30,9
8/21/2015,400610790,2015,PHO,LAS,home,-5,-110,145,-110,68,78,10,146,1021500155,30,38,0,0,0,0,0,0,0,68,78,10,68,8,away,home,30,8
8/21/2015,400610791,2015,SEA,IND,home,6.5,-110,151.5,-110,63,75,12,138,1021500156,43,37,0,0,0,0,1,1,1,63,75,12,80,-6,home,home,43,-6
8/23/2015,400610793,2015,SAS,LAS,home,5,-110,147.25,-110,59,90,31,149,1021500158,27,43,0,0,0,0,0,0,0,59,90,31,70,16,away,home,27,16
8/23/2015,400610796,2015,PHO,MIN,home,1,-110,146.5,-110,79,67,-12,146,1021500161,37,22,1,1,1,1,1,1,1,79,67,-12,59,-15,home,home,37,-15
8/26/2015,400610798,2015,IND,LAS,home,-4,-110,151.5,-110,79,81,2,160,1021500163,43,39,1,1,1,1,1,1,1,79,81,2,82,-4,home,home,43,-4
8/27/2015,400610799,2015,CON,PHO,home,7.5,-110,148.25,-110,80,81,1,161,1021500164,48,41,1,0,0,0,0,1,1,80,81,1,89,-7,home,home,48,-7
8/28/2015,400610800,2015,WAS,PHO,home,-4.5,-110,143.5,-110,71,63,-8,134,1021500165,41,37,1,1,1,1,1,1,1,71,63,-8,78,-4,home,home,41,-4
8/28/2015,400610802,2015,NYL,MIN,home,-3.5,-110,147,-110,81,68,-13,149,1021500167,43,38,1,1,1,1,1,1,1,81,68,-13,81,-5,home,home,43,-5
8/28/2015,400610803,2015,TUL,LAS,home,1.5,-110,153.5,-110,76,66,-10,142,1021500168,37,27,1,1,1,1,1,1,1,76,66,-10,64,-10,home,home,37,-10
8/28/2015,400610804,2015,SEA,SAS,home,-4,-110,149.5,-110,83,69,-14,152,1021500169,42,34,1,1,1,1,1,1,1,83,69,-14,76,-8,home,home,42,-8
8/30/2015,400610807,2015,TUL,IND,home,-1.5,-110,156.5,-110,76,70,-6,146,1021500172,38,36,1,1,1,1,1,1,1,76,70,-6,74,-2,home,home,38,-2
8/30/2015,400610808,2015,LAS,SAS,home,-11.5,-110,149,-110,60,52,-8,112,1021500173,34,27,1,1,1,1,1,1,1,60,52,-8,61,-7,home,home,34,-7
8/30/2015,400610810,2015,MIN,PHO,home,-7,-110,144.75,-110,71,61,-10,132,1021500175,34,39,0,0,0,0,0,0,1,71,61,-10,73,5,away,home,34,5
8/30/2015,400610811,2015,SEA,WAS,home,4.5,-110,145.25,-110,69,59,-10,128,1021500176,30,39,0,0,0,0,0,0,0,69,59,-10,69,9,away,home,30,9
9/2/2015,400610814,2015,PHO,WAS,home,-4,-110,143,-110,73,53,-20,126,1021500179,36,28,1,1,1,1,1,1,1,73,53,-20,64,-8,home,home,36,-8
9/3/2015,400610816,2015,SEA,TUL,home,-3.5,-110,148,-110,67,85,18,152,1021500181,34,49,0,0,1,0,0,0,0,67,85,18,83,15,away,home,34,15
9/3/2015,400610817,2015,LAS,WAS,home,-6.5,-110,141.5,-110,93,91,-2,184,1021500182,43,53,0,0,0,0,0,0,0,93,91,-2,96,10,away,home,43,10
9/4/2015,400610819,2015,SAS,CON,home,-4.5,-110,147,-110,72,73,1,145,1021500184,36,33,1,1,1,1,1,1,1,72,73,1,69,-3,home,home,36,-3
9/4/2015,400610818,2015,MIN,IND,home,-4,-110,149,-110,81,65,-16,146,1021500183,41,32,1,1,0,1,1,1,1,81,65,-16,73,-9,home,home,41,-9
9/5/2015,400610820,2015,SAS,PHO,home,7,-110,142.5,-110,52,82,30,134,1021500185,29,42,0,0,0,0,0,0,0,52,82,30,71,13,away,home,29,13
9/6/2015,400610822,2015,LAS,TUL,home,-8,-110,152,-110,92,73,-19,165,1021500187,49,37,1,1,1,1,1,1,1,92,73,-19,86,-12,home,home,49,-12
9/6/2015,400610823,2015,CHI,SEA,home,-9.5,-110,155.5,-110,93,65,-28,158,1021500188,51,35,1,1,1,1,1,1,1,93,65,-28,86,-16,home,home,51,-16
9/6/2015,400610824,2015,MIN,NYL,home,-3,-110,145,-110,71,75,4,146,1021500189,43,39,1,1,1,0,0,1,1,71,75,4,82,-4,home,home,43,-4
9/8/2015,400610827,2015,TUL,SAS,home,-10,-110,149.5,-110,74,64,-10,138,1021500192,28,34,0,0,0,0,0,0,0,74,64,-10,62,6,away,home,28,6
9/8/2015,400610826,2015,MIN,SEA,home,-12,-110,145.5,-110,73,67,-6,140,1021500191,46,35,1,0,1,1,0,1,1,73,67,-6,81,-11,home,home,46,-11
9/9/2015,400610829,2015,ATL,LAS,home,-4,-110,157.5,-110,90,60,-30,150,1021500194,44,25,1,1,1,1,1,1,1,90,60,-30,69,-19,home,home,44,-19
9/11/2015,400610832,2015,CHI,TUL,home,-6,-110,159,-110,92,71,-21,163,1021500197,51,47,1,1,1,1,1,1,1,92,71,-21,98,-4,home,home,51,-4
9/11/2015,400610833,2015,PHO,LAS,home,-5,-110,144.25,-110,70,65,-5,135,1021500198,31,32,0,0,1,1,1,0,1,70,65,-5,63,1,away,home,31,1
9/11/2015,400610834,2015,SEA,MIN,home,3.5,-110,147,-110,78,64,-14,142,1021500199,39,33,1,0,0,1,1,1,1,78,64,-14,72,-6,home,home,39,-6
9/13/2015,400610837,2015,PHO,TUL,away,3,-110,149.75,-110,87,91,4,178,1021500202,40,49,0,0,1,1,0,0,1,91,87,-4,89,9,away,away,49,-9
9/13/2015,400610839,2015,SEA,SAS,home,-7.5,-110,145.5,-110,58,59,1,117,1021500204,34,27,1,1,0,1,1,1,1,58,59,1,61,-7,home,home,34,-7
7/21/2015,400610731,2015,CHI,ATL,home,-9.5,-110,162.5,-110,97,92,-5,189,1021500096,44,48,1,1,1,0,1,1,0,97,92,-5,92,4,away,home,44,4
7/28/2015,400821141,2015,CON,IND,home,-1,-110,152.75,-110,73,75,2,148,1021500088,34,42,0,0,0,0,0,0,0,73,75,2,76,8,away,home,34,8
9/19/2015,400839634,2015,IND,CHI,home,-3.5,-110,157.5,-110,89,82,-7,171,1041500112,44,42,0,1,1,1,1,1,1,89,82,-7,86,-2,home,home,44,-2
9/17/2015,400839633,2015,CHI,IND,home,-5,-110,159.5,-110,77,72,-5,149,1041500111,36,35,1,1,1,1,1,1,1,77,72,-5,71,-1,home,home,36,-1
9/18/2015,400839630,2015,NYL,WAS,home,-5.5,-110,140.5,-110,83,86,3,169,1041500101,36,36,1,1,1,1,0,0,1,83,86,3,72,0,tie,home,36,0
9/20/2015,400839631,2015,WAS,NYL,home,2,-110,140,-110,68,86,18,154,1041500102,37,44,0,0,0,0,0,0,0,68,86,18,81,7,away,home,37,7
9/20/2015,400838811,2015,LAS,MIN,home,-3,-110,145,-110,81,71,-10,152,1041500122,53,35,1,0,0,1,1,1,1,81,71,-10,88,-18,home,home,53,-18
9/18/2015,400838810,2015,MIN,LAS,home,-5.5,-110,146.5,-110,67,65,-2,132,1041500121,33,36,1,1,1,0,0,0,1,67,65,-2,69,3,away,home,33,3
9/17/2015,400839118,2015,PHO,TUL,home,-6.5,-110,149.25,-110,88,55,-33,143,1041500131,52,22,1,1,1,1,1,1,1,88,55,-33,74,-30,home,home,52,-30
9/19/2015,400839119,2015,TUL,PHO,home,4,-110,149,-110,67,91,24,158,1041500132,31,41,0,0,1,1,0,0,0,67,91,24,72,10,away,home,31,10
9/21/2015,400839635,2015,CHI,IND,home,-4.5,-110,159.5,-110,89,100,11,189,1041500113,47,52,1,1,1,0,1,0,0,89,100,11,99,5,away,home,47,5
9/22/2015,400839632,2015,NYL,WAS,home,-6,-110,142,-110,79,74,-5,153,1041500103,45,37,0,0,0,0,1,1,1,79,74,-5,82,-8,home,home,45,-8
9/22/2015,400838812,2015,MIN,LAS,home,-5,-110,146,-110,91,80,-11,171,1041500123,43,30,1,1,1,1,1,1,1,91,80,-11,73,-13,home,home,43,-13
9/23/2015,400844305,2015,NYL,IND,home,-2,-110,149,-110,84,67,-17,151,1041500201,48,42,1,1,1,1,1,1,1,84,67,-17,90,-6,home,home,48,-6
10/4/2015,400847195,2015,MIN,IND,home,-6.5,-110,147,-110,69,75,6,144,1041500301,29,35,0,1,1,1,0,0,0,69,75,6,64,6,away,home,29,6
10/9/2015,400847197,2015,IND,MIN,home,-3,-110,146,-110,77,80,3,157,1041500303,42,38,0,0,0,0,0,1,1,77,80,3,80,-4,home,home,42,-4
10/6/2015,400847196,2015,MIN,IND,home,-6,-110,147,-110,77,71,-6,148,1041500302,39,41,0,0,0,0,0,1,0,77,71,-6,80,2,away,home,39,2
10/11/2015,400847198,2015,IND,MIN,home,-2.5,-110,146,-110,75,69,-6,144,1041500304,36,32,1,0,0,1,1,1,1,75,69,-6,68,-4,home,home,36,-4
6/5/2015,400610636,2015,WAS,CON,away,-6,-110,144.75,-110,73,68,-5,141,1021500001,40,44,1,0,0,0,0,1,1,68,73,5,84,4,away,away,44,-4
6/5/2015,400610637,2015,ATL,NYL,away,-6.5,-110,150,-110,73,82,9,155,1021500002,51,38,1,0,0,0,0,0,0,82,73,-9,89,-13,home,away,38,13
6/5/2015,400610638,2015,TUL,MIN,away,10,-110,163,-110,75,83,8,158,1021500003,45,44,1,1,1,1,1,1,1,83,75,-8,89,-1,home,away,44,1
6/5/2015,400610639,2015,IND,CHI,away,6.5,-110,151.5,-110,72,95,23,167,1021500004,51,38,0,0,0,0,0,0,0,95,72,-23,89,-13,home,away,38,13
6/5/2015,400610640,2015,SAS,PHO,away,5,-110,152,-110,71,76,5,147,1021500005,33,28,0,0,0,0,0,0,0,76,71,-5,61,-5,home,away,28,5
6/9/2015,400610646,2015,IND,NYL,away,3,-110,149,-110,79,86,7,165,1021500011,38,41,0,1,1,1,1,1,1,86,79,-7,79,3,away,away,41,-3
6/11/2015,400610648,2015,CHI,CON,away,-5,-110,156.5,-110,65,67,2,132,1021500013,39,38,0,0,0,0,0,0,0,67,65,-2,77,-1,home,away,38,1
6/12/2015,400610652,2015,ATL,WAS,away,6,-110,147,-110,64,61,-3,125,1021500017,36,25,0,1,1,0,0,0,0,61,64,3,61,-11,home,away,25,11
6/14/2015,400610654,2015,CHI,IND,away,-3,-110,155.5,-110,98,72,-26,170,1021500019,21,53,1,1,1,1,1,1,1,72,98,26,74,32,away,away,53,-32
6/14/2015,400610655,2015,ATL,CON,away,-2,-110,146,-110,64,82,18,146,1021500020,39,36,1,1,1,0,0,0,0,82,64,-18,75,-3,home,away,36,3
6/14/2015,400610659,2015,WAS,NYL,away,4.5,-110,140.5,-110,74,59,-15,133,1021500024,29,35,0,0,0,1,1,1,1,59,74,15,64,6,away,away,35,-6
6/16/2015,400610660,2015,IND,ATL,away,5,-110,151,-110,90,79,-11,169,1021500025,35,49,0,1,0,1,1,1,1,79,90,11,84,14,away,away,49,-14
6/19/2015,400610665,2015,IND,NYL,away,3.5,-110,153.5,-110,80,63,-17,143,1021500030,33,48,1,1,1,1,1,1,1,63,80,17,81,15,away,away,48,-15
6/19/2015,400610666,2015,CHI,ATL,away,-3.5,-110,158,-110,73,74,1,147,1021500031,37,36,0,0,0,0,0,0,0,74,73,-1,73,-1,home,away,36,1
6/20/2015,400610669,2015,WAS,IND,away,-1,-110,148,-110,87,75,-12,162,1021500034,42,44,1,1,1,1,1,1,1,75,87,12,86,2,away,away,44,-2
6/21/2015,400610671,2015,NYL,ATL,away,5,-110,149,-110,73,64,-9,137,1021500036,28,40,1,1,1,1,1,1,1,64,73,9,68,12,away,away,40,-12
6/24/2015,400610676,2015,ATL,CHI,away,8.5,-110,159,-110,96,100,4,196,1021500041,40,34,1,0,0,0,0,0,0,100,96,-4,74,-6,home,away,34,6
6/26/2015,400610680,2015,CHI,IND,away,-3,-110,164.5,-110,83,77,-6,160,1021500045,52,43,1,1,0,0,0,0,0,77,83,6,95,-9,home,away,43,9
6/26/2015,400610681,2015,WAS,ATL,away,-3.5,-110,146,-110,69,72,3,141,1021500046,31,36,1,1,1,1,1,1,1,72,69,-3,67,5,away,away,36,-5
6/28/2015,400610686,2015,CHI,WAS,away,1,-110,154.5,-110,71,86,15,157,1021500051,43,34,0,0,0,0,0,0,0,86,71,-15,77,-9,home,away,34,9
6/30/2015,400610688,2015,IND,CON,away,4,-110,152.5,-110,92,84,-8,176,1021500053,44,49,0,1,0,0,0,1,1,84,92,8,93,5,away,away,49,-5
6/30/2015,400610689,2015,NYL,CHI,away,5.5,-110,152.25,-110,89,81,-8,170,1021500054,36,48,1,1,0,0,1,1,1,81,89,8,84,12,away,away,48,-12
7/2/2015,400610692,2015,CHI,CON,away,-4.5,-110,153.5,-110,77,74,-3,151,1021500057,42,38,1,1,1,0,0,0,0,74,77,3,80,-4,home,away,38,4
7/2/2015,400610693,2015,WAS,IND,away,-3.5,-110,156,-110,50,73,23,123,1021500058,38,34,1,1,1,1,0,0,0,73,50,-23,72,-4,home,away,34,4
7/9/2015,400610703,2015,NYL,WAS,away,3.5,-110,143.5,-110,79,76,-3,155,1021500068,46,50,0,0,0,0,0,0,0,76,79,3,96,4,away,away,50,-4
7/12/2015,400610708,2015,NYL,ATL,away,-3,-110,145.5,-110,76,84,8,160,1021500073,44,32,1,0,0,0,0,0,0,84,76,-8,76,-12,home,away,32,12
7/12/2015,400610709,2015,CON,CHI,away,8,-110,157,-110,76,96,20,172,1021500074,49,41,0,1,0,0,0,0,0,96,76,-20,90,-8,home,away,41,8
7/15/2015,400610715,2015,WAS,CHI,away,5.5,-110,157,-110,57,85,28,142,1021500080,51,32,0,0,0,0,0,0,0,85,57,-28,83,-19,home,away,32,19
7/16/2015,400610719,2015,CON,NYL,away,5.5,-110,148,-110,57,64,7,121,1021500084,28,33,1,1,1,1,1,0,0,64,57,-7,61,5,away,away,33,-5
7/17/2015,400610720,2015,IND,WAS,away,2,-110,150.5,-110,50,68,18,118,1021500085,34,29,1,1,0,0,0,0,0,68,50,-18,63,-5,home,away,29,5
7/19/2015,400610728,2015,CON,WAS,away,6.5,-110,142.5,-110,82,89,7,171,1021500093,39,41,0,0,0,0,1,0,1,89,82,-7,80,2,away,away,41,-2
7/29/2015,400610738,2015,NYL,IND,away,-2.5,-110,149,-110,72,84,12,156,1021500103,40,39,0,0,1,0,0,0,0,84,72,-12,79,-1,home,away,39,1
8/2/2015,400610750,2015,CON,IND,away,6,-110,151,-110,70,83,13,153,1021500115,32,41,1,1,1,1,1,1,1,83,70,-13,73,9,away,away,41,-9
8/2/2015,400610751,2015,WAS,CHI,away,5.5,-110,158.5,-110,68,71,3,139,1021500116,34,39,1,0,0,1,1,1,1,71,68,-3,73,5,away,away,39,-5
8/4/2015,400610753,2015,IND,CHI,away,6,-110,161.5,-110,82,106,24,188,1021500118,57,40,1,1,0,0,0,0,0,106,82,-24,97,-17,home,away,40,17
8/7/2015,400610758,2015,WAS,CON,away,-2,-110,144,-110,72,86,14,158,1021500123,46,38,0,0,0,0,0,0,0,86,72,-14,84,-8,home,away,38,8
8/7/2015,400610759,2015,ATL,IND,away,8.5,-110,157,-110,77,106,29,183,1021500124,47,40,0,0,0,0,0,0,0,106,77,-29,87,-7,home,away,40,7
8/7/2015,400610760,2015,NYL,CHI,away,4.5,-110,158,-110,77,63,-14,140,1021500125,32,42,1,1,1,1,1,1,1,63,77,14,74,10,away,away,42,-10
8/9/2015,400610764,2015,CON,WAS,away,7,-110,144.5,-110,73,84,11,157,1021500129,34,22,0,0,0,0,0,0,0,84,73,-11,56,-12,home,away,22,12
8/11/2015,400610767,2015,CHI,NYL,away,6.5,-110,153,-110,63,84,21,147,1021500132,45,36,0,0,0,0,0,0,0,84,63,-21,81,-9,home,away,36,9
8/11/2015,400610768,2015,IND,WAS,away,3.5,-110,152,-110,73,62,-11,135,1021500133,31,32,1,0,0,0,0,1,1,62,73,11,63,1,away,away,32,-1
8/14/2015,400610773,2015,NYL,CON,away,-5,-110,145.5,-110,90,78,-12,168,1021500138,40,47,1,1,1,0,0,1,1,78,90,12,87,7,away,away,47,-7
8/16/2015,400610777,2015,CON,ATL,away,3.5,-110,159,-110,77,90,13,167,1021500142,39,42,1,1,1,1,1,1,1,90,77,-13,81,3,away,away,42,-3
8/21/2015,400610786,2015,ATL,NYL,away,9.5,-110,155,-110,67,78,11,145,1021500151,37,36,1,1,1,1,1,0,1,78,67,-11,73,-1,home,away,36,1
8/21/2015,400610789,2015,WAS,CHI,away,5.5,-110,154.5,-110,85,87,2,172,1021500154,45,43,1,1,1,0,0,0,1,87,85,-2,88,-2,home,away,43,2
8/23/2015,400610792,2015,CHI,WAS,away,2.5,-110,156,-110,66,64,-2,130,1021500157,33,35,1,1,1,1,1,1,1,64,66,2,68,2,away,away,35,-2
8/23/2015,400610794,2015,ATL,CON,away,-2.5,-110,156,-110,102,92,-10,194,1021500159,47,63,0,0,0,1,1,1,1,92,102,10,110,16,away,away,63,-16
8/23/2015,400610795,2015,NYL,IND,away,2.5,-110,148,-110,79,80,1,159,1021500160,55,46,0,0,0,0,0,0,0,80,79,-1,101,-9,home,away,46,9
8/25/2015,400610797,2015,CON,ATL,away,7.5,-110,159.75,-110,57,71,14,128,1021500162,33,18,0,0,0,0,0,0,0,71,57,-14,51,-15,home,away,18,15
8/28/2015,400610801,2015,ATL,IND,away,8,-110,162,-110,90,84,-6,174,1021500166,41,38,0,0,0,0,0,1,0,84,90,6,79,-3,home,away,38,3
8/29/2015,400610805,2015,NYL,CON,away,-7,-110,148.5,-110,80,66,-14,146,1021500170,33,43,1,1,1,1,1,1,1,66,80,14,76,10,away,away,43,-10
8/29/2015,400610806,2015,CHI,ATL,away,-2.5,-110,161,-110,98,96,-2,194,1021500171,45,52,1,1,1,1,1,1,1,96,98,2,97,7,away,away,52,-7
8/30/2015,400610809,2015,CON,CHI,away,9,-110,156,-110,72,68,-4,140,1021500174,34,33,0,0,0,0,0,1,0,68,72,4,67,-1,home,away,33,1
9/1/2015,400610812,2015,ATL,NYL,away,9,-110,156.5,-110,75,80,5,155,1021500177,41,37,1,1,1,1,1,0,0,80,75,-5,78,-4,home,away,37,4
9/1/2015,400610813,2015,CON,IND,away,10,-110,152,-110,51,81,30,132,1021500178,41,15,0,0,0,0,0,0,0,81,51,-30,56,-26,home,away,15,26
9/3/2015,400610815,2015,CHI,NYL,away,6,-110,152,-110,82,60,-22,142,1021500180,27,46,0,1,1,1,1,1,1,60,82,22,73,19,away,away,46,-19
9/6/2015,400610821,2015,WAS,ATL,away,2.5,-110,153,-110,67,73,6,140,1021500186,41,35,0,0,0,0,0,0,0,73,67,-6,76,-6,home,away,35,6
9/8/2015,400610825,2015,IND,WAS,away,2,-110,145.5,-110,72,76,4,148,1021500190,38,35,1,0,1,0,0,0,0,76,72,-4,73,-3,home,away,35,3
9/9/2015,400610828,2015,CON,NYL,away,12.5,-110,145.5,-110,64,74,10,138,1021500193,39,28,0,0,0,0,0,0,0,74,64,-10,67,-11,home,away,28,11
9/11/2015,400610830,2015,WAS,NYL,away,4,-110,142,-110,82,55,-27,137,1021500195,34,47,1,1,1,1,1,1,1,55,82,27,81,13,away,away,47,-13
9/11/2015,400610831,2015,IND,ATL,away,5.5,-110,158,-110,75,67,-8,142,1021500196,35,38,0,0,0,0,0,1,1,67,75,8,73,3,away,away,38,-3
9/13/2015,400610835,2015,CHI,CON,away,-4,-110,157,-110,75,86,11,161,1021500200,42,47,0,1,1,1,0,1,1,86,75,-11,89,5,away,away,47,-5
9/13/2015,400610836,2015,ATL,WAS,away,4,-110,152,-110,73,71,-2,144,1021500201,34,24,0,0,0,0,0,0,0,71,73,2,58,-10,home,away,24,10
9/13/2015,400610838,2015,NYL,IND,away,5.5,-110,149.5,-110,76,81,5,157,1021500203,31,33,1,0,1,0,0,1,1,81,76,-5,64,2,away,away,33,-2
6/9/2015,400610647,2015,SEA,TUL,away,6,-110,161,-110,45,68,23,113,1021500012,40,15,0,0,0,0,0,0,0,68,45,-23,55,-25,home,away,15,25
6/11/2015,400610649,2015,PHO,NYL,away,-1,-110,149,-110,57,68,11,125,1021500014,25,23,0,0,0,0,0,0,0,68,57,-11,48,-2,home,away,23,2
6/11/2015,400610650,2015,SAS,ATL,away,6.5,-110,151.75,-110,69,72,3,141,1021500015,32,29,1,0,0,0,0,0,0,72,69,-3,61,-3,home,away,29,3
6/11/2015,400610651,2015,SEA,MIN,away,13,-110,148.25,-110,70,94,24,164,1021500016,39,29,0,0,0,0,0,0,0,94,70,-24,68,-10,home,away,29,10
6/12/2015,400610653,2015,PHO,IND,away,4,-110,150,-110,74,77,3,151,1021500018,43,40,0,0,0,0,0,0,0,77,74,-3,83,-3,home,away,40,3
6/14/2015,400610656,2015,MIN,PHO,away,-8,-110,152,-110,66,81,15,147,1021500021,48,38,0,0,0,0,0,0,0,81,66,-15,86,-10,home,away,38,10
6/14/2015,400610657,2015,TUL,SAS,away,4,-110,157.5,-110,73,62,-11,135,1021500022,31,34,0,1,1,1,1,1,1,62,73,11,65,3,away,away,34,-3
6/14/2015,400610658,2015,SEA,LAS,away,2,-110,144,-110,60,54,-6,114,1021500023,34,24,0,0,0,0,0,0,0,54,60,6,58,-10,home,away,24,10
6/16/2015,400610661,2015,SAS,TUL,away,6,-110,152,-110,61,88,27,149,1021500026,45,29,0,0,0,0,0,0,0,88,61,-27,74,-16,home,away,29,16
6/16/2015,400610662,2015,CON,SEA,away,2.5,-110,140.5,-110,79,58,-21,137,1021500027,30,41,0,0,0,1,1,1,1,58,79,21,71,11,away,away,41,-11
6/16/2015,400610663,2015,MIN,LAS,away,-12,-110,145.5,-110,67,52,-15,119,1021500028,28,23,1,0,0,0,1,1,1,52,67,15,51,-5,home,away,23,5
6/19/2015,400610664,2015,TUL,WAS,away,4,-110,145.5,-110,86,82,-4,168,1021500029,36,40,0,0,0,0,0,1,1,82,86,4,76,4,away,away,40,-4
6/19/2015,400610667,2015,MIN,SAS,away,-7.5,-110,148,-110,74,59,-15,133,1021500032,32,42,1,1,1,1,1,1,1,59,74,15,74,10,away,away,42,-10
6/19/2015,400610668,2015,CON,PHO,away,6,-110,144.5,-110,90,78,-12,168,1021500033,31,29,0,0,1,0,0,0,0,78,90,12,60,-2,home,away,29,2
6/20/2015,400610670,2015,CHI,SAS,away,-4,-110,153.5,-110,95,87,-8,182,1021500035,40,44,1,1,1,0,1,1,1,87,95,8,84,4,away,away,44,-4
6/21/2015,400610672,2015,CON,LAS,away,-4,-110,135.5,-110,76,68,-8,144,1021500037,40,30,0,0,0,0,0,0,0,68,76,8,70,-10,home,away,30,10
6/21/2015,400610673,2015,TUL,MIN,away,7.5,-110,157,-110,86,78,-8,164,1021500038,38,38,0,0,0,0,0,1,1,78,86,8,76,0,tie,away,38,-0
6/21/2015,400610674,2015,PHO,SEA,away,-2.5,-110,143,-110,84,72,-12,156,1021500039,36,44,1,0,0,1,1,1,1,72,84,12,80,8,away,away,44,-8
6/23/2015,400610675,2015,LAS,WAS,away,11,-110,138.5,-110,80,84,4,164,1021500040,39,37,0,0,0,1,1,1,0,84,80,-4,76,-2,home,away,37,2
6/25/2015,400610677,2015,PHO,SAS,away,-2.5,-110,148.5,-110,71,76,5,147,1021500042,32,27,0,0,0,0,0,1,1,76,71,-5,59,-5,home,away,27,5
6/25/2015,400610678,2015,MIN,SEA,away,-10.5,-110,145.5,-110,76,73,-3,149,1021500043,51,42,0,0,0,0,0,0,0,73,76,3,93,-9,home,away,42,9
6/26/2015,400610679,2015,LAS,CON,away,7,-110,141.5,-110,76,80,4,156,1021500044,26,32,1,1,1,1,1,1,1,80,76,-4,58,6,away,away,32,-6
6/26/2015,400610682,2015,NYL,TUL,away,9,-110,151,-110,62,71,9,133,1021500047,45,41,0,0,0,0,0,0,0,71,62,-9,86,-4,home,away,41,4
6/27/2015,400610684,2015,SEA,SAS,away,5.5,-110,143.5,-110,71,73,2,144,1021500049,38,40,1,1,1,1,1,0,1,73,71,-2,78,2,away,away,40,-2
6/27/2015,400610683,2015,PHO,MIN,away,6,-110,150,-110,56,71,15,127,1021500048,37,23,0,0,0,0,0,0,0,71,56,-15,60,-14,home,away,23,14
6/28/2015,400610685,2015,LAS,NYL,away,3.5,-110,141.25,-110,70,79,9,149,1021500050,41,38,0,0,0,0,0,0,0,79,70,-9,79,-3,home,away,38,3
6/28/2015,400610687,2015,SEA,TUL,away,12,-110,150.25,-110,89,93,4,182,1021500052,45,42,1,1,1,1,1,1,0,93,89,-4,87,-3,home,away,42,3
6/30/2015,400610690,2015,SAS,PHO,away,10.5,-110,149.5,-110,78,85,7,163,1021500055,43,32,0,0,0,0,0,0,0,85,78,-7,75,-11,home,away,32,11
6/30/2015,400610691,2015,TUL,SEA,away,-2.5,-110,150.5,-110,69,74,5,143,1021500056,32,40,1,1,1,1,1,1,1,74,69,-5,72,8,away,away,40,-8
7/2/2015,400610694,2015,TUL,PHO,away,7.5,-110,149.5,-110,55,86,31,141,1021500059,47,29,0,0,0,0,0,0,0,86,55,-31,76,-18,home,away,29,18
7/2/2015,400610695,2015,SAS,LAS,away,5.5,-110,150.5,-110,81,86,5,167,1021500060,38,40,1,1,1,1,1,1,1,86,81,-5,78,2,away,away,40,-2
7/3/2015,400610696,2015,SEA,MIN,away,12.5,-110,148.25,-110,57,82,25,139,1021500061,34,33,1,0,0,1,1,0,0,82,57,-25,67,-1,home,away,33,1
7/3/2015,400610697,2015,TUL,LAS,away,5.5,-110,149,-110,95,98,3,193,1021500062,42,42,1,1,1,1,1,1,1,98,95,-3,84,0,tie,away,42,-0
7/5/2015,400610698,2015,SEA,ATL,away,6.5,-110,147.75,-110,64,72,8,136,1021500063,36,27,0,0,0,0,0,0,0,72,64,-8,63,-9,home,away,27,9
7/5/2015,400610699,2015,PHO,LAS,away,-3.5,-110,155.75,-110,94,91,-3,185,1021500064,46,42,1,0,1,0,0,0,0,91,94,3,88,-4,home,away,42,4
7/7/2015,400610700,2015,TUL,ATL,away,5,-110,152.5,-110,85,75,-10,160,1021500065,41,48,1,1,1,1,1,1,1,75,85,10,89,7,away,away,48,-7
7/8/2015,400610701,2015,SEA,IND,away,6.5,-110,149,-110,65,88,23,153,1021500066,53,35,0,0,0,0,0,0,0,88,65,-23,88,-18,home,away,35,18
7/8/2015,400610702,2015,LAS,SAS,away,-4,-110,155.5,-110,63,70,7,133,1021500067,35,38,1,1,1,1,1,1,1,70,63,-7,73,3,away,away,38,-3
7/10/2015,400610704,2015,SAS,IND,away,7.5,-110,152.5,-110,76,83,7,159,1021500069,38,38,0,0,0,0,0,0,0,83,76,-7,76,0,tie,away,38,-0
7/10/2015,400610705,2015,MIN,CHI,away,-4,-110,155.75,-110,83,90,7,173,1021500070,38,40,1,1,1,0,1,0,1,90,83,-7,78,2,away,away,40,-2
7/10/2015,400610706,2015,PHO,SEA,away,-8,-110,146.5,-110,94,79,-15,173,1021500071,34,46,1,1,1,1,1,1,1,79,94,15,80,12,away,away,46,-12
7/11/2015,400610707,2015,LAS,TUL,away,4.5,-110,157.5,-110,67,82,15,149,1021500072,40,31,1,1,0,0,0,0,0,82,67,-15,71,-9,home,away,31,9
7/12/2015,400610710,2015,SEA,PHO,away,14.5,-110,150,-110,60,70,10,130,1021500075,41,27,1,0,0,0,0,0,0,70,60,-10,68,-14,home,away,27,14
7/12/2015,400610711,2015,SAS,MIN,away,15.5,-110,149,-110,49,66,17,115,1021500076,39,26,0,0,0,0,0,0,0,66,49,-17,65,-13,home,away,26,13
7/14/2015,400610712,2015,MIN,CON,away,-6.5,-110,146,-110,85,79,-6,164,1021500077,40,42,0,0,0,0,1,1,1,79,85,6,82,2,away,away,42,-2
7/14/2015,400610713,2015,ATL,PHO,away,10,-110,153.5,-110,71,80,9,151,1021500078,38,48,0,0,0,1,1,1,1,80,71,-9,86,10,away,away,48,-10
7/15/2015,400610714,2015,SAS,NYL,away,9,-110,144.75,-110,68,84,16,152,1021500079,39,30,0,0,0,0,0,0,0,84,68,-16,69,-9,home,away,30,9
7/15/2015,400610716,2015,LAS,SEA,away,-3,-110,146.5,-110,61,68,7,129,1021500081,35,37,1,1,1,1,1,1,1,68,61,-7,72,2,away,away,37,-2
7/15/2015,400610717,2015,TUL,IND,away,3,-110,160.5,-110,80,83,3,163,1021500082,52,45,0,0,0,0,0,0,0,83,80,-3,97,-7,home,away,45,7
7/16/2015,400610718,2015,ATL,LAS,away,2,-110,153,-110,76,72,-4,148,1021500083,35,35,0,0,0,0,1,1,1,72,76,4,70,0,tie,away,35,-0
7/17/2015,400610722,2015,TUL,SAS,away,-4.5,-110,151.5,-110,58,65,7,123,1021500087,32,35,0,0,0,0,1,1,0,65,58,-7,67,3,away,away,35,-3
7/17/2015,400610721,2015,CHI,MIN,away,5,-110,156,-110,66,84,18,150,1021500086,34,34,1,1,1,1,1,0,0,84,66,-18,68,0,tie,away,34,-0
7/18/2015,400610724,2015,ATL,SEA,away,-2.5,-110,147.5,-110,73,86,13,159,1021500089,48,33,0,0,0,0,0,0,0,86,73,-13,81,-15,home,away,33,15
7/18/2015,400610725,2015,NYL,PHO,away,7,-110,149,-110,75,73,-2,148,1021500090,37,36,0,1,1,1,0,0,1,73,75,2,73,-1,home,away,36,1
7/19/2015,400610726,2015,MIN,TUL,away,-3.5,-110,152.25,-110,79,72,-7,151,1021500091,34,27,0,0,0,0,0,1,1,72,79,7,61,-7,home,away,27,7
7/19/2015,400610727,2015,SAS,CHI,away,11.5,-110,156,-110,82,93,11,175,1021500092,50,35,0,0,0,0,0,0,0,93,82,-11,85,-15,home,away,35,15
7/21/2015,400610730,2015,IND,SAS,away,-2.5,-110,152,-110,62,80,18,142,1021500095,48,32,1,0,0,0,0,0,0,80,62,-18,80,-16,home,away,32,16
7/21/2015,400610729,2015,WAS,TUL,away,3.5,-110,150,-110,76,69,-7,145,1021500094,40,38,1,0,0,0,0,1,0,69,76,7,78,-2,home,away,38,2
7/21/2015,400610732,2015,PHO,LAS,away,NA,-110,147,-110,65,70,5,135,1021500097,38,35,0,0,0,0,0,1,0,70,65,-5,73,-3,home,away,35,3
7/21/2015,400610733,2015,NYL,SEA,away,-4.5,-110,144.5,-110,81,77,-4,158,1021500098,45,40,1,1,1,1,1,1,0,77,81,4,85,-5,home,away,40,5
7/22/2015,400610734,2015,CON,MIN,away,8.5,-110,147,-110,78,77,-1,155,1021500099,32,35,0,0,1,1,1,1,0,77,78,1,67,3,away,away,35,-3
7/22/2015,400610735,2015,NYL,LAS,away,1.5,-110,147,-110,59,53,-6,112,1021500100,24,31,0,0,1,1,1,1,1,53,59,6,55,7,away,away,31,-7
7/28/2015,400610736,2015,CHI,PHO,away,3.5,-110,160.75,-110,87,89,2,176,1021500101,31,44,1,1,1,1,1,1,1,89,87,-2,75,13,away,away,44,-13
7/29/2015,400610737,2015,SEA,WAS,away,8.5,-110,143.5,-110,74,87,13,161,1021500102,53,37,0,0,0,0,0,0,0,87,74,-13,90,-16,home,away,37,16
7/29/2015,400610740,2015,ATL,SAS,away,3.5,-110,152.75,-110,85,102,17,187,1021500105,47,42,1,0,0,0,0,0,0,102,85,-17,89,-5,home,away,42,5
7/29/2015,400610739,2015,LAS,MIN,away,8.5,-110,148,-110,76,82,6,158,1021500104,43,35,0,0,0,0,0,0,0,82,76,-6,78,-8,home,away,35,8
7/30/2015,400610741,2015,PHO,TUL,away,-2,-110,153,-110,78,66,-12,144,1021500106,40,31,0,0,1,1,0,0,0,66,78,12,71,-9,home,away,31,9
7/31/2015,400610742,2015,SEA,CON,away,7,-110,147.75,-110,66,67,1,133,1021500107,38,40,1,0,1,0,1,1,1,67,66,-1,78,2,away,away,40,-2
7/31/2015,400610744,2015,WAS,SAS,away,-1.5,-110,149,-110,88,53,-35,141,1021500109,27,49,1,1,1,1,1,1,1,53,88,35,76,22,away,away,49,-22
7/31/2015,400610743,2015,ATL,MIN,away,13.5,-110,155.5,-110,70,86,16,156,1021500108,47,29,0,0,0,0,0,0,0,86,70,-16,76,-18,home,away,29,18
7/31/2015,400610745,2015,LAS,CHI,away,5.5,-110,162.5,-110,88,77,-11,165,1021500110,39,39,0,0,1,1,1,1,1,77,88,11,78,0,tie,away,39,-0
8/1/2015,400610746,2015,MIN,TUL,away,-5.5,-110,151.5,-110,86,80,-6,166,1021500111,39,45,0,0,0,1,1,1,1,80,86,6,84,6,away,away,45,-6
8/2/2015,400610747,2015,SEA,NYL,away,9.5,-110,147,-110,62,78,16,140,1021500112,36,35,0,1,1,1,0,0,0,78,62,-16,71,-1,home,away,35,1
8/2/2015,400610748,2015,PHO,ATL,away,-6,-110,156.5,-110,71,68,-3,139,1021500113,31,43,1,1,1,1,1,1,1,68,71,3,74,12,away,away,43,-12
8/2/2015,400610749,2015,LAS,SAS,away,-5,-110,152.5,-110,80,78,-2,158,1021500114,49,38,0,0,0,0,0,0,0,78,80,2,87,-11,home,away,38,11
8/4/2015,400610752,2015,SAS,CON,away,3.5,-110,150.5,-110,51,82,31,133,1021500117,37,30,0,0,0,0,0,0,0,82,51,-31,67,-7,home,away,30,7
8/4/2015,400610754,2015,TUL,PHO,away,8,-110,151.5,-110,84,87,3,171,1021500119,38,42,1,1,1,1,1,1,1,87,84,-3,80,4,away,away,42,-4
8/4/2015,400610755,2015,MIN,LAS,away,-2,-110,152,-110,61,83,22,144,1021500120,39,35,1,1,1,0,0,0,0,83,61,-22,74,-4,home,away,35,4
8/5/2015,400610756,2015,SAS,WAS,away,10.5,-110,148.5,-110,63,66,3,129,1021500121,27,38,0,0,0,0,1,1,1,66,63,-3,65,11,away,away,38,-11
8/6/2015,400610757,2015,TUL,LAS,away,7.5,-110,152.25,-110,57,84,27,141,1021500122,41,26,0,0,0,0,0,0,0,84,57,-27,67,-15,home,away,26,15
8/7/2015,400610761,2015,MIN,PHO,away,-2,-110,149,-110,66,73,7,139,1021500126,33,35,0,0,0,0,1,1,1,73,66,-7,68,2,away,away,35,-2
8/8/2015,400610762,2015,SEA,SAS,away,4.5,-110,148,-110,81,88,7,169,1021500127,43,34,0,0,0,0,0,0,0,88,81,-7,77,-9,home,away,34,9
8/9/2015,400610763,2015,PHO,CHI,away,4,-110,161,-110,64,74,10,138,1021500128,33,37,1,1,1,1,1,1,0,74,64,-10,70,4,away,away,37,-4
8/9/2015,400610765,2015,ATL,TUL,away,7.5,-110,158.5,-110,98,90,-8,188,1021500130,42,50,0,0,1,1,1,1,1,90,98,8,92,8,away,away,50,-8
8/9/2015,400610766,2015,LAS,MIN,away,5.5,-110,149.5,-110,64,72,8,136,1021500131,37,32,0,0,0,0,0,0,0,72,64,-8,69,-5,home,away,32,5
8/11/2015,400610769,2015,SAS,MIN,away,13.5,-110,148.75,-110,76,83,7,159,1021500134,35,46,1,1,1,1,1,1,1,83,76,-7,81,11,away,away,46,-11
8/11/2015,400610770,2015,SEA,LAS,away,13,-110,148.5,-110,85,77,-8,162,1021500135,48,35,0,0,0,0,0,0,0,77,85,8,83,-13,home,away,35,13
8/12/2015,400610771,2015,TUL,CON,away,4,-110,152.75,-110,74,80,6,154,1021500136,41,48,1,1,1,1,1,1,1,80,74,-6,89,7,away,away,48,-7
8/12/2015,400610772,2015,SEA,PHO,away,13.5,-110,147.75,-110,66,83,17,149,1021500137,52,42,0,0,0,0,0,0,0,83,66,-17,94,-10,home,away,42,10
8/14/2015,400610774,2015,MIN,ATL,away,-8,-110,157.5,-110,84,82,-2,166,1021500139,45,36,1,1,0,0,0,0,0,82,84,2,81,-9,home,away,36,9
8/14/2015,400610775,2015,CHI,SEA,away,-6,-110,158.5,-110,94,84,-10,178,1021500140,41,52,1,1,1,1,1,1,1,84,94,10,93,11,away,away,52,-11
8/15/2015,400610776,2015,TUL,NYL,away,8.5,-110,150.25,-110,81,76,-5,157,1021500141,35,46,1,1,1,1,1,1,1,76,81,5,81,11,away,away,46,-11
8/16/2015,400610778,2015,MIN,WAS,away,-4,-110,147,-110,69,77,8,146,1021500143,49,40,0,0,1,1,1,1,0,77,69,-8,89,-9,home,away,40,9
8/16/2015,400610779,2015,CHI,LAS,away,4,-110,162,-110,64,76,12,140,1021500144,38,35,1,1,1,0,0,1,0,76,64,-12,73,-3,home,away,35,3
8/16/2015,400610780,2015,IND,PHO,away,5.5,-110,152.5,-110,75,63,-12,138,1021500145,29,39,0,1,1,1,1,1,1,63,75,12,68,10,away,away,39,-10
8/16/2015,400610781,2015,SAS,SEA,away,2.5,-110,153,-110,63,72,9,135,1021500146,34,35,0,1,1,1,1,1,0,72,63,-9,69,1,away,away,35,-1
8/18/2015,400610782,2015,PHO,TUL,away,-4.5,-110,151.5,-110,59,74,15,133,1021500147,35,25,0,0,0,0,0,0,0,74,59,-15,60,-10,home,away,25,10
8/18/2015,400610783,2015,IND,LAS,away,4,-110,153,-110,79,68,-11,147,1021500148,44,30,0,1,0,0,0,0,0,68,79,11,74,-14,home,away,30,14
8/19/2015,400610785,2015,NYL,SAS,away,-6.5,-110,147,-110,73,45,-28,118,1021500150,18,39,1,1,1,1,1,1,1,45,73,28,57,21,away,away,39,-21
8/19/2015,400610784,2015,WAS,MIN,away,10,-110,147,-110,79,61,-18,140,1021500149,34,36,0,1,1,1,1,1,1,61,79,18,70,2,away,away,36,-2
8/21/2015,400610788,2015,MIN,SAS,away,-8,-110,149,-110,78,61,-17,139,1021500153,38,37,0,1,1,0,1,1,0,61,78,17,75,-1,home,away,37,1
8/21/2015,400610787,2015,CON,TUL,away,5.5,-110,155,-110,76,84,8,160,1021500152,30,39,1,1,1,1,1,1,1,84,76,-8,69,9,away,away,39,-9
8/21/2015,400610790,2015,LAS,PHO,away,5,-110,145,-110,78,68,-10,146,1021500155,30,38,1,1,1,1,1,1,1,68,78,10,68,8,away,away,38,-8
8/21/2015,400610791,2015,IND,SEA,away,-6.5,-110,151.5,-110,75,63,-12,138,1021500156,43,37,1,1,1,1,0,0,0,63,75,12,80,-6,home,away,37,6
8/23/2015,400610793,2015,LAS,SAS,away,-5,-110,147.25,-110,90,59,-31,149,1021500158,27,43,1,1,1,1,1,1,1,59,90,31,70,16,away,away,43,-16
8/23/2015,400610796,2015,MIN,PHO,away,-1,-110,146.5,-110,67,79,12,146,1021500161,37,22,0,0,0,0,0,0,0,79,67,-12,59,-15,home,away,22,15
8/26/2015,400610798,2015,LAS,IND,away,4,-110,151.5,-110,81,79,-2,160,1021500163,43,39,0,0,0,0,0,0,0,79,81,2,82,-4,home,away,39,4
8/27/2015,400610799,2015,PHO,CON,away,-7.5,-110,148.25,-110,81,80,-1,161,1021500164,48,41,0,1,1,1,1,0,0,80,81,1,89,-7,home,away,41,7
8/28/2015,400610800,2015,PHO,WAS,away,4.5,-110,143.5,-110,63,71,8,134,1021500165,41,37,0,0,0,0,0,0,0,71,63,-8,78,-4,home,away,37,4
8/28/2015,400610802,2015,MIN,NYL,away,3.5,-110,147,-110,68,81,13,149,1021500167,43,38,0,0,0,0,0,0,0,81,68,-13,81,-5,home,away,38,5
8/28/2015,400610803,2015,LAS,TUL,away,-1.5,-110,153.5,-110,66,76,10,142,1021500168,37,27,0,0,0,0,0,0,0,76,66,-10,64,-10,home,away,27,10
8/28/2015,400610804,2015,SAS,SEA,away,4,-110,149.5,-110,69,83,14,152,1021500169,42,34,0,0,0,0,0,0,0,83,69,-14,76,-8,home,away,34,8
8/30/2015,400610807,2015,IND,TUL,away,1.5,-110,156.5,-110,70,76,6,146,1021500172,38,36,0,0,0,0,0,0,0,76,70,-6,74,-2,home,away,36,2
8/30/2015,400610808,2015,SAS,LAS,away,11.5,-110,149,-110,52,60,8,112,1021500173,34,27,0,0,0,0,0,0,0,60,52,-8,61,-7,home,away,27,7
8/30/2015,400610810,2015,PHO,MIN,away,7,-110,144.75,-110,61,71,10,132,1021500175,34,39,1,1,1,1,1,1,0,71,61,-10,73,5,away,away,39,-5
8/30/2015,400610811,2015,WAS,SEA,away,-4.5,-110,145.25,-110,59,69,10,128,1021500176,30,39,1,1,1,1,1,1,1,69,59,-10,69,9,away,away,39,-9
9/2/2015,400610814,2015,WAS,PHO,away,4,-110,143,-110,53,73,20,126,1021500179,36,28,0,0,0,0,0,0,0,73,53,-20,64,-8,home,away,28,8
9/3/2015,400610816,2015,TUL,SEA,away,3.5,-110,148,-110,85,67,-18,152,1021500181,34,49,1,1,0,1,1,1,1,67,85,18,83,15,away,away,49,-15
9/3/2015,400610817,2015,WAS,LAS,away,6.5,-110,141.5,-110,91,93,2,184,1021500182,43,53,1,1,1,1,1,1,1,93,91,-2,96,10,away,away,53,-10
9/4/2015,400610819,2015,CON,SAS,away,4.5,-110,147,-110,73,72,-1,145,1021500184,36,33,0,0,0,0,0,0,0,72,73,1,69,-3,home,away,33,3
9/4/2015,400610818,2015,IND,MIN,away,4,-110,149,-110,65,81,16,146,1021500183,41,32,0,0,1,0,0,0,0,81,65,-16,73,-9,home,away,32,9
9/5/2015,400610820,2015,PHO,SAS,away,-7,-110,142.5,-110,82,52,-30,134,1021500185,29,42,1,1,1,1,1,1,1,52,82,30,71,13,away,away,42,-13
9/6/2015,400610822,2015,TUL,LAS,away,8,-110,152,-110,73,92,19,165,1021500187,49,37,0,0,0,0,0,0,0,92,73,-19,86,-12,home,away,37,12
9/6/2015,400610823,2015,SEA,CHI,away,9.5,-110,155.5,-110,65,93,28,158,1021500188,51,35,0,0,0,0,0,0,0,93,65,-28,86,-16,home,away,35,16
9/6/2015,400610824,2015,NYL,MIN,away,3,-110,145,-110,75,71,-4,146,1021500189,43,39,0,0,0,1,1,0,0,71,75,4,82,-4,home,away,39,4
9/8/2015,400610827,2015,SAS,TUL,away,10,-110,149.5,-110,64,74,10,138,1021500192,28,34,1,1,1,1,1,1,1,74,64,-10,62,6,away,away,34,-6
9/8/2015,400610826,2015,SEA,MIN,away,12,-110,145.5,-110,67,73,6,140,1021500191,46,35,0,1,0,0,1,0,0,73,67,-6,81,-11,home,away,35,11
9/9/2015,400610829,2015,LAS,ATL,away,4,-110,157.5,-110,60,90,30,150,1021500194,44,25,0,0,0,0,0,0,0,90,60,-30,69,-19,home,away,25,19
9/11/2015,400610832,2015,TUL,CHI,away,6,-110,159,-110,71,92,21,163,1021500197,51,47,0,0,0,0,0,0,0,92,71,-21,98,-4,home,away,47,4
9/11/2015,400610833,2015,LAS,PHO,away,5,-110,144.25,-110,65,70,5,135,1021500198,31,32,1,1,0,0,0,1,0,70,65,-5,63,1,away,away,32,-1
9/11/2015,400610834,2015,MIN,SEA,away,-3.5,-110,147,-110,64,78,14,142,1021500199,39,33,0,1,1,0,0,0,0,78,64,-14,72,-6,home,away,33,6
9/13/2015,400610837,2015,TUL,PHO,home,-3,-110,149.75,-110,91,87,-4,178,1021500202,40,49,1,1,0,0,1,1,0,91,87,-4,89,9,away,home,40,9
9/13/2015,400610839,2015,SAS,SEA,away,7.5,-110,145.5,-110,59,58,-1,117,1021500204,34,27,0,0,1,0,0,0,0,58,59,1,61,-7,home,away,27,7
7/21/2015,400610731,2015,ATL,CHI,away,9.5,-110,162.5,-110,92,97,5,189,1021500096,44,48,0,0,0,1,0,0,1,97,92,-5,92,4,away,away,48,-4
7/28/2015,400821141,2015,IND,CON,away,1,-110,152.75,-110,75,73,-2,148,1021500088,34,42,1,1,1,1,1,1,1,73,75,2,76,8,away,away,42,-8
9/19/2015,400839634,2015,CHI,IND,away,3.5,-110,157.5,-110,82,89,7,171,1041500112,44,42,1,0,0,0,0,0,0,89,82,-7,86,-2,home,away,42,2
9/17/2015,400839633,2015,IND,CHI,away,5,-110,159.5,-110,72,77,5,149,1041500111,36,35,0,0,0,0,0,0,0,77,72,-5,71,-1,home,away,35,1
9/18/2015,400839630,2015,WAS,NYL,away,5.5,-110,140.5,-110,86,83,-3,169,1041500101,36,36,0,0,0,0,1,1,0,83,86,3,72,0,tie,away,36,-0
9/20/2015,400839631,2015,NYL,WAS,away,-2,-110,140,-110,86,68,-18,154,1041500102,37,44,1,1,1,1,1,1,1,68,86,18,81,7,away,away,44,-7
9/20/2015,400838811,2015,MIN,LAS,away,3,-110,145,-110,71,81,10,152,1041500122,53,35,0,1,1,0,0,0,0,81,71,-10,88,-18,home,away,35,18
9/18/2015,400838810,2015,LAS,MIN,away,5.5,-110,146.5,-110,65,67,2,132,1041500121,33,36,0,0,0,1,1,1,0,67,65,-2,69,3,away,away,36,-3
9/17/2015,400839118,2015,TUL,PHO,away,6.5,-110,149.25,-110,55,88,33,143,1041500131,52,22,0,0,0,0,0,0,0,88,55,-33,74,-30,home,away,22,30
9/19/2015,400839119,2015,PHO,TUL,away,-4,-110,149,-110,91,67,-24,158,1041500132,31,41,1,1,0,0,1,1,1,67,91,24,72,10,away,away,41,-10
9/21/2015,400839635,2015,IND,CHI,away,4.5,-110,159.5,-110,100,89,-11,189,1041500113,47,52,0,0,0,1,0,1,1,89,100,11,99,5,away,away,52,-5
9/22/2015,400839632,2015,WAS,NYL,away,6,-110,142,-110,74,79,5,153,1041500103,45,37,1,1,1,1,0,0,0,79,74,-5,82,-8,home,away,37,8
9/22/2015,400838812,2015,LAS,MIN,away,5,-110,146,-110,80,91,11,171,1041500123,43,30,0,0,0,0,0,0,0,91,80,-11,73,-13,home,away,30,13
9/23/2015,400844305,2015,IND,NYL,away,2,-110,149,-110,67,84,17,151,1041500201,48,42,0,0,0,0,0,0,0,84,67,-17,90,-6,home,away,42,6
10/4/2015,400847195,2015,IND,MIN,away,6.5,-110,147,-110,75,69,-6,144,1041500301,29,35,1,0,0,0,1,1,1,69,75,6,64,6,away,away,35,-6
10/9/2015,400847197,2015,MIN,IND,away,3,-110,146,-110,80,77,-3,157,1041500303,42,38,1,1,1,1,1,0,0,77,80,3,80,-4,home,away,38,4
10/6/2015,400847196,2015,IND,MIN,away,6,-110,147,-110,71,77,6,148,1041500302,39,41,1,1,1,1,1,0,1,77,71,-6,80,2,away,away,41,-2
10/11/2015,400847198,2015,MIN,IND,away,2.5,-110,146,-110,69,75,6,144,1041500304,36,32,0,1,1,0,0,0,0,75,69,-6,68,-4,home,away,32,4
5/29/2016,400864465,2016,ATL,IND,home,-5,-110,169,-110,85,76,-9,161,1021600029,43,33,1,1,1,1,1,1,1,85,76,-9,76,-10,home,home,43,-10
6/1/2016,400864362,2016,WAS,CHI,home,4,-110,163,-110,78,86,8,164,1021600034,37,45,0,1,0,0,0,0,0,78,86,8,82,8,away,home,37,8
6/3/2016,400864388,2016,CON,ATL,home,7.5,-110,167,-110,77,83,6,160,1021600037,39,43,1,1,1,1,1,0,0,77,83,6,82,4,away,home,39,4
6/3/2016,400864390,2016,NYL,IND,home,-5,-110,156.75,-110,91,59,-32,150,1021600038,42,29,0,1,1,1,1,1,1,91,59,-32,71,-13,home,home,42,-13
6/3/2016,400864396,2016,CHI,WAS,home,-10,-110,162,-110,98,72,-26,170,1021600039,60,36,1,1,1,1,1,1,1,98,72,-26,96,-24,home,home,60,-24
6/5/2016,400864441,2016,CON,IND,home,6,-110,164.5,-110,77,88,11,165,1021600043,35,47,0,0,0,0,0,0,0,77,88,11,82,12,away,home,35,12
6/5/2016,400864445,2016,ATL,WAS,home,-9,-110,162.5,-110,79,86,7,165,1021600044,43,44,1,1,1,0,0,0,1,79,86,7,87,1,away,home,43,1
6/10/2016,400864475,2016,IND,CHI,home,1.5,-110,172,-110,64,73,9,137,1021600051,33,41,0,0,1,0,0,0,0,64,73,9,74,8,away,home,33,8
6/12/2016,400864487,2016,ATL,CON,home,-8.5,-110,168,-110,93,87,-6,180,1021600056,46,41,1,0,0,0,1,1,1,93,87,-6,87,-5,home,home,46,-5
6/14/2016,400864496,2016,CON,WAS,home,3,-110,162,-110,106,109,3,215,1021600059,42,44,0,0,0,1,0,0,0,106,109,3,86,2,away,home,42,2
6/16/2016,400864501,2016,CON,NYL,home,7.5,-110,162,-110,72,80,8,152,1021600064,36,41,0,1,0,0,1,0,0,72,80,8,77,5,away,home,36,5
6/17/2016,400864503,2016,ATL,CHI,home,4.5,-110,176.5,-110,101,97,-4,198,1021600066,55,55,0,0,1,0,0,0,0,101,97,-4,110,0,tie,home,55,0
6/18/2016,400864506,2016,WAS,ATL,home,-4.5,-110,165,-110,95,65,-30,160,1021600069,47,34,1,1,1,1,1,1,1,95,65,-30,81,-13,home,home,47,-13
6/19/2016,400864529,2016,IND,NYL,home,3,-110,158.5,-110,75,78,3,153,1021600072,42,37,1,1,0,1,1,1,1,75,78,3,79,-5,home,home,42,-5
6/22/2016,400864534,2016,ATL,NYL,home,2.5,-110,163,-110,79,90,11,169,1021600077,37,36,0,0,0,0,0,1,0,79,90,11,73,-1,home,home,37,-1
6/22/2016,400864536,2016,WAS,IND,home,-4.5,-110,158.5,-110,76,62,-14,138,1021600078,34,35,0,0,0,0,0,0,1,76,62,-14,69,1,away,home,34,1
6/24/2016,400864539,2016,NYL,CHI,home,-4.5,-110,161.5,-110,80,79,-1,159,1021600081,50,40,0,0,1,1,1,1,1,80,79,-1,90,-10,home,home,50,-10
6/29/2016,400864550,2016,CHI,IND,home,-6,-110,167,-110,83,95,12,178,1021600092,38,44,0,0,0,0,0,0,0,83,95,12,82,6,away,home,38,6
7/1/2016,400864356,2016,CHI,WAS,home,-4,-110,167,-110,86,84,-2,170,1021600098,40,50,0,0,0,0,0,0,0,86,84,-2,90,10,away,home,40,10
7/8/2016,400864398,2016,CHI,NYL,home,-1.5,-110,165,-110,85,88,3,173,1021600113,44,50,0,0,1,0,0,0,0,85,88,3,94,6,away,home,44,6
7/10/2016,400864404,2016,CON,ATL,home,3.5,-110,166.5,-110,63,67,4,130,1021600116,30,43,0,0,0,0,0,0,0,63,67,4,73,13,away,home,30,13
7/13/2016,400864443,2016,NYL,ATL,home,-5.5,-110,158,-110,86,62,-24,148,1021600122,39,29,1,1,1,1,1,1,1,86,62,-24,68,-10,home,home,39,-10
7/13/2016,400864446,2016,IND,CON,home,-8,-110,163.5,-110,64,86,22,150,1021600123,35,44,0,0,0,0,0,0,0,64,86,22,79,9,away,home,35,9
7/15/2016,400864456,2016,IND,ATL,home,-4.5,-110,158.5,-110,78,72,-6,150,1021600127,32,34,0,0,0,0,0,1,1,78,72,-6,66,2,away,home,32,2
7/17/2016,400864470,2016,NYL,CON,home,-8,-110,156.5,-110,83,76,-7,159,1021600132,36,39,1,1,1,0,0,0,0,83,76,-7,75,3,away,home,36,3
7/20/2016,400864483,2016,WAS,NYL,home,3.5,-110,154,-110,81,88,7,169,1021600138,37,47,1,1,1,1,0,0,0,81,88,7,84,10,away,home,37,10
7/21/2016,400864490,2016,NYL,IND,home,-3,-110,158,-110,70,82,12,152,1021600142,38,45,1,0,0,0,0,0,0,70,82,12,83,7,away,home,38,7
7/22/2016,400864495,2016,CHI,CON,home,-5.5,-110,167,-110,89,94,5,183,1021600146,38,38,0,0,0,0,0,0,0,89,94,5,76,0,tie,home,38,0
8/26/2016,400864369,2016,CHI,ATL,home,-5,-110,167.25,-110,90,82,-8,172,1021600149,44,44,1,1,1,1,1,1,1,90,82,-8,88,0,tie,home,44,0
8/27/2016,400864379,2016,IND,WAS,home,-6,-110,156,-110,69,92,23,161,1021600152,39,36,1,1,0,0,0,0,0,69,92,23,75,-3,home,home,39,-3
8/28/2016,400864386,2016,ATL,CON,home,-4,-110,164.5,-110,87,73,-14,160,1021600153,42,35,1,1,1,1,1,1,1,87,73,-14,77,-7,home,home,42,-7
9/1/2016,400864342,2016,IND,NYL,home,3,-110,156.5,-110,98,77,-21,175,1021600161,63,38,1,1,1,1,1,1,1,98,77,-21,101,-25,home,home,63,-25
9/7/2016,400864418,2016,WAS,CHI,home,4,-110,169,-110,118,81,-37,199,1021600177,56,39,0,1,1,1,1,1,1,118,81,-37,95,-17,home,home,56,-17
9/9/2016,400864421,2016,IND,CHI,home,-7,-110,166.5,-110,95,88,-7,183,1021600180,52,44,1,1,1,1,1,1,1,95,88,-7,96,-8,home,home,52,-8
9/9/2016,400864422,2016,NYL,CON,home,-5.5,-110,164,-110,89,82,-7,171,1021600181,44,38,1,1,1,1,1,1,1,89,82,-7,82,-6,home,home,44,-6
9/11/2016,400864424,2016,CON,CHI,home,-3,-110,172,-110,86,96,10,182,1021600183,47,43,1,1,0,0,1,1,1,86,96,10,90,-4,home,home,47,-4
9/11/2016,400864425,2016,WAS,IND,home,-1,-110,162,-110,73,80,7,153,1021600184,47,42,0,0,0,1,1,1,1,73,80,7,89,-5,home,home,47,-5
9/13/2016,400864510,2016,CON,IND,home,-1,-110,164.5,-110,89,87,-2,176,1021600189,41,47,0,0,0,0,1,0,0,89,87,-2,88,6,away,home,41,6
9/13/2016,400864511,2016,NYL,WAS,home,-4.5,-110,164.75,-110,62,75,13,137,1021600190,31,43,0,0,0,0,0,0,0,62,75,13,74,12,away,home,31,12
9/15/2016,400864515,2016,ATL,WAS,home,-3,-110,163.5,-110,94,91,-3,185,1021600194,52,45,0,0,0,0,1,1,1,94,91,-3,97,-7,home,home,52,-7
9/16/2016,400864519,2016,CHI,NYL,home,-4.5,-110,171.5,-110,92,68,-24,160,1021600198,50,37,1,1,0,1,1,1,1,92,68,-24,87,-13,home,home,50,-13
9/18/2016,400864522,2016,WAS,CON,home,-2,-110,167,-110,78,87,9,165,1021600201,39,41,0,0,0,0,0,0,0,78,87,9,80,2,away,home,39,2
5/29/2016,400864466,2016,DAL,CHI,home,2,-110,171,-110,87,92,5,179,1021600030,47,56,0,1,0,0,0,0,0,87,92,5,103,9,away,home,47,9
5/29/2016,400864469,2016,PHO,WAS,home,-8,-110,161.75,-110,93,77,-16,170,1021600031,42,45,0,0,0,0,1,1,0,93,77,-16,87,3,away,home,42,3
5/31/2016,400864472,2016,NYL,MIN,home,6,-110,153.75,-110,69,79,10,148,1021600032,31,46,0,0,0,0,0,0,0,69,79,10,77,15,away,home,31,15
5/31/2016,400864474,2016,PHO,CON,home,-12,-110,164.5,-110,99,90,-9,189,1021600033,40,46,0,0,0,0,0,0,0,99,90,-9,86,6,away,home,40,6
6/1/2016,400864374,2016,IND,SEA,home,-6.5,-110,163,-110,85,75,-10,160,1021600035,51,38,0,1,1,1,1,1,1,85,75,-10,89,-13,home,home,51,-13
6/2/2016,400864382,2016,LAS,SAS,home,-17,-110,151,-110,68,61,-7,129,1021600036,35,31,1,1,1,1,1,1,1,68,61,-7,66,-4,home,home,35,-4
6/3/2016,400864401,2016,SEA,PHO,home,6,-110,168.5,-110,95,81,-14,176,1021600040,49,44,1,1,1,1,1,1,1,95,81,-14,93,-5,home,home,49,-5
6/4/2016,400864406,2016,MIN,DAL,home,-12.5,-110,163.5,-110,80,63,-17,143,1021600041,36,29,1,1,1,1,1,1,1,80,63,-17,65,-7,home,home,36,-7
6/4/2016,400864430,2016,SAS,LAS,home,10,-110,147.5,-110,61,74,13,135,1021600042,26,33,0,0,1,0,0,0,0,61,74,13,59,7,away,home,26,7
6/5/2016,400864448,2016,SEA,NYL,home,2,-110,153,-110,78,86,8,164,1021600045,45,46,0,1,1,1,1,0,1,78,86,8,91,1,away,home,45,1
6/7/2016,400864453,2016,MIN,PHO,home,-10.5,-110,167,-110,89,81,-8,170,1021600046,32,38,0,0,0,0,0,0,0,89,81,-8,70,6,away,home,32,6
6/7/2016,400864461,2016,LAS,NYL,home,-7.5,-110,151.5,-110,100,77,-23,177,1021600047,51,38,1,1,1,1,1,1,1,100,77,-23,89,-13,home,home,51,-13
6/8/2016,400864464,2016,DAL,WAS,home,-4.5,-110,162,-110,79,87,8,166,1021600048,37,40,0,0,1,0,0,1,0,79,87,8,77,3,away,home,37,3
6/9/2016,400864467,2016,PHO,SAS,home,-12,-110,154.75,-110,90,75,-15,165,1021600049,50,44,1,1,1,0,1,1,1,90,75,-15,94,-6,home,home,50,-6
6/10/2016,400864471,2016,CON,SEA,home,3,-110,162.5,-110,77,76,-1,153,1021600050,28,38,0,0,1,0,0,0,0,77,76,-1,66,10,away,home,28,10
6/10/2016,400864477,2016,ATL,MIN,home,7.5,-110,165,-110,78,110,32,188,1021600052,45,46,1,1,0,1,0,0,1,78,110,32,91,1,away,home,45,1
6/11/2016,400864479,2016,WAS,MIN,home,7.5,-110,158.5,-110,76,83,7,159,1021600053,47,45,0,0,0,0,0,0,0,76,83,7,92,-2,home,home,47,-2
6/11/2016,400864482,2016,SAS,NYL,home,7.5,-110,143,-110,75,90,15,165,1021600054,43,44,0,0,0,0,0,1,0,75,90,15,87,1,away,home,43,1
6/11/2016,400864484,2016,DAL,LAS,home,9,-110,164,-110,73,97,24,170,1021600055,32,50,0,0,0,0,0,0,0,73,97,24,82,18,away,home,32,18
6/12/2016,400864489,2016,PHO,CHI,home,-2.5,-110,174,-110,86,80,-6,166,1021600057,36,47,0,0,0,0,0,0,0,86,80,-6,83,11,away,home,36,11
6/12/2016,400864494,2016,IND,SEA,home,-6,-110,162,-110,88,90,2,178,1021600058,36,42,0,0,0,0,0,0,0,88,90,2,78,6,away,home,36,6
6/14/2016,400864497,2016,NYL,DAL,home,-8,-110,161.5,-110,91,88,-3,179,1021600060,56,50,0,0,0,0,1,1,1,91,88,-3,106,-6,home,home,56,-6
6/14/2016,400864498,2016,MIN,IND,home,-13.5,-110,164,-110,87,63,-24,150,1021600061,49,31,1,1,1,1,1,1,1,87,63,-24,80,-18,home,home,49,-18
6/14/2016,400864499,2016,SAS,SEA,home,4,-110,148,-110,77,70,-7,147,1021600062,41,33,1,1,1,1,1,1,1,77,70,-7,74,-8,home,home,41,-8
6/14/2016,400864500,2016,LAS,CHI,home,-8,-110,167.75,-110,98,85,-13,183,1021600063,46,37,1,1,1,1,1,1,1,98,85,-13,83,-9,home,home,46,-9
6/16/2016,400864502,2016,DAL,SEA,home,-5.5,-110,166.5,-110,88,79,-9,167,1021600065,36,38,1,1,1,1,1,0,0,88,79,-9,74,2,away,home,36,2
6/17/2016,400864504,2016,SAS,IND,home,5,-110,150.5,-110,75,84,9,159,1021600067,29,42,0,0,0,0,0,0,0,75,84,9,71,13,away,home,29,13
6/17/2016,400864505,2016,LAS,PHO,home,-10,-110,169.5,-110,77,71,-6,148,1021600068,40,36,1,1,1,1,1,1,1,77,71,-6,76,-4,home,home,40,-4
6/18/2016,400864507,2016,PHO,DAL,home,-7.5,-110,174.5,-110,111,117,6,228,1021600070,48,42,0,0,0,1,1,1,1,111,117,6,90,-6,home,home,48,-6
6/19/2016,400864528,2016,CON,SAS,home,-5.5,-110,152.75,-110,93,90,-3,183,1021600071,45,45,1,1,1,1,1,1,1,93,90,-3,90,0,tie,home,45,0
6/19/2016,400864530,2016,SEA,MIN,home,11,-110,160,-110,84,96,12,180,1021600073,46,53,1,1,1,1,1,0,0,84,96,12,99,7,away,home,46,7
6/21/2016,400864531,2016,LAS,MIN,home,-3,-110,162.5,-110,69,72,3,141,1021600074,39,38,0,0,0,0,0,0,0,69,72,3,77,-1,home,home,39,-1
6/21/2016,400864532,2016,CHI,SAS,home,-13.5,-110,161,-110,81,75,-6,156,1021600075,35,32,1,1,1,1,1,1,1,81,75,-6,67,-3,home,home,35,-3
6/21/2016,400864533,2016,DAL,PHO,home,3,-110,174.5,-110,100,90,-10,190,1021600076,48,44,0,0,0,1,0,1,1,100,90,-10,92,-4,home,home,48,-4
6/23/2016,400864537,2016,DAL,SAS,home,-10.5,-110,164.5,-110,97,90,-7,187,1021600079,50,34,0,0,1,1,1,1,1,97,90,-7,84,-16,home,home,50,-16
6/24/2016,400864538,2016,WAS,PHO,home,-2.5,-110,166.5,-110,79,91,12,170,1021600080,40,55,0,0,0,0,0,0,0,79,91,12,95,15,away,home,40,15
6/24/2016,400864540,2016,MIN,LAS,home,-5.5,-110,157,-110,76,94,18,170,1021600082,36,38,1,0,0,0,1,1,0,76,94,18,74,2,away,home,36,2
6/24/2016,400864541,2016,SEA,CON,home,-7.5,-110,165,-110,98,81,-17,179,1021600083,56,37,1,1,1,1,1,1,1,98,81,-17,93,-19,home,home,56,-19
6/25/2016,400864542,2016,SAS,ATL,home,4.5,-110,158.5,-110,73,69,-4,142,1021600084,32,37,1,1,0,0,0,0,0,73,69,-4,69,5,away,home,32,5
6/25/2016,400864543,2016,DAL,IND,home,-6,-110,170,-110,87,92,5,179,1021600085,48,52,0,0,0,0,0,0,0,87,92,5,100,4,away,home,48,4
6/26/2016,400864544,2016,NYL,PHO,home,-2,-110,166,-110,97,104,7,201,1021600086,46,47,0,0,0,0,0,0,0,97,104,7,93,1,away,home,46,1
6/26/2016,400864545,2016,WAS,MIN,home,8,-110,160.25,-110,87,63,-24,150,1021600087,52,30,1,1,1,1,1,1,1,87,63,-24,82,-22,home,home,52,-22
6/26/2016,400864546,2016,LAS,CON,home,-16,-110,164.5,-110,80,73,-7,153,1021600088,36,38,1,1,1,1,0,0,1,80,73,-7,74,2,away,home,36,2
6/28/2016,400864547,2016,SEA,ATL,home,-5.5,-110,165,-110,84,81,-3,165,1021600089,45,35,0,1,1,1,1,1,1,84,81,-3,80,-10,home,home,45,-10
6/28/2016,400864548,2016,LAS,DAL,home,-10.5,-110,170,-110,89,84,-5,173,1021600090,34,53,0,0,0,0,0,0,0,89,84,-5,87,19,away,home,34,19
6/29/2016,400864549,2016,WAS,SAS,home,-9.5,-110,153.5,-110,84,67,-17,151,1021600091,50,27,1,1,1,1,1,1,1,84,67,-17,77,-23,home,home,50,-23
6/29/2016,400864551,2016,MIN,NYL,home,-13.5,-110,156,-110,92,95,3,187,1021600093,43,45,0,0,0,0,0,0,0,92,95,3,88,2,away,home,43,2
6/29/2016,400864552,2016,PHO,CON,home,-13,-110,174.75,-110,86,75,-11,161,1021600094,41,37,1,1,1,1,1,1,1,86,75,-11,78,-4,home,home,41,-4
6/30/2016,400864553,2016,LAS,ATL,home,-11,-110,162.5,-110,84,75,-9,159,1021600095,35,37,1,0,0,0,0,0,0,84,75,-9,72,2,away,home,35,2
6/30/2016,400864554,2016,SEA,DAL,home,-1,-110,172.5,-110,78,83,5,161,1021600096,46,44,0,1,1,0,0,0,1,78,83,5,90,-2,home,home,46,-2
7/1/2016,400864355,2016,IND,SAS,home,-9,-110,154.5,-110,85,87,2,172,1021600097,43,36,1,0,1,1,1,1,1,85,87,2,79,-7,home,home,43,-7
7/1/2016,400864358,2016,PHO,NYL,home,-3.5,-110,165.5,-110,88,99,11,187,1021600099,39,53,0,0,0,0,0,0,0,88,99,11,92,14,away,home,39,14
7/2/2016,400864360,2016,MIN,SAS,home,-17.5,-110,155,-110,91,68,-23,159,1021600100,47,28,1,1,1,1,1,1,1,91,68,-23,75,-19,home,home,47,-19
7/2/2016,400864363,2016,DAL,CON,home,-9,-110,173.5,-110,83,86,3,169,1021600101,38,41,1,1,1,0,0,0,0,83,86,3,79,3,away,home,38,3
7/3/2016,400864365,2016,LAS,NYL,home,-7,-110,160,-110,77,67,-10,144,1021600102,44,38,1,1,1,1,1,1,1,77,67,-10,82,-6,home,home,44,-6
7/3/2016,400864366,2016,ATL,PHO,home,2,-110,175,-110,87,95,8,182,1021600103,44,50,0,1,1,1,1,0,0,87,95,8,94,6,away,home,44,6
7/5/2016,400864368,2016,ATL,SEA,home,-6,-110,168,-110,77,64,-13,141,1021600104,28,28,1,1,1,1,1,0,0,77,64,-13,56,0,tie,home,28,0
7/5/2016,400864371,2016,MIN,CHI,home,-10.5,-110,166.5,-110,87,82,-5,169,1021600105,52,51,1,1,1,0,0,0,0,87,82,-5,103,-1,home,home,52,-1
7/5/2016,400864375,2016,DAL,PHO,home,1,-110,179.75,-110,77,74,-3,151,1021600106,40,42,1,0,1,1,0,0,1,77,74,-3,82,2,away,home,40,2
7/6/2016,400864377,2016,NYL,SEA,home,-9.5,-110,157.5,-110,78,74,-4,152,1021600107,39,33,1,1,1,1,1,1,1,78,74,-4,72,-6,home,home,39,-6
7/6/2016,400864380,2016,SAS,WAS,home,7,-110,150.5,-110,77,70,-7,147,1021600108,38,37,1,1,1,1,1,1,0,77,70,-7,75,-1,home,home,38,-1
7/6/2016,400864383,2016,LAS,IND,home,-11.5,-110,159.5,-110,94,88,-6,182,1021600109,41,30,1,1,1,1,1,1,1,94,88,-6,71,-11,home,home,41,-11
7/7/2016,400864385,2016,CON,MIN,home,11.5,-110,163.5,-110,93,89,-4,182,1021600110,34,33,0,1,0,0,1,1,1,93,89,-4,67,-1,home,home,34,-1
7/8/2016,400864392,2016,ATL,DAL,home,-2.5,-110,172,-110,95,90,-5,185,1021600111,52,39,0,0,1,1,1,1,1,95,90,-5,91,-13,home,home,52,-13
7/8/2016,400864395,2016,SAS,SEA,home,4,-110,151.25,-110,68,78,10,146,1021600112,38,47,0,0,0,0,0,0,0,68,78,10,85,9,away,home,38,9
7/8/2016,400864399,2016,PHO,IND,home,-6,-110,172.5,-110,60,78,18,138,1021600114,29,28,0,1,1,1,0,0,0,60,78,18,57,-1,home,home,29,-1
7/9/2016,400864402,2016,MIN,DAL,home,-11.5,-110,168,-110,93,56,-37,149,1021600115,58,32,1,1,1,1,1,1,1,93,56,-37,90,-26,home,home,58,-26
7/10/2016,400864407,2016,NYL,SAS,home,-12.5,-110,151.5,-110,75,65,-10,140,1021600117,33,31,1,1,1,1,1,1,1,75,65,-10,64,-2,home,home,33,-2
7/10/2016,400864431,2016,CHI,PHO,home,-6.5,-110,172.75,-110,100,95,-5,195,1021600118,53,49,1,0,0,0,1,0,0,100,95,-5,102,-4,home,home,53,-4
7/10/2016,400864434,2016,LAS,WAS,home,-10,-110,156.5,-110,93,82,-11,175,1021600119,44,42,0,0,0,0,0,0,1,93,82,-11,86,-2,home,home,44,-2
7/10/2016,400864435,2016,SEA,IND,home,3.5,-110,159.5,-110,82,93,11,175,1021600120,50,44,0,0,0,0,1,1,1,82,93,11,94,-6,home,home,50,-6
7/12/2016,400864438,2016,SAS,MIN,home,14,-110,155,-110,57,81,24,138,1021600121,27,36,0,0,0,0,0,0,0,57,81,24,63,9,away,home,27,9
7/13/2016,400864449,2016,CHI,LAS,home,6,-110,169,-110,67,77,10,144,1021600124,35,44,1,1,0,0,0,0,0,67,77,10,79,9,away,home,35,9
7/13/2016,400864451,2016,PHO,WAS,home,-5,-110,170.25,-110,78,74,-4,152,1021600125,45,41,1,1,1,0,0,1,1,78,74,-4,86,-4,home,home,45,-4
7/15/2016,400864454,2016,CON,LAS,home,9,-110,158,-110,92,98,6,190,1021600126,55,44,1,1,1,1,1,1,1,92,98,6,99,-11,home,home,55,-11
7/15/2016,400864457,2016,MIN,NYL,home,-9,-110,157.5,-110,88,70,-18,158,1021600128,43,36,0,1,1,1,1,1,1,88,70,-18,79,-7,home,home,43,-7
7/15/2016,400864460,2016,CHI,DAL,home,-6,-110,172,-110,84,77,-7,161,1021600129,38,35,1,1,0,0,1,1,1,84,77,-7,73,-3,home,home,38,-3
7/15/2016,400864462,2016,SEA,WAS,home,1,-110,158.25,-110,80,51,-29,131,1021600130,41,23,1,1,1,1,1,1,1,80,51,-29,64,-18,home,home,41,-18
7/16/2016,400864468,2016,PHO,SAS,home,-8,-110,151,-110,83,64,-19,147,1021600131,35,28,0,1,1,1,1,1,1,83,64,-19,63,-7,home,home,35,-7
7/17/2016,400864473,2016,ATL,LAS,home,9,-110,161.5,-110,91,74,-17,165,1021600133,43,40,1,1,0,1,1,1,1,91,74,-17,83,-3,home,home,43,-3
7/17/2016,400864476,2016,DAL,MIN,home,9,-110,165,-110,97,98,1,195,1021600134,50,55,0,0,0,0,0,0,0,97,98,1,105,5,away,home,50,5
7/17/2016,400864478,2016,SEA,CHI,home,1.5,-110,164,-110,88,91,3,179,1021600135,32,56,0,0,0,0,0,0,0,88,91,3,88,24,away,home,32,24
7/19/2016,400864480,2016,IND,LAS,home,5,-110,158,-110,92,82,-10,174,1021600136,49,40,1,1,1,1,1,1,1,92,82,-10,89,-9,home,home,49,-9
7/19/2016,400864481,2016,PHO,CHI,home,-4.5,-110,174,-110,77,79,2,156,1021600137,30,42,0,0,0,0,0,0,0,77,79,2,72,12,away,home,30,12
7/20/2016,400864485,2016,DAL,CON,home,-6,-110,169,-110,78,89,11,167,1021600139,33,48,0,0,0,0,0,0,0,78,89,11,81,15,away,home,33,15
7/20/2016,400864486,2016,MIN,ATL,home,-13,-110,163.5,-110,83,65,-18,148,1021600140,40,28,1,1,1,1,1,1,1,83,65,-18,68,-12,home,home,40,-12
7/20/2016,400864488,2016,SEA,SAS,home,-9,-110,150,-110,83,69,-14,152,1021600141,36,33,1,1,1,1,1,1,1,83,69,-14,69,-3,home,home,36,-3
7/22/2016,400864491,2016,WAS,LAS,home,9,-110,157,-110,75,95,20,170,1021600143,37,49,0,0,0,0,0,0,0,75,95,20,86,12,away,home,37,12
7/22/2016,400864492,2016,ATL,DAL,home,-2,-110,164,-110,93,88,-5,181,1021600144,50,52,0,0,0,0,0,0,0,93,88,-5,102,2,away,home,50,2
7/22/2016,400864493,2016,MIN,SEA,home,-12,-110,159.5,-110,79,72,-7,151,1021600145,38,36,1,1,1,1,1,1,1,79,72,-7,74,-2,home,home,38,-2
8/26/2016,400864364,2016,CON,MIN,home,8,-110,160,-110,84,80,-4,164,1021600147,53,44,1,1,1,0,0,1,1,84,80,-4,97,-9,home,home,53,-9
8/26/2016,400864367,2016,SAS,NYL,home,9.5,-110,149.5,-110,77,84,7,161,1021600148,46,44,0,1,0,1,0,1,1,77,84,7,90,-2,home,home,46,-2
8/26/2016,400864372,2016,PHO,DAL,home,-6,-110,172,-110,98,72,-26,170,1021600150,52,42,0,0,0,0,0,0,0,98,72,-26,94,-10,home,home,52,-10
8/26/2016,400864376,2016,SEA,LAS,home,9,-110,160.5,-110,79,72,-7,151,1021600151,31,28,1,1,1,1,1,1,1,79,72,-7,59,-3,home,home,31,-3
8/28/2016,400864391,2016,DAL,CHI,home,-1.5,-110,171.5,-110,85,92,7,177,1021600154,37,50,0,0,0,0,0,0,0,85,92,7,87,13,away,home,37,13
8/28/2016,400864394,2016,MIN,SEA,home,-11.5,-110,156,-110,92,80,-12,172,1021600155,41,47,1,1,1,1,1,0,0,92,80,-12,88,6,away,home,41,6
8/28/2016,400864535,2016,WAS,SAS,home,-9.5,-110,152.5,-110,74,85,11,159,1021600156,20,43,0,0,0,0,0,0,0,74,85,11,63,23,away,home,20,23
8/28/2016,400864428,2016,PHO,LAS,home,3.5,-110,165.5,-110,70,66,-4,136,1021600157,32,30,0,1,1,1,1,0,0,70,66,-4,62,-2,home,home,32,-2
8/30/2016,400864433,2016,CON,SAS,home,-7,-110,158,-110,89,62,-27,151,1021600158,49,25,1,1,1,1,1,1,1,89,62,-27,74,-24,home,home,49,-24
8/30/2016,400864436,2016,IND,PHO,home,2.5,-110,167,-110,65,79,14,144,1021600159,26,33,0,1,0,0,0,0,0,65,79,14,59,7,away,home,26,7
8/31/2016,400864440,2016,SEA,DAL,home,-5,-110,165.5,-110,78,66,-12,144,1021600160,41,30,1,1,1,1,1,1,1,78,66,-12,71,-11,home,home,41,-11
9/1/2016,400864343,2016,SAS,LAS,home,14.5,-110,152.5,-110,61,70,9,131,1021600162,36,34,1,1,1,1,1,1,1,61,70,9,70,-2,home,home,36,-2
9/2/2016,400864344,2016,CON,PHO,home,5,-110,163,-110,87,74,-13,161,1021600163,46,38,0,1,1,1,1,1,1,87,74,-13,84,-8,home,home,46,-8
9/2/2016,400864345,2016,MIN,WAS,home,-11.5,-110,159.75,-110,75,69,-6,144,1021600164,43,34,1,1,1,1,1,1,1,75,69,-6,77,-9,home,home,43,-9
9/2/2016,400864346,2016,CHI,SEA,home,-7,-110,165.25,-110,92,88,-4,180,1021600165,55,43,1,1,1,1,0,0,1,92,88,-4,98,-12,home,home,55,-12
9/2/2016,400864347,2016,DAL,LAS,home,6.5,-110,164.5,-110,79,87,8,166,1021600166,41,43,1,1,1,1,0,0,0,79,87,8,84,2,away,home,41,2
9/3/2016,400864408,2016,NYL,PHO,home,-2.5,-110,161,-110,92,70,-22,162,1021600167,48,34,1,1,1,1,1,1,1,92,70,-22,82,-14,home,home,48,-14
9/4/2016,400864409,2016,DAL,WAS,home,-3.5,-110,163.5,-110,83,88,5,171,1021600168,42,40,0,0,0,0,0,1,0,83,88,5,82,-2,home,home,42,-2
9/4/2016,400864410,2016,CHI,SAS,home,-11.5,-110,160,-110,97,73,-24,170,1021600169,51,47,1,1,1,1,1,1,1,97,73,-24,98,-4,home,home,51,-4
9/4/2016,400864411,2016,ATL,SEA,home,-4,-110,162.5,-110,82,91,9,173,1021600170,33,41,1,1,0,0,0,0,0,82,91,9,74,8,away,home,33,8
9/4/2016,400864412,2016,LAS,IND,home,-8.5,-110,160.5,-110,88,81,-7,169,1021600171,46,41,1,1,1,1,1,1,1,88,81,-7,87,-5,home,home,46,-5
9/4/2016,400864413,2016,MIN,CON,home,-10,-110,162,-110,93,79,-14,172,1021600172,44,34,1,1,1,0,1,1,1,93,79,-14,78,-10,home,home,44,-10
9/6/2016,400864414,2016,ATL,PHO,home,4,-110,169,-110,91,87,-4,178,1021600173,42,34,1,1,1,1,1,1,1,91,87,-4,76,-8,home,home,42,-8
9/6/2016,400864415,2016,SAS,IND,home,8,-110,154,-110,69,71,2,140,1021600174,36,40,0,1,1,1,0,0,0,69,71,2,76,4,away,home,36,4
9/6/2016,400864416,2016,LAS,MIN,home,-1.5,-110,158.5,-110,74,77,3,151,1021600175,37,42,1,1,0,0,0,0,0,74,77,3,79,5,away,home,37,5
9/7/2016,400864417,2016,NYL,SEA,home,-6,-110,161.5,-110,78,102,24,180,1021600176,46,48,1,1,1,1,0,0,0,78,102,24,94,2,away,home,46,2
9/8/2016,400864419,2016,LAS,ATL,home,-9,-110,163,-110,81,86,5,167,1021600178,36,41,0,0,0,0,0,0,0,81,86,5,77,5,away,home,36,5
9/9/2016,400864420,2016,WAS,SEA,home,-3,-110,163.75,-110,76,81,5,157,1021600179,39,41,0,0,0,1,1,1,0,76,81,5,80,2,away,home,39,2
9/9/2016,400864423,2016,SAS,DAL,home,4,-110,157,-110,84,92,8,176,1021600182,37,47,0,0,0,0,0,0,0,84,92,8,84,10,away,home,37,10
9/11/2016,400864426,2016,DAL,NYL,home,2.5,-110,171.25,-110,84,81,-3,165,1021600185,55,35,1,1,1,1,1,1,1,84,81,-3,90,-20,home,home,55,-20
9/11/2016,400864427,2016,SAS,MIN,home,13,-110,154.5,-110,76,81,5,157,1021600186,39,41,0,0,0,0,0,0,0,76,81,5,80,2,away,home,39,2
9/11/2016,400864508,2016,PHO,ATL,home,-6.5,-110,168,-110,86,75,-11,161,1021600187,49,34,1,1,1,1,1,1,1,86,75,-11,83,-15,home,home,49,-15
9/11/2016,400864509,2016,SEA,LAS,home,2.5,-110,160,-110,78,60,-18,138,1021600188,49,27,1,1,1,1,1,1,1,78,60,-18,76,-22,home,home,49,-22
9/13/2016,400864512,2016,ATL,SAS,home,-8.5,-110,158.5,-110,67,71,4,138,1021600191,25,31,0,0,0,0,0,0,0,67,71,4,56,6,away,home,25,6
9/13/2016,400864513,2016,CHI,MIN,home,5,-110,170,-110,98,97,-1,195,1021600192,41,39,0,0,1,1,0,0,1,98,97,-1,80,-2,home,home,41,-2
9/13/2016,400864514,2016,LAS,PHO,home,-3,-110,162,-110,90,85,-5,175,1021600193,39,47,1,1,1,1,1,0,0,90,85,-5,86,8,away,home,39,8
9/15/2016,400864516,2016,PHO,SEA,home,-6.5,-110,162.75,-110,86,62,-24,148,1021600195,50,29,1,1,1,1,1,1,1,86,62,-24,79,-21,home,home,50,-21
9/16/2016,400864517,2016,CON,DAL,home,-4.5,-110,173,-110,107,74,-33,181,1021600196,54,41,0,0,0,0,0,1,1,107,74,-33,95,-13,home,home,54,-13
9/16/2016,400864518,2016,IND,MIN,home,1.5,-110,163,-110,75,82,7,157,1021600197,41,45,1,0,0,0,0,0,0,75,82,7,86,4,away,home,41,4
9/16/2016,400864520,2016,LAS,SAS,home,-12,-110,152.5,-110,71,65,-6,136,1021600199,36,24,1,1,1,1,1,1,1,71,65,-6,60,-12,home,home,36,-12
9/17/2016,400864521,2016,MIN,ATL,home,-7,-110,164.5,-110,95,87,-8,182,1021600200,59,50,1,1,1,1,1,1,1,95,87,-8,109,-9,home,home,59,-9
9/18/2016,400864523,2016,IND,DAL,home,-8,-110,169.5,-110,83,60,-23,143,1021600202,45,26,0,1,1,1,1,1,1,83,60,-23,71,-19,home,home,45,-19
9/18/2016,400864524,2016,SAS,PHO,home,7.5,-110,158.5,-110,65,81,16,146,1021600203,33,45,0,0,0,0,0,0,0,65,81,16,78,12,away,home,33,12
9/18/2016,400864525,2016,SEA,CHI,home,-6,-110,169,-110,88,75,-13,163,1021600204,39,34,0,1,0,1,1,1,1,88,75,-13,73,-5,home,home,39,-5
9/21/2016,400910431,2016,ATL,SEA,home,4.5,-110,161,-110,94,85,-9,179,1041600111,37,45,1,1,0,0,0,0,0,94,85,-9,82,8,away,home,37,8
9/21/2016,400910430,2016,IND,PHO,home,4.5,-110,160,-110,78,89,11,167,1041600101,38,35,0,0,1,0,1,1,1,78,89,11,73,-3,home,home,38,-3
9/24/2016,400910450,2016,NYL,PHO,home,2.5,-110,162,-110,94,101,7,195,1041600201,41,52,0,0,0,1,0,0,0,94,101,7,93,11,away,home,41,11
9/25/2016,400910451,2016,CHI,ATL,home,-2,-110,172,-110,108,98,-10,206,1041600211,56,50,1,1,1,1,1,1,1,108,98,-10,106,-6,home,home,56,-6
9/28/2016,400910452,2016,MIN,PHO,home,-6,-110,165,-110,113,95,-18,208,1041600301,55,38,0,0,1,1,1,1,1,113,95,-18,93,-17,home,home,55,-17
10/2/2016,400910454,2016,PHO,MIN,home,2,-110,173,-110,67,82,15,149,1041600303,38,39,1,1,1,1,0,0,0,67,82,15,77,1,away,home,38,1
9/30/2016,400910453,2016,MIN,PHO,home,-7.5,-110,170,-110,96,86,-10,182,1041600302,55,47,1,1,1,1,1,1,1,96,86,-10,102,-8,home,home,55,-8
9/30/2016,400910458,2016,LAS,CHI,home,-12,-110,169,-110,99,84,-15,183,1041600312,57,42,0,1,1,1,1,1,1,99,84,-15,99,-15,home,home,57,-15
10/2/2016,400910459,2016,CHI,LAS,home,8,-110,174,-110,70,66,-4,136,1041600313,30,39,0,0,0,0,0,0,0,70,66,-4,69,9,away,home,30,9
9/28/2016,400910457,2016,LAS,CHI,home,-11,-110,167.5,-110,95,75,-20,170,1041600311,52,35,1,1,1,1,1,1,1,95,75,-20,87,-17,home,home,52,-17
10/4/2016,400910460,2016,CHI,LAS,home,7.5,-110,166,-110,75,95,20,170,1041600314,31,55,0,0,0,0,0,0,0,75,95,20,86,24,away,home,31,24
10/11/2016,400920461,2016,MIN,LAS,home,-7,-110,159.5,-110,79,60,-19,139,1041600402,39,25,0,1,1,1,1,1,1,79,60,-19,64,-14,home,home,39,-14
10/14/2016,400920462,2016,LAS,MIN,home,-1,-110,159.5,-110,92,75,-17,167,1041600403,48,40,1,1,1,1,1,1,1,92,75,-17,88,-8,home,home,48,-8
10/9/2016,400920400,2016,MIN,LAS,home,-6.5,-110,161,-110,76,78,2,154,1041600401,36,34,0,0,0,0,1,1,0,76,78,2,70,-2,home,home,36,-2
10/16/2016,400920463,2016,LAS,MIN,home,-1,-110,160,-110,79,85,6,164,1041600404,40,46,1,1,0,0,0,0,0,79,85,6,86,6,away,home,40,6
10/20/2016,400920464,2016,MIN,LAS,home,-5.5,-110,156.75,-110,76,77,1,153,1041600405,34,28,1,0,1,0,1,1,0,76,77,1,62,-6,home,home,34,-6
5/29/2016,400864465,2016,IND,ATL,away,5,-110,169,-110,76,85,9,161,1021600029,43,33,0,0,0,0,0,0,0,85,76,-9,76,-10,home,away,33,10
6/1/2016,400864362,2016,CHI,WAS,away,-4,-110,163,-110,86,78,-8,164,1021600034,37,45,1,0,1,1,1,1,1,78,86,8,82,8,away,away,45,-8
6/3/2016,400864388,2016,ATL,CON,away,-7.5,-110,167,-110,83,77,-6,160,1021600037,39,43,0,0,0,0,0,1,1,77,83,6,82,4,away,away,43,-4
6/3/2016,400864390,2016,IND,NYL,away,5,-110,156.75,-110,59,91,32,150,1021600038,42,29,1,0,0,0,0,0,0,91,59,-32,71,-13,home,away,29,13
6/3/2016,400864396,2016,WAS,CHI,away,10,-110,162,-110,72,98,26,170,1021600039,60,36,0,0,0,0,0,0,0,98,72,-26,96,-24,home,away,36,24
6/5/2016,400864441,2016,IND,CON,away,-6,-110,164.5,-110,88,77,-11,165,1021600043,35,47,1,1,1,1,1,1,1,77,88,11,82,12,away,away,47,-12
6/5/2016,400864445,2016,WAS,ATL,away,9,-110,162.5,-110,86,79,-7,165,1021600044,43,44,0,0,0,1,1,1,0,79,86,7,87,1,away,away,44,-1
6/10/2016,400864475,2016,CHI,IND,away,-1.5,-110,172,-110,73,64,-9,137,1021600051,33,41,1,1,0,1,1,1,1,64,73,9,74,8,away,away,41,-8
6/12/2016,400864487,2016,CON,ATL,away,8.5,-110,168,-110,87,93,6,180,1021600056,46,41,0,1,1,1,0,0,0,93,87,-6,87,-5,home,away,41,5
6/14/2016,400864496,2016,WAS,CON,away,-3,-110,162,-110,109,106,-3,215,1021600059,42,44,1,1,1,0,1,1,1,106,109,3,86,2,away,away,44,-2
6/16/2016,400864501,2016,NYL,CON,away,-7.5,-110,162,-110,80,72,-8,152,1021600064,36,41,1,0,1,1,0,1,1,72,80,8,77,5,away,away,41,-5
6/17/2016,400864503,2016,CHI,ATL,away,-4.5,-110,176.5,-110,97,101,4,198,1021600066,55,55,1,1,0,1,1,1,1,101,97,-4,110,0,tie,away,55,-0
6/18/2016,400864506,2016,ATL,WAS,away,4.5,-110,165,-110,65,95,30,160,1021600069,47,34,0,0,0,0,0,0,0,95,65,-30,81,-13,home,away,34,13
6/19/2016,400864529,2016,NYL,IND,away,-3,-110,158.5,-110,78,75,-3,153,1021600072,42,37,0,0,1,0,0,0,0,75,78,3,79,-5,home,away,37,5
6/22/2016,400864534,2016,NYL,ATL,away,-2.5,-110,163,-110,90,79,-11,169,1021600077,37,36,1,1,1,1,1,0,1,79,90,11,73,-1,home,away,36,1
6/22/2016,400864536,2016,IND,WAS,away,4.5,-110,158.5,-110,62,76,14,138,1021600078,34,35,1,1,1,1,1,1,0,76,62,-14,69,1,away,away,35,-1
6/24/2016,400864539,2016,CHI,NYL,away,4.5,-110,161.5,-110,79,80,1,159,1021600081,50,40,1,1,0,0,0,0,0,80,79,-1,90,-10,home,away,40,10
6/29/2016,400864550,2016,IND,CHI,away,6,-110,167,-110,95,83,-12,178,1021600092,38,44,1,1,1,1,1,1,1,83,95,12,82,6,away,away,44,-6
7/1/2016,400864356,2016,WAS,CHI,away,4,-110,167,-110,84,86,2,170,1021600098,40,50,1,1,1,1,1,1,1,86,84,-2,90,10,away,away,50,-10
7/8/2016,400864398,2016,NYL,CHI,away,1.5,-110,165,-110,88,85,-3,173,1021600113,44,50,1,1,0,1,1,1,1,85,88,3,94,6,away,away,50,-6
7/10/2016,400864404,2016,ATL,CON,away,-3.5,-110,166.5,-110,67,63,-4,130,1021600116,30,43,1,1,1,1,1,1,1,63,67,4,73,13,away,away,43,-13
7/13/2016,400864443,2016,ATL,NYL,away,5.5,-110,158,-110,62,86,24,148,1021600122,39,29,0,0,0,0,0,0,0,86,62,-24,68,-10,home,away,29,10
7/13/2016,400864446,2016,CON,IND,away,8,-110,163.5,-110,86,64,-22,150,1021600123,35,44,1,1,1,1,1,1,1,64,86,22,79,9,away,away,44,-9
7/15/2016,400864456,2016,ATL,IND,away,4.5,-110,158.5,-110,72,78,6,150,1021600127,32,34,1,1,1,1,1,0,0,78,72,-6,66,2,away,away,34,-2
7/17/2016,400864470,2016,CON,NYL,away,8,-110,156.5,-110,76,83,7,159,1021600132,36,39,0,0,0,1,1,1,1,83,76,-7,75,3,away,away,39,-3
7/20/2016,400864483,2016,NYL,WAS,away,-3.5,-110,154,-110,88,81,-7,169,1021600138,37,47,0,0,0,0,1,1,1,81,88,7,84,10,away,away,47,-10
7/21/2016,400864490,2016,IND,NYL,away,3,-110,158,-110,82,70,-12,152,1021600142,38,45,0,1,1,1,1,1,1,70,82,12,83,7,away,away,45,-7
7/22/2016,400864495,2016,CON,CHI,away,5.5,-110,167,-110,94,89,-5,183,1021600146,38,38,1,1,1,1,1,1,1,89,94,5,76,0,tie,away,38,-0
8/26/2016,400864369,2016,ATL,CHI,away,5,-110,167.25,-110,82,90,8,172,1021600149,44,44,0,0,0,0,0,0,0,90,82,-8,88,0,tie,away,44,-0
8/27/2016,400864379,2016,WAS,IND,away,6,-110,156,-110,92,69,-23,161,1021600152,39,36,0,0,1,1,1,1,1,69,92,23,75,-3,home,away,36,3
8/28/2016,400864386,2016,CON,ATL,away,4,-110,164.5,-110,73,87,14,160,1021600153,42,35,0,0,0,0,0,0,0,87,73,-14,77,-7,home,away,35,7
9/1/2016,400864342,2016,NYL,IND,away,-3,-110,156.5,-110,77,98,21,175,1021600161,63,38,0,0,0,0,0,0,0,98,77,-21,101,-25,home,away,38,25
9/7/2016,400864418,2016,CHI,WAS,away,-4,-110,169,-110,81,118,37,199,1021600177,56,39,1,0,0,0,0,0,0,118,81,-37,95,-17,home,away,39,17
9/9/2016,400864421,2016,CHI,IND,away,7,-110,166.5,-110,88,95,7,183,1021600180,52,44,0,0,0,0,0,0,0,95,88,-7,96,-8,home,away,44,8
9/9/2016,400864422,2016,CON,NYL,away,5.5,-110,164,-110,82,89,7,171,1021600181,44,38,0,0,0,0,0,0,0,89,82,-7,82,-6,home,away,38,6
9/11/2016,400864424,2016,CHI,CON,away,3,-110,172,-110,96,86,-10,182,1021600183,47,43,0,0,1,1,0,0,0,86,96,10,90,-4,home,away,43,4
9/11/2016,400864425,2016,IND,WAS,away,1,-110,162,-110,80,73,-7,153,1021600184,47,42,1,1,1,0,0,0,0,73,80,7,89,-5,home,away,42,5
9/13/2016,400864510,2016,IND,CON,away,1,-110,164.5,-110,87,89,2,176,1021600189,41,47,1,1,1,1,0,1,1,89,87,-2,88,6,away,away,47,-6
9/13/2016,400864511,2016,WAS,NYL,away,4.5,-110,164.75,-110,75,62,-13,137,1021600190,31,43,1,1,1,1,1,1,1,62,75,13,74,12,away,away,43,-12
9/15/2016,400864515,2016,WAS,ATL,away,3,-110,163.5,-110,91,94,3,185,1021600194,52,45,1,1,1,1,0,0,0,94,91,-3,97,-7,home,away,45,7
9/16/2016,400864519,2016,NYL,CHI,away,4.5,-110,171.5,-110,68,92,24,160,1021600198,50,37,0,0,1,0,0,0,0,92,68,-24,87,-13,home,away,37,13
9/18/2016,400864522,2016,CON,WAS,away,2,-110,167,-110,87,78,-9,165,1021600201,39,41,1,1,1,1,1,1,1,78,87,9,80,2,away,away,41,-2
5/29/2016,400864466,2016,CHI,DAL,away,-2,-110,171,-110,92,87,-5,179,1021600030,47,56,1,0,1,1,1,1,1,87,92,5,103,9,away,away,56,-9
5/29/2016,400864469,2016,WAS,PHO,away,8,-110,161.75,-110,77,93,16,170,1021600031,42,45,1,1,1,1,0,0,1,93,77,-16,87,3,away,away,45,-3
5/31/2016,400864472,2016,MIN,NYL,away,-6,-110,153.75,-110,79,69,-10,148,1021600032,31,46,1,1,1,1,1,1,1,69,79,10,77,15,away,away,46,-15
5/31/2016,400864474,2016,CON,PHO,away,12,-110,164.5,-110,90,99,9,189,1021600033,40,46,1,1,1,1,1,1,1,99,90,-9,86,6,away,away,46,-6
6/1/2016,400864374,2016,SEA,IND,away,6.5,-110,163,-110,75,85,10,160,1021600035,51,38,1,0,0,0,0,0,0,85,75,-10,89,-13,home,away,38,13
6/2/2016,400864382,2016,SAS,LAS,away,17,-110,151,-110,61,68,7,129,1021600036,35,31,0,0,0,0,0,0,0,68,61,-7,66,-4,home,away,31,4
6/3/2016,400864401,2016,PHO,SEA,away,-6,-110,168.5,-110,81,95,14,176,1021600040,49,44,0,0,0,0,0,0,0,95,81,-14,93,-5,home,away,44,5
6/4/2016,400864406,2016,DAL,MIN,away,12.5,-110,163.5,-110,63,80,17,143,1021600041,36,29,0,0,0,0,0,0,0,80,63,-17,65,-7,home,away,29,7
6/4/2016,400864430,2016,LAS,SAS,away,-10,-110,147.5,-110,74,61,-13,135,1021600042,26,33,1,1,0,1,1,1,1,61,74,13,59,7,away,away,33,-7
6/5/2016,400864448,2016,NYL,SEA,away,-2,-110,153,-110,86,78,-8,164,1021600045,45,46,1,0,0,0,0,1,0,78,86,8,91,1,away,away,46,-1
6/7/2016,400864453,2016,PHO,MIN,away,10.5,-110,167,-110,81,89,8,170,1021600046,32,38,1,1,1,1,1,1,1,89,81,-8,70,6,away,away,38,-6
6/7/2016,400864461,2016,NYL,LAS,away,7.5,-110,151.5,-110,77,100,23,177,1021600047,51,38,0,0,0,0,0,0,0,100,77,-23,89,-13,home,away,38,13
6/8/2016,400864464,2016,WAS,DAL,away,4.5,-110,162,-110,87,79,-8,166,1021600048,37,40,1,1,0,1,1,0,1,79,87,8,77,3,away,away,40,-3
6/9/2016,400864467,2016,SAS,PHO,away,12,-110,154.75,-110,75,90,15,165,1021600049,50,44,0,0,0,1,0,0,0,90,75,-15,94,-6,home,away,44,6
6/10/2016,400864471,2016,SEA,CON,away,-3,-110,162.5,-110,76,77,1,153,1021600050,28,38,1,1,0,1,1,1,1,77,76,-1,66,10,away,away,38,-10
6/10/2016,400864477,2016,MIN,ATL,away,-7.5,-110,165,-110,110,78,-32,188,1021600052,45,46,0,0,1,0,1,1,0,78,110,32,91,1,away,away,46,-1
6/11/2016,400864479,2016,MIN,WAS,away,-7.5,-110,158.5,-110,83,76,-7,159,1021600053,47,45,1,1,1,1,1,1,1,76,83,7,92,-2,home,away,45,2
6/11/2016,400864482,2016,NYL,SAS,away,-7.5,-110,143,-110,90,75,-15,165,1021600054,43,44,1,1,1,1,1,0,1,75,90,15,87,1,away,away,44,-1
6/11/2016,400864484,2016,LAS,DAL,away,-9,-110,164,-110,97,73,-24,170,1021600055,32,50,1,1,1,1,1,1,1,73,97,24,82,18,away,away,50,-18
6/12/2016,400864489,2016,CHI,PHO,away,2.5,-110,174,-110,80,86,6,166,1021600057,36,47,1,1,1,1,1,1,1,86,80,-6,83,11,away,away,47,-11
6/12/2016,400864494,2016,SEA,IND,away,6,-110,162,-110,90,88,-2,178,1021600058,36,42,1,1,1,1,1,1,1,88,90,2,78,6,away,away,42,-6
6/14/2016,400864497,2016,DAL,NYL,away,8,-110,161.5,-110,88,91,3,179,1021600060,56,50,1,1,1,1,0,0,0,91,88,-3,106,-6,home,away,50,6
6/14/2016,400864498,2016,IND,MIN,away,13.5,-110,164,-110,63,87,24,150,1021600061,49,31,0,0,0,0,0,0,0,87,63,-24,80,-18,home,away,31,18
6/14/2016,400864499,2016,SEA,SAS,away,-4,-110,148,-110,70,77,7,147,1021600062,41,33,0,0,0,0,0,0,0,77,70,-7,74,-8,home,away,33,8
6/14/2016,400864500,2016,CHI,LAS,away,8,-110,167.75,-110,85,98,13,183,1021600063,46,37,0,0,0,0,0,0,0,98,85,-13,83,-9,home,away,37,9
6/16/2016,400864502,2016,SEA,DAL,away,5.5,-110,166.5,-110,79,88,9,167,1021600065,36,38,0,0,0,0,0,1,1,88,79,-9,74,2,away,away,38,-2
6/17/2016,400864504,2016,IND,SAS,away,-5,-110,150.5,-110,84,75,-9,159,1021600067,29,42,1,1,1,1,1,1,1,75,84,9,71,13,away,away,42,-13
6/17/2016,400864505,2016,PHO,LAS,away,10,-110,169.5,-110,71,77,6,148,1021600068,40,36,0,0,0,0,0,0,0,77,71,-6,76,-4,home,away,36,4
6/18/2016,400864507,2016,DAL,PHO,away,7.5,-110,174.5,-110,117,111,-6,228,1021600070,48,42,1,1,1,0,0,0,0,111,117,6,90,-6,home,away,42,6
6/19/2016,400864528,2016,SAS,CON,away,5.5,-110,152.75,-110,90,93,3,183,1021600071,45,45,0,0,0,0,0,0,0,93,90,-3,90,0,tie,away,45,-0
6/19/2016,400864530,2016,MIN,SEA,away,-11,-110,160,-110,96,84,-12,180,1021600073,46,53,0,0,0,0,0,1,1,84,96,12,99,7,away,away,53,-7
6/21/2016,400864531,2016,MIN,LAS,away,3,-110,162.5,-110,72,69,-3,141,1021600074,39,38,1,1,1,1,1,1,1,69,72,3,77,-1,home,away,38,1
6/21/2016,400864532,2016,SAS,CHI,away,13.5,-110,161,-110,75,81,6,156,1021600075,35,32,0,0,0,0,0,0,0,81,75,-6,67,-3,home,away,32,3
6/21/2016,400864533,2016,PHO,DAL,away,-3,-110,174.5,-110,90,100,10,190,1021600076,48,44,1,1,1,0,1,0,0,100,90,-10,92,-4,home,away,44,4
6/23/2016,400864537,2016,SAS,DAL,away,10.5,-110,164.5,-110,90,97,7,187,1021600079,50,34,1,1,0,0,0,0,0,97,90,-7,84,-16,home,away,34,16
6/24/2016,400864538,2016,PHO,WAS,away,2.5,-110,166.5,-110,91,79,-12,170,1021600080,40,55,1,1,1,1,1,1,1,79,91,12,95,15,away,away,55,-15
6/24/2016,400864540,2016,LAS,MIN,away,5.5,-110,157,-110,94,76,-18,170,1021600082,36,38,0,1,1,1,0,0,1,76,94,18,74,2,away,away,38,-2
6/24/2016,400864541,2016,CON,SEA,away,7.5,-110,165,-110,81,98,17,179,1021600083,56,37,0,0,0,0,0,0,0,98,81,-17,93,-19,home,away,37,19
6/25/2016,400864542,2016,ATL,SAS,away,-4.5,-110,158.5,-110,69,73,4,142,1021600084,32,37,0,0,1,1,1,1,1,73,69,-4,69,5,away,away,37,-5
6/25/2016,400864543,2016,IND,DAL,away,6,-110,170,-110,92,87,-5,179,1021600085,48,52,1,1,1,1,1,1,1,87,92,5,100,4,away,away,52,-4
6/26/2016,400864544,2016,PHO,NYL,away,2,-110,166,-110,104,97,-7,201,1021600086,46,47,1,1,1,1,1,1,1,97,104,7,93,1,away,away,47,-1
6/26/2016,400864545,2016,MIN,WAS,away,-8,-110,160.25,-110,63,87,24,150,1021600087,52,30,0,0,0,0,0,0,0,87,63,-24,82,-22,home,away,30,22
6/26/2016,400864546,2016,CON,LAS,away,16,-110,164.5,-110,73,80,7,153,1021600088,36,38,0,0,0,0,1,1,0,80,73,-7,74,2,away,away,38,-2
6/28/2016,400864547,2016,ATL,SEA,away,5.5,-110,165,-110,81,84,3,165,1021600089,45,35,1,0,0,0,0,0,0,84,81,-3,80,-10,home,away,35,10
6/28/2016,400864548,2016,DAL,LAS,away,10.5,-110,170,-110,84,89,5,173,1021600090,34,53,1,1,1,1,1,1,1,89,84,-5,87,19,away,away,53,-19
6/29/2016,400864549,2016,SAS,WAS,away,9.5,-110,153.5,-110,67,84,17,151,1021600091,50,27,0,0,0,0,0,0,0,84,67,-17,77,-23,home,away,27,23
6/29/2016,400864551,2016,NYL,MIN,away,13.5,-110,156,-110,95,92,-3,187,1021600093,43,45,1,1,1,1,1,1,1,92,95,3,88,2,away,away,45,-2
6/29/2016,400864552,2016,CON,PHO,away,13,-110,174.75,-110,75,86,11,161,1021600094,41,37,0,0,0,0,0,0,0,86,75,-11,78,-4,home,away,37,4
6/30/2016,400864553,2016,ATL,LAS,away,11,-110,162.5,-110,75,84,9,159,1021600095,35,37,0,1,1,1,1,1,1,84,75,-9,72,2,away,away,37,-2
6/30/2016,400864554,2016,DAL,SEA,away,1,-110,172.5,-110,83,78,-5,161,1021600096,46,44,1,0,0,1,1,1,0,78,83,5,90,-2,home,away,44,2
7/1/2016,400864355,2016,SAS,IND,away,9,-110,154.5,-110,87,85,-2,172,1021600097,43,36,0,1,0,0,0,0,0,85,87,2,79,-7,home,away,36,7
7/1/2016,400864358,2016,NYL,PHO,away,3.5,-110,165.5,-110,99,88,-11,187,1021600099,39,53,1,1,1,1,1,1,1,88,99,11,92,14,away,away,53,-14
7/2/2016,400864360,2016,SAS,MIN,away,17.5,-110,155,-110,68,91,23,159,1021600100,47,28,0,0,0,0,0,0,0,91,68,-23,75,-19,home,away,28,19
7/2/2016,400864363,2016,CON,DAL,away,9,-110,173.5,-110,86,83,-3,169,1021600101,38,41,0,0,0,1,1,1,1,83,86,3,79,3,away,away,41,-3
7/3/2016,400864365,2016,NYL,LAS,away,7,-110,160,-110,67,77,10,144,1021600102,44,38,0,0,0,0,0,0,0,77,67,-10,82,-6,home,away,38,6
7/3/2016,400864366,2016,PHO,ATL,away,-2,-110,175,-110,95,87,-8,182,1021600103,44,50,1,0,0,0,0,1,1,87,95,8,94,6,away,away,50,-6
7/5/2016,400864368,2016,SEA,ATL,away,6,-110,168,-110,64,77,13,141,1021600104,28,28,0,0,0,0,0,1,1,77,64,-13,56,0,tie,away,28,-0
7/5/2016,400864371,2016,CHI,MIN,away,10.5,-110,166.5,-110,82,87,5,169,1021600105,52,51,0,0,0,1,1,1,1,87,82,-5,103,-1,home,away,51,1
7/5/2016,400864375,2016,PHO,DAL,away,-1,-110,179.75,-110,74,77,3,151,1021600106,40,42,0,1,0,0,1,1,0,77,74,-3,82,2,away,away,42,-2
7/6/2016,400864377,2016,SEA,NYL,away,9.5,-110,157.5,-110,74,78,4,152,1021600107,39,33,0,0,0,0,0,0,0,78,74,-4,72,-6,home,away,33,6
7/6/2016,400864380,2016,WAS,SAS,away,-7,-110,150.5,-110,70,77,7,147,1021600108,38,37,0,0,0,0,0,0,1,77,70,-7,75,-1,home,away,37,1
7/6/2016,400864383,2016,IND,LAS,away,11.5,-110,159.5,-110,88,94,6,182,1021600109,41,30,0,0,0,0,0,0,0,94,88,-6,71,-11,home,away,30,11
7/7/2016,400864385,2016,MIN,CON,away,-11.5,-110,163.5,-110,89,93,4,182,1021600110,34,33,1,0,1,1,0,0,0,93,89,-4,67,-1,home,away,33,1
7/8/2016,400864392,2016,DAL,ATL,away,2.5,-110,172,-110,90,95,5,185,1021600111,52,39,1,1,0,0,0,0,0,95,90,-5,91,-13,home,away,39,13
7/8/2016,400864395,2016,SEA,SAS,away,-4,-110,151.25,-110,78,68,-10,146,1021600112,38,47,1,1,1,1,1,1,1,68,78,10,85,9,away,away,47,-9
7/8/2016,400864399,2016,IND,PHO,away,6,-110,172.5,-110,78,60,-18,138,1021600114,29,28,1,0,0,0,1,1,1,60,78,18,57,-1,home,away,28,1
7/9/2016,400864402,2016,DAL,MIN,away,11.5,-110,168,-110,56,93,37,149,1021600115,58,32,0,0,0,0,0,0,0,93,56,-37,90,-26,home,away,32,26
7/10/2016,400864407,2016,SAS,NYL,away,12.5,-110,151.5,-110,65,75,10,140,1021600117,33,31,0,0,0,0,0,0,0,75,65,-10,64,-2,home,away,31,2
7/10/2016,400864431,2016,PHO,CHI,away,6.5,-110,172.75,-110,95,100,5,195,1021600118,53,49,0,1,1,1,0,1,1,100,95,-5,102,-4,home,away,49,4
7/10/2016,400864434,2016,WAS,LAS,away,10,-110,156.5,-110,82,93,11,175,1021600119,44,42,1,1,1,1,1,1,0,93,82,-11,86,-2,home,away,42,2
7/10/2016,400864435,2016,IND,SEA,away,-3.5,-110,159.5,-110,93,82,-11,175,1021600120,50,44,1,1,1,1,0,0,0,82,93,11,94,-6,home,away,44,6
7/12/2016,400864438,2016,MIN,SAS,away,-14,-110,155,-110,81,57,-24,138,1021600121,27,36,1,1,1,1,1,1,1,57,81,24,63,9,away,away,36,-9
7/13/2016,400864449,2016,LAS,CHI,away,-6,-110,169,-110,77,67,-10,144,1021600124,35,44,0,0,1,1,1,1,1,67,77,10,79,9,away,away,44,-9
7/13/2016,400864451,2016,WAS,PHO,away,5,-110,170.25,-110,74,78,4,152,1021600125,45,41,0,0,0,1,1,0,0,78,74,-4,86,-4,home,away,41,4
7/15/2016,400864454,2016,LAS,CON,away,-9,-110,158,-110,98,92,-6,190,1021600126,55,44,0,0,0,0,0,0,0,92,98,6,99,-11,home,away,44,11
7/15/2016,400864457,2016,NYL,MIN,away,9,-110,157.5,-110,70,88,18,158,1021600128,43,36,1,0,0,0,0,0,0,88,70,-18,79,-7,home,away,36,7
7/15/2016,400864460,2016,DAL,CHI,away,6,-110,172,-110,77,84,7,161,1021600129,38,35,0,0,1,1,0,0,0,84,77,-7,73,-3,home,away,35,3
7/15/2016,400864462,2016,WAS,SEA,away,-1,-110,158.25,-110,51,80,29,131,1021600130,41,23,0,0,0,0,0,0,0,80,51,-29,64,-18,home,away,23,18
7/16/2016,400864468,2016,SAS,PHO,away,8,-110,151,-110,64,83,19,147,1021600131,35,28,1,0,0,0,0,0,0,83,64,-19,63,-7,home,away,28,7
7/17/2016,400864473,2016,LAS,ATL,away,-9,-110,161.5,-110,74,91,17,165,1021600133,43,40,0,0,1,0,0,0,0,91,74,-17,83,-3,home,away,40,3
7/17/2016,400864476,2016,MIN,DAL,away,-9,-110,165,-110,98,97,-1,195,1021600134,50,55,1,1,1,1,1,1,1,97,98,1,105,5,away,away,55,-5
7/17/2016,400864478,2016,CHI,SEA,away,-1.5,-110,164,-110,91,88,-3,179,1021600135,32,56,1,1,1,1,1,1,1,88,91,3,88,24,away,away,56,-24
7/19/2016,400864480,2016,LAS,IND,away,-5,-110,158,-110,82,92,10,174,1021600136,49,40,0,0,0,0,0,0,0,92,82,-10,89,-9,home,away,40,9
7/19/2016,400864481,2016,CHI,PHO,away,4.5,-110,174,-110,79,77,-2,156,1021600137,30,42,1,1,1,1,1,1,1,77,79,2,72,12,away,away,42,-12
7/20/2016,400864485,2016,CON,DAL,away,6,-110,169,-110,89,78,-11,167,1021600139,33,48,1,1,1,1,1,1,1,78,89,11,81,15,away,away,48,-15
7/20/2016,400864486,2016,ATL,MIN,away,13,-110,163.5,-110,65,83,18,148,1021600140,40,28,0,0,0,0,0,0,0,83,65,-18,68,-12,home,away,28,12
7/20/2016,400864488,2016,SAS,SEA,away,9,-110,150,-110,69,83,14,152,1021600141,36,33,0,0,0,0,0,0,0,83,69,-14,69,-3,home,away,33,3
7/22/2016,400864491,2016,LAS,WAS,away,-9,-110,157,-110,95,75,-20,170,1021600143,37,49,1,1,1,1,1,1,1,75,95,20,86,12,away,away,49,-12
7/22/2016,400864492,2016,DAL,ATL,away,2,-110,164,-110,88,93,5,181,1021600144,50,52,1,1,1,1,1,1,1,93,88,-5,102,2,away,away,52,-2
7/22/2016,400864493,2016,SEA,MIN,away,12,-110,159.5,-110,72,79,7,151,1021600145,38,36,0,0,0,0,0,0,0,79,72,-7,74,-2,home,away,36,2
8/26/2016,400864364,2016,MIN,CON,away,-8,-110,160,-110,80,84,4,164,1021600147,53,44,0,0,0,1,1,0,0,84,80,-4,97,-9,home,away,44,9
8/26/2016,400864367,2016,NYL,SAS,away,-9.5,-110,149.5,-110,84,77,-7,161,1021600148,46,44,1,0,1,0,1,0,0,77,84,7,90,-2,home,away,44,2
8/26/2016,400864372,2016,DAL,PHO,away,6,-110,172,-110,72,98,26,170,1021600150,52,42,1,1,1,1,1,1,1,98,72,-26,94,-10,home,away,42,10
8/26/2016,400864376,2016,LAS,SEA,away,-9,-110,160.5,-110,72,79,7,151,1021600151,31,28,0,0,0,0,0,0,0,79,72,-7,59,-3,home,away,28,3
8/28/2016,400864391,2016,CHI,DAL,away,1.5,-110,171.5,-110,92,85,-7,177,1021600154,37,50,1,1,1,1,1,1,1,85,92,7,87,13,away,away,50,-13
8/28/2016,400864394,2016,SEA,MIN,away,11.5,-110,156,-110,80,92,12,172,1021600155,41,47,0,0,0,0,0,1,1,92,80,-12,88,6,away,away,47,-6
8/28/2016,400864535,2016,SAS,WAS,away,9.5,-110,152.5,-110,85,74,-11,159,1021600156,20,43,1,1,1,1,1,1,1,74,85,11,63,23,away,away,43,-23
8/28/2016,400864428,2016,LAS,PHO,away,-3.5,-110,165.5,-110,66,70,4,136,1021600157,32,30,1,0,0,0,0,1,1,70,66,-4,62,-2,home,away,30,2
8/30/2016,400864433,2016,SAS,CON,away,7,-110,158,-110,62,89,27,151,1021600158,49,25,0,0,0,0,0,0,0,89,62,-27,74,-24,home,away,25,24
8/30/2016,400864436,2016,PHO,IND,away,-2.5,-110,167,-110,79,65,-14,144,1021600159,26,33,1,0,1,1,1,1,1,65,79,14,59,7,away,away,33,-7
8/31/2016,400864440,2016,DAL,SEA,away,5,-110,165.5,-110,66,78,12,144,1021600160,41,30,0,0,0,0,0,0,0,78,66,-12,71,-11,home,away,30,11
9/1/2016,400864343,2016,LAS,SAS,away,-14.5,-110,152.5,-110,70,61,-9,131,1021600162,36,34,0,0,0,0,0,0,0,61,70,9,70,-2,home,away,34,2
9/2/2016,400864344,2016,PHO,CON,away,-5,-110,163,-110,74,87,13,161,1021600163,46,38,1,0,0,0,0,0,0,87,74,-13,84,-8,home,away,38,8
9/2/2016,400864345,2016,WAS,MIN,away,11.5,-110,159.75,-110,69,75,6,144,1021600164,43,34,0,0,0,0,0,0,0,75,69,-6,77,-9,home,away,34,9
9/2/2016,400864346,2016,SEA,CHI,away,7,-110,165.25,-110,88,92,4,180,1021600165,55,43,0,0,0,0,1,1,0,92,88,-4,98,-12,home,away,43,12
9/2/2016,400864347,2016,LAS,DAL,away,-6.5,-110,164.5,-110,87,79,-8,166,1021600166,41,43,0,0,0,0,1,1,1,79,87,8,84,2,away,away,43,-2
9/3/2016,400864408,2016,PHO,NYL,away,2.5,-110,161,-110,70,92,22,162,1021600167,48,34,0,0,0,0,0,0,0,92,70,-22,82,-14,home,away,34,14
9/4/2016,400864409,2016,WAS,DAL,away,3.5,-110,163.5,-110,88,83,-5,171,1021600168,42,40,1,1,1,1,1,0,1,83,88,5,82,-2,home,away,40,2
9/4/2016,400864410,2016,SAS,CHI,away,11.5,-110,160,-110,73,97,24,170,1021600169,51,47,0,0,0,0,0,0,0,97,73,-24,98,-4,home,away,47,4
9/4/2016,400864411,2016,SEA,ATL,away,4,-110,162.5,-110,91,82,-9,173,1021600170,33,41,0,0,1,1,1,1,1,82,91,9,74,8,away,away,41,-8
9/4/2016,400864412,2016,IND,LAS,away,8.5,-110,160.5,-110,81,88,7,169,1021600171,46,41,0,0,0,0,0,0,0,88,81,-7,87,-5,home,away,41,5
9/4/2016,400864413,2016,CON,MIN,away,10,-110,162,-110,79,93,14,172,1021600172,44,34,0,0,0,1,0,0,0,93,79,-14,78,-10,home,away,34,10
9/6/2016,400864414,2016,PHO,ATL,away,-4,-110,169,-110,87,91,4,178,1021600173,42,34,0,0,0,0,0,0,0,91,87,-4,76,-8,home,away,34,8
9/6/2016,400864415,2016,IND,SAS,away,-8,-110,154,-110,71,69,-2,140,1021600174,36,40,1,0,0,0,1,1,1,69,71,2,76,4,away,away,40,-4
9/6/2016,400864416,2016,MIN,LAS,away,1.5,-110,158.5,-110,77,74,-3,151,1021600175,37,42,0,0,1,1,1,1,1,74,77,3,79,5,away,away,42,-5
9/7/2016,400864417,2016,SEA,NYL,away,6,-110,161.5,-110,102,78,-24,180,1021600176,46,48,0,0,0,0,1,1,1,78,102,24,94,2,away,away,48,-2
9/8/2016,400864419,2016,ATL,LAS,away,9,-110,163,-110,86,81,-5,167,1021600178,36,41,1,1,1,1,1,1,1,81,86,5,77,5,away,away,41,-5
9/9/2016,400864420,2016,SEA,WAS,away,3,-110,163.75,-110,81,76,-5,157,1021600179,39,41,1,1,1,0,0,0,1,76,81,5,80,2,away,away,41,-2
9/9/2016,400864423,2016,DAL,SAS,away,-4,-110,157,-110,92,84,-8,176,1021600182,37,47,1,1,1,1,1,1,1,84,92,8,84,10,away,away,47,-10
9/11/2016,400864426,2016,NYL,DAL,away,-2.5,-110,171.25,-110,81,84,3,165,1021600185,55,35,0,0,0,0,0,0,0,84,81,-3,90,-20,home,away,35,20
9/11/2016,400864427,2016,MIN,SAS,away,-13,-110,154.5,-110,81,76,-5,157,1021600186,39,41,1,1,1,1,1,1,1,76,81,5,80,2,away,away,41,-2
9/11/2016,400864508,2016,ATL,PHO,away,6.5,-110,168,-110,75,86,11,161,1021600187,49,34,0,0,0,0,0,0,0,86,75,-11,83,-15,home,away,34,15
9/11/2016,400864509,2016,LAS,SEA,away,-2.5,-110,160,-110,60,78,18,138,1021600188,49,27,0,0,0,0,0,0,0,78,60,-18,76,-22,home,away,27,22
9/13/2016,400864512,2016,SAS,ATL,away,8.5,-110,158.5,-110,71,67,-4,138,1021600191,25,31,1,1,1,1,1,1,1,67,71,4,56,6,away,away,31,-6
9/13/2016,400864513,2016,MIN,CHI,away,-5,-110,170,-110,97,98,1,195,1021600192,41,39,1,1,0,0,1,1,0,98,97,-1,80,-2,home,away,39,2
9/13/2016,400864514,2016,PHO,LAS,away,3,-110,162,-110,85,90,5,175,1021600193,39,47,0,0,0,0,0,1,1,90,85,-5,86,8,away,away,47,-8
9/15/2016,400864516,2016,SEA,PHO,away,6.5,-110,162.75,-110,62,86,24,148,1021600195,50,29,0,0,0,0,0,0,0,86,62,-24,79,-21,home,away,29,21
9/16/2016,400864517,2016,DAL,CON,away,4.5,-110,173,-110,74,107,33,181,1021600196,54,41,1,1,1,1,1,0,0,107,74,-33,95,-13,home,away,41,13
9/16/2016,400864518,2016,MIN,IND,away,-1.5,-110,163,-110,82,75,-7,157,1021600197,41,45,0,1,1,1,1,1,1,75,82,7,86,4,away,away,45,-4
9/16/2016,400864520,2016,SAS,LAS,away,12,-110,152.5,-110,65,71,6,136,1021600199,36,24,0,0,0,0,0,0,0,71,65,-6,60,-12,home,away,24,12
9/17/2016,400864521,2016,ATL,MIN,away,7,-110,164.5,-110,87,95,8,182,1021600200,59,50,0,0,0,0,0,0,0,95,87,-8,109,-9,home,away,50,9
9/18/2016,400864523,2016,DAL,IND,away,8,-110,169.5,-110,60,83,23,143,1021600202,45,26,1,0,0,0,0,0,0,83,60,-23,71,-19,home,away,26,19
9/18/2016,400864524,2016,PHO,SAS,away,-7.5,-110,158.5,-110,81,65,-16,146,1021600203,33,45,1,1,1,1,1,1,1,65,81,16,78,12,away,away,45,-12
9/18/2016,400864525,2016,CHI,SEA,away,6,-110,169,-110,75,88,13,163,1021600204,39,34,1,0,1,0,0,0,0,88,75,-13,73,-5,home,away,34,5
9/21/2016,400910431,2016,SEA,ATL,away,-4.5,-110,161,-110,85,94,9,179,1041600111,37,45,0,0,1,1,1,1,1,94,85,-9,82,8,away,away,45,-8
9/21/2016,400910430,2016,PHO,IND,away,-4.5,-110,160,-110,89,78,-11,167,1041600101,38,35,1,1,0,1,0,0,0,78,89,11,73,-3,home,away,35,3
9/24/2016,400910450,2016,PHO,NYL,away,-2.5,-110,162,-110,101,94,-7,195,1041600201,41,52,1,1,1,0,1,1,1,94,101,7,93,11,away,away,52,-11
9/25/2016,400910451,2016,ATL,CHI,away,2,-110,172,-110,98,108,10,206,1041600211,56,50,0,0,0,0,0,0,0,108,98,-10,106,-6,home,away,50,6
9/28/2016,400910452,2016,PHO,MIN,away,6,-110,165,-110,95,113,18,208,1041600301,55,38,1,1,0,0,0,0,0,113,95,-18,93,-17,home,away,38,17
10/2/2016,400910454,2016,MIN,PHO,away,-2,-110,173,-110,82,67,-15,149,1041600303,38,39,0,0,0,0,1,1,1,67,82,15,77,1,away,away,39,-1
9/30/2016,400910453,2016,PHO,MIN,away,7.5,-110,170,-110,86,96,10,182,1041600302,55,47,0,0,0,0,0,0,0,96,86,-10,102,-8,home,away,47,8
9/30/2016,400910458,2016,CHI,LAS,away,12,-110,169,-110,84,99,15,183,1041600312,57,42,1,0,0,0,0,0,0,99,84,-15,99,-15,home,away,42,15
10/2/2016,400910459,2016,LAS,CHI,away,-8,-110,174,-110,66,70,4,136,1041600313,30,39,1,1,1,1,1,1,1,70,66,-4,69,9,away,away,39,-9
9/28/2016,400910457,2016,CHI,LAS,away,11,-110,167.5,-110,75,95,20,170,1041600311,52,35,0,0,0,0,0,0,0,95,75,-20,87,-17,home,away,35,17
10/4/2016,400910460,2016,LAS,CHI,away,-7.5,-110,166,-110,95,75,-20,170,1041600314,31,55,1,1,1,1,1,1,1,75,95,20,86,24,away,away,55,-24
10/11/2016,400920461,2016,LAS,MIN,away,7,-110,159.5,-110,60,79,19,139,1041600402,39,25,1,0,0,0,0,0,0,79,60,-19,64,-14,home,away,25,14
10/14/2016,400920462,2016,MIN,LAS,away,1,-110,159.5,-110,75,92,17,167,1041600403,48,40,0,0,0,0,0,0,0,92,75,-17,88,-8,home,away,40,8
10/9/2016,400920400,2016,LAS,MIN,away,6.5,-110,161,-110,78,76,-2,154,1041600401,36,34,1,1,1,1,0,0,1,76,78,2,70,-2,home,away,34,2
10/16/2016,400920463,2016,MIN,LAS,away,1,-110,160,-110,85,79,-6,164,1041600404,40,46,0,0,1,1,1,1,1,79,85,6,86,6,away,away,46,-6
10/20/2016,400920464,2016,LAS,MIN,away,5.5,-110,156.75,-110,77,76,-1,153,1041600405,34,28,0,1,0,1,0,0,1,76,77,1,62,-6,home,away,28,6
5/14/2024,401620178,2024,WAS,NYL,home,11.5,-110,163.5,-110,80,85,5,165,1022400001,43,40,1,1,0,0,0,0,0,80,85,5,83,-3,home,home,43,-3
5/14/2024,401620178,2024,NYL,WAS,away,-11.5,-110,163.5,-110,85,80,-5,165,1022400001,43,40,0,0,1,1,1,1,1,80,85,5,83,-3,home,away,40,3
5/14/2024,401620219,2024,CON,IND,home,-6,-110,167.5,-110,92,71,-21,163,1022400002,49,39,1,1,1,1,1,1,1,92,71,-21,88,-10,home,home,49,-10
5/14/2024,401620219,2024,IND,CON,away,6,-110,167.5,-110,71,92,21,163,1022400002,49,39,0,0,0,0,0,0,0,92,71,-21,88,-10,home,away,39,10
5/14/2024,401620220,2024,PHO,LVA,away,15,-108,168,-112,80,89,9,169,1022400003,42,41,0,0,0,0,0,0,0,89,80,-9,83,-1,home,away,41,1
5/14/2024,401620220,2024,LVA,PHO,home,-15,-112,168,-112,89,80,-9,169,1022400003,42,41,1,1,1,1,1,1,1,89,80,-9,83,-1,home,home,42,-1
5/14/2024,401620221,2024,MIN,SEA,away,8,-110,164.5,-114,83,70,-13,153,1022400004,44,45,0,0,0,0,0,0,0,70,83,13,89,1,away,away,45,-1
5/14/2024,401620221,2024,SEA,MIN,home,-8,-110,164.5,-114,70,83,13,153,1022400004,44,45,1,1,1,1,1,1,1,70,83,13,89,1,away,home,44,1
5/15/2024,401620222,2024,DAL,CHI,home,-10.5,-114,160.5,-110,87,79,-8,166,1022400005,40,43,0,0,0,0,0,0,0,87,79,-8,83,3,away,home,40,3
5/15/2024,401620222,2024,CHI,DAL,away,10.5,-108,160.5,-110,79,87,8,166,1022400005,40,43,1,1,1,1,1,1,1,87,79,-8,83,3,away,away,43,-3
5/15/2024,401620223,2024,LAS,ATL,home,5.5,-110,157.5,-110,81,92,11,173,1022400006,48,48,1,1,1,1,0,0,0,81,92,11,96,0,tie,home,48,0
5/15/2024,401620223,2024,ATL,LAS,away,-5.5,-112,157.5,-110,92,81,-11,173,1022400006,48,48,0,0,0,0,1,1,1,81,92,11,96,0,tie,away,48,-0
5/16/2024,401620224,2024,IND,NYL,home,6.5,-110,173.5,-110,66,102,36,168,1022400007,31,48,0,0,0,0,0,0,0,66,102,36,79,17,away,home,31,17
5/16/2024,401620224,2024,NYL,IND,away,-6.5,-110,173.5,-110,102,66,-36,168,1022400007,31,48,1,1,1,1,1,1,1,66,102,36,79,17,away,away,48,-17
5/17/2024,401620225,2024,WAS,CON,away,9,-110,157.5,-112,77,84,7,161,1022400008,36,36,1,0,1,1,0,0,0,84,77,-7,72,0,tie,away,36,-0
5/17/2024,401620225,2024,CON,WAS,home,-9,-110,157.5,-112,84,77,-7,161,1022400008,36,36,0,1,0,0,1,1,1,84,77,-7,72,0,tie,home,36,0
5/17/2024,401620226,2024,SEA,MIN,away,-2,-110,166,-112,93,102,9,195,1022400009,44,37,0,0,0,0,0,0,0,102,93,-9,81,-7,home,away,37,7
5/17/2024,401620226,2024,MIN,SEA,home,2,-110,166,-112,102,93,-9,195,1022400009,44,37,1,1,1,1,1,1,1,102,93,-9,81,-7,home,home,44,-7
5/18/2024,401620229,2024,CHI,DAL,away,7.5,-110,169,-110,83,74,-9,157,1022400012,42,30,1,0,0,0,0,0,0,74,83,9,72,-12,home,away,30,12
5/18/2024,401620229,2024,DAL,CHI,home,-7.5,-110,169,-110,74,83,9,157,1022400012,42,30,0,1,1,1,1,1,1,74,83,9,72,-12,home,home,42,-12
5/18/2024,401620230,2024,ATL,PHO,away,1.5,-110,169.5,-110,85,88,3,173,1022400013,43,37,0,0,0,0,0,0,0,88,85,-3,80,-6,home,away,37,6
5/18/2024,401620230,2024,PHO,ATL,home,-1.5,-110,169.5,-110,88,85,-3,173,1022400013,43,37,1,1,1,1,1,1,1,88,85,-3,80,-6,home,home,43,-6
5/19/2024,401620231,2024,SEA,WAS,away,-7.5,-110,163,-110,84,75,-9,159,1022400014,34,39,1,0,1,1,1,1,1,75,84,9,73,5,away,away,39,-5
5/19/2024,401620231,2024,WAS,SEA,home,7.5,-110,163,-110,75,84,9,159,1022400014,34,39,0,1,0,0,0,0,0,75,84,9,73,5,away,home,34,5
5/20/2024,401620232,2024,IND,CON,home,4,-110,163.5,-110,84,88,4,172,1022400015,44,41,0,0,0,0,0,0,0,84,88,4,85,-3,home,home,44,-3
5/20/2024,401620232,2024,CON,IND,away,-4,-110,163.5,-110,88,84,-4,172,1022400015,44,41,1,1,1,1,1,1,1,84,88,4,85,-3,home,away,41,3
5/20/2024,401620233,2024,SEA,NYL,away,10,-110,170.5,-110,63,74,11,137,1022400016,36,24,0,0,0,0,0,0,0,74,63,-11,60,-12,home,away,24,12
5/20/2024,401620233,2024,NYL,SEA,home,-10,-110,170.5,-110,74,63,-11,137,1022400016,36,24,1,1,1,1,1,1,1,74,63,-11,60,-12,home,home,36,-12
5/21/2024,401620234,2024,ATL,DAL,home,-4.5,-110,165,-112,83,78,-5,161,1022400017,40,48,1,1,1,0,0,0,0,83,78,-5,88,8,away,home,40,8
5/21/2024,401620234,2024,DAL,ATL,away,4.5,-110,165,-112,78,83,5,161,1022400017,40,48,0,0,0,1,1,1,1,83,78,-5,88,8,away,away,48,-8
5/21/2024,401620236,2024,LAS,WAS,home,-3.5,-110,158.5,-110,70,68,-2,138,1022400019,32,36,1,1,1,1,0,0,0,70,68,-2,68,4,away,home,32,4
5/21/2024,401620236,2024,WAS,LAS,away,3.5,-110,158.5,-110,68,70,2,138,1022400019,32,36,0,0,0,0,1,1,1,70,68,-2,68,4,away,away,36,-4
5/21/2024,401620235,2024,LVA,PHO,home,-15,-110,170,-110,88,98,10,186,1022400018,47,46,0,0,0,0,0,0,1,88,98,10,93,-1,home,home,47,-1
5/21/2024,401620235,2024,PHO,LVA,away,15,-110,170,-110,98,88,-10,186,1022400018,47,46,1,1,1,1,1,1,0,88,98,10,93,-1,home,away,46,1
5/22/2024,401620237,2024,SEA,IND,home,-5,-110,167,-110,85,83,-2,168,1022400020,44,40,0,1,1,1,1,1,1,85,83,-2,84,-4,home,home,44,-4
5/22/2024,401620237,2024,IND,SEA,away,5,-110,167,-110,83,85,2,168,1022400020,44,40,1,0,0,0,0,0,0,85,83,-2,84,-4,home,away,40,4
5/23/2024,401620238,2024,MIN,CON,away,6.5,-110,164.5,-110,82,83,1,165,1022400021,37,35,1,1,1,0,0,0,0,83,82,-1,72,-2,home,away,35,2
5/23/2024,401620238,2024,CON,MIN,home,-6.5,-110,164.5,-110,83,82,-1,165,1022400021,37,35,0,0,0,1,1,1,1,83,82,-1,72,-2,home,home,37,-2
5/23/2024,401620239,2024,CHI,NYL,away,15.5,-110,166,-110,90,81,-9,171,1022400022,32,40,0,1,1,1,1,1,1,81,90,9,72,8,away,away,40,-8
5/23/2024,401620239,2024,NYL,CHI,home,-15.5,-110,166,-110,81,90,9,171,1022400022,32,40,1,0,0,0,0,0,0,81,90,9,72,8,away,home,32,8
5/23/2024,401620240,2024,PHO,WAS,home,-5,-110,161.5,-110,83,80,-3,163,1022400023,43,40,1,0,0,0,0,0,1,83,80,-3,83,-3,home,home,43,-3
5/23/2024,401620240,2024,WAS,PHO,away,5,-110,161.5,-110,80,83,3,163,1022400023,43,40,0,1,1,1,1,1,0,83,80,-3,83,-3,home,away,40,3
5/24/2024,401620241,2024,LAS,IND,home,2,-110,163.5,-110,73,78,5,151,1022400024,45,34,1,1,1,1,1,1,1,73,78,5,79,-11,home,home,45,-11
5/24/2024,401620241,2024,IND,LAS,away,-2,-110,163.5,-110,78,73,-5,151,1022400024,45,34,0,0,0,0,0,0,0,73,78,5,79,-11,home,away,34,11
5/25/2024,401620243,2024,CON,CHI,away,-6.5,-110,157.5,-110,86,82,-4,168,1022400026,50,42,0,0,0,1,0,0,0,82,86,4,92,-8,home,away,42,8
5/25/2024,401620243,2024,CHI,CON,home,6.5,-110,157.5,-110,82,86,4,168,1022400026,50,42,1,1,1,0,1,1,1,82,86,4,92,-8,home,home,50,-8
5/25/2024,401620244,2024,LVA,IND,home,-13.5,-110,172.5,-110,99,80,-19,179,1022400027,46,38,1,1,1,0,0,1,1,99,80,-19,84,-8,home,home,46,-8
5/25/2024,401620244,2024,IND,LVA,away,13.5,-110,172.5,-110,80,99,19,179,1022400027,46,38,0,0,0,1,1,0,0,99,80,-19,84,-8,home,away,38,8
5/25/2024,401620245,2024,WAS,SEA,away,8.5,-110,161.5,-110,69,101,32,170,1022400028,50,41,0,0,0,0,0,0,0,101,69,-32,91,-9,home,away,41,9
5/25/2024,401620245,2024,SEA,WAS,home,-8.5,-110,161.5,-110,101,69,-32,170,1022400028,50,41,1,1,1,1,1,1,1,101,69,-32,91,-9,home,home,50,-9
5/25/2024,401620246,2024,PHO,DAL,home,-1.5,-110,167,-110,92,107,15,199,1022400029,35,52,1,0,0,0,0,0,0,92,107,15,87,17,away,home,35,17
5/25/2024,401620246,2024,DAL,PHO,away,1.5,-110,167,-110,107,92,-15,199,1022400029,35,52,0,1,1,1,1,1,1,92,107,15,87,17,away,away,52,-17
5/26/2024,401620248,2024,DAL,LAS,away,-2.5,-110,160.5,-110,84,83,-1,167,1022400031,42,49,1,0,0,1,1,1,1,83,84,1,91,7,away,away,49,-7
5/26/2024,401620248,2024,LAS,DAL,home,2.5,-110,160.5,-110,83,84,1,167,1022400031,42,49,0,1,1,0,0,0,0,83,84,1,91,7,away,home,42,7
5/28/2024,401620249,2024,CON,PHO,home,-7.5,-110,168,-110,70,47,-23,117,1022400032,38,25,0,1,1,1,1,1,1,70,47,-23,63,-13,home,home,38,-13
5/28/2024,401620249,2024,PHO,CON,away,7.5,-110,168,-110,47,70,23,117,1022400032,38,25,1,0,0,0,0,0,0,70,47,-23,63,-13,home,away,25,13
5/28/2024,401620250,2024,LAS,IND,away,5.5,-110,164.5,-112,88,82,-6,170,1022400033,32,37,1,1,1,1,1,1,0,82,88,6,69,5,away,away,37,-5
5/28/2024,401620250,2024,IND,LAS,home,-5.5,-110,164.5,-112,82,88,6,170,1022400033,32,37,0,0,0,0,0,0,1,82,88,6,69,5,away,home,32,5
5/28/2024,401620251,2024,SEA,CHI,away,-2,-110,165,-112,77,68,-9,145,1022400034,37,38,1,1,1,0,0,0,0,68,77,9,75,1,away,away,38,-1
5/28/2024,401620251,2024,CHI,SEA,home,2,-110,165,-112,68,77,9,145,1022400034,37,38,0,0,0,1,1,1,1,68,77,9,75,1,away,home,37,1
5/29/2024,401620252,2024,NYL,PHO,home,-14.5,-110,172,-115,81,78,-3,159,1022400035,47,44,1,1,1,1,1,1,1,81,78,-3,91,-3,home,home,47,-3
5/29/2024,401620252,2024,PHO,NYL,away,14.5,-110,172,-115,78,81,3,159,1022400035,47,44,0,0,0,0,0,0,0,81,78,-3,91,-3,home,away,44,3
5/29/2024,401620253,2024,ATL,WAS,away,-3,-110,164,-112,73,67,-6,140,1022400036,34,38,1,1,0,0,0,1,1,67,73,6,72,4,away,away,38,-4
5/29/2024,401620253,2024,WAS,ATL,home,3,-110,164,-112,67,73,6,140,1022400036,34,38,0,0,1,1,1,0,0,67,73,6,72,4,away,home,34,4
5/29/2024,401620254,2024,MIN,LVA,home,4.5,-112,169.5,-114,66,80,14,146,1022400037,34,43,1,0,0,0,0,0,0,66,80,14,77,9,away,home,34,9
5/29/2024,401620254,2024,LVA,MIN,away,-4.5,-108,169.5,-114,80,66,-14,146,1022400037,34,43,0,1,1,1,1,1,1,66,80,14,77,9,away,away,43,-9
5/30/2024,401620255,2024,IND,SEA,home,5.5,-110,167,-110,88,103,15,191,1022400038,41,47,0,0,0,0,0,0,0,88,103,15,88,6,away,home,41,6
5/30/2024,401620255,2024,SEA,IND,away,-5.5,-110,167,-110,103,88,-15,191,1022400038,41,47,1,1,1,1,1,1,1,88,103,15,88,6,away,away,47,-6
5/30/2024,401620256,2024,LAS,CHI,away,4.5,-110,160,-110,73,83,10,156,1022400039,49,31,0,0,0,0,0,0,0,83,73,-10,80,-18,home,away,31,18
5/30/2024,401620256,2024,CHI,LAS,home,-4.5,-108,160,-110,83,73,-10,156,1022400039,49,31,1,1,1,1,1,1,1,83,73,-10,80,-18,home,home,49,-18
5/31/2024,401620257,2024,LVA,ATL,away,-8.5,-108,172.5,-110,74,78,4,152,1022400040,28,34,1,1,1,1,1,1,1,78,74,-4,62,6,away,away,34,-6
5/31/2024,401620257,2024,ATL,LVA,home,8.5,-110,172.5,-110,78,74,-4,152,1022400040,28,34,0,0,0,0,0,0,0,78,74,-4,62,6,away,home,28,6
5/31/2024,401620258,2024,DAL,CON,away,8.5,-108,161.5,-110,72,74,2,146,1022400041,40,34,1,1,1,1,0,0,0,74,72,-2,74,-6,home,away,34,6
5/31/2024,401620258,2024,CON,DAL,home,-8.5,-112,161.5,-110,74,72,-2,146,1022400041,40,34,0,0,0,0,1,1,1,74,72,-2,74,-6,home,home,40,-6
5/31/2024,401620259,2024,NYL,WAS,home,-13,-108,160,-110,90,79,-11,169,1022400042,49,45,1,1,1,1,1,1,1,90,79,-11,94,-4,home,home,49,-4
5/31/2024,401620259,2024,WAS,NYL,away,13,-112,160,-110,79,90,11,169,1022400042,49,45,0,0,0,0,0,0,0,90,79,-11,94,-4,home,away,45,4
5/31/2024,401620260,2024,PHO,MIN,away,7,-108,165,-110,71,95,24,166,1022400043,55,31,0,0,0,0,0,0,0,95,71,-24,86,-24,home,away,31,24
5/31/2024,401620260,2024,MIN,PHO,home,-7,-112,165,-110,95,71,-24,166,1022400043,55,31,1,1,1,1,1,1,1,95,71,-24,86,-24,home,home,55,-24
6/1/2024,401620261,2024,CHI,IND,away,-1.5,-110,167.5,-110,70,71,1,141,1022400044,35,33,0,0,0,1,1,0,0,71,70,-1,68,-2,home,away,33,2
6/1/2024,401620261,2024,IND,CHI,home,1.5,-110,167.5,-110,71,70,-1,141,1022400044,35,33,1,1,1,0,0,1,1,71,70,-1,68,-2,home,home,35,-2
6/2/2024,401620262,2024,ATL,CON,home,2.5,-110,158.5,-110,50,69,19,119,1022400045,27,39,1,1,1,0,0,0,0,50,69,19,66,12,away,home,27,12
6/2/2024,401620262,2024,CON,ATL,away,-2.5,-110,158.5,-110,69,50,-19,119,1022400045,27,39,0,0,0,1,1,1,1,50,69,19,66,12,away,away,39,-12
6/2/2024,401620265,2024,LAS,PHO,away,5,-110,162.5,-110,68,87,19,155,1022400048,39,22,0,0,0,0,0,0,0,87,68,-19,61,-17,home,away,22,17
6/2/2024,401620265,2024,PHO,LAS,home,-5,-110,162.5,-110,87,68,-19,155,1022400048,39,22,1,1,1,1,1,1,1,87,68,-19,61,-17,home,home,39,-17
6/2/2024,401620264,2024,DAL,MIN,away,6.5,-110,162.5,-110,76,87,11,163,1022400047,39,38,0,1,1,1,1,1,0,87,76,-11,77,-1,home,away,38,1
6/2/2024,401620264,2024,MIN,DAL,home,-6.5,-110,162.5,-110,87,76,-11,163,1022400047,39,38,1,0,0,0,0,0,1,87,76,-11,77,-1,home,home,39,-1
6/2/2024,401620263,2024,IND,NYL,away,14.5,-110,169,-110,68,104,36,172,1022400046,55,37,0,0,0,0,0,0,0,104,68,-36,92,-18,home,away,37,18
6/2/2024,401620263,2024,NYL,IND,home,-14.5,-110,169,-110,104,68,-36,172,1022400046,55,37,1,1,1,1,1,1,1,104,68,-36,92,-18,home,home,55,-18
6/4/2024,401620266,2024,CON,WAS,home,-13,-110,152.5,-110,76,59,-17,135,1022400049,32,33,1,1,1,1,1,1,1,76,59,-17,65,1,away,home,32,1
6/4/2024,401620266,2024,WAS,CON,away,13,-110,152.5,-110,59,76,17,135,1022400049,32,33,0,0,0,0,0,0,0,76,59,-17,65,1,away,away,33,-1
6/4/2024,401620267,2024,NYL,CHI,away,-8.5,-110,165.5,-110,88,75,-13,163,1022400050,48,49,1,1,1,1,1,1,1,75,88,13,97,1,away,away,49,-1
6/4/2024,401620267,2024,CHI,NYL,home,8.5,-110,165.5,-110,75,88,13,163,1022400050,48,49,0,0,0,0,0,0,0,75,88,13,97,1,away,home,48,1
6/4/2024,401620268,2024,PHO,SEA,away,5,-110,164,-110,62,80,18,142,1022400051,46,33,0,0,0,0,0,0,0,80,62,-18,79,-13,home,away,33,13
6/4/2024,401620268,2024,SEA,PHO,home,-5,-115,164,-110,80,62,-18,142,1022400051,46,33,1,1,1,1,1,1,1,80,62,-18,79,-13,home,home,46,-13
6/5/2024,401620269,2024,DAL,LVA,home,9,-110,167.5,-110,81,95,14,176,1022400052,42,47,0,0,0,0,0,0,0,81,95,14,89,5,away,home,42,5
6/5/2024,401620269,2024,LVA,DAL,away,-9,-110,167.5,-110,95,81,-14,176,1022400052,42,47,1,1,1,1,1,1,1,81,95,14,89,5,away,away,47,-5
6/5/2024,401620270,2024,LAS,MIN,home,7,-110,154.5,-115,62,86,24,148,1022400053,26,45,0,0,0,0,0,0,0,62,86,24,71,19,away,home,26,19
6/5/2024,401620270,2024,MIN,LAS,away,-7,-110,154.5,-115,86,62,-24,148,1022400053,26,45,1,1,1,1,1,1,1,62,86,24,71,19,away,away,45,-19
6/6/2024,401620271,2024,CHI,WAS,away,-3.5,-110,156,-110,79,71,-8,150,1022400054,44,35,0,1,0,0,0,0,0,71,79,8,79,-9,home,away,35,9
6/6/2024,401620271,2024,WAS,CHI,home,3.5,-110,156,-110,71,79,8,150,1022400054,44,35,1,0,1,1,1,1,1,71,79,8,79,-9,home,home,44,-9
6/6/2024,401620272,2024,NYL,ATL,away,-6.5,-110,163.5,-110,78,61,-17,139,1022400055,32,38,0,1,1,1,1,1,1,61,78,17,70,6,away,away,38,-6
6/6/2024,401620272,2024,ATL,NYL,home,6.5,-110,163.5,-110,61,78,17,139,1022400055,32,38,1,0,0,0,0,0,0,61,78,17,70,6,away,home,32,6
6/7/2024,401620273,2024,WAS,IND,home,4,-110,161.5,-110,83,85,2,168,1022400056,40,42,0,0,0,0,0,0,0,83,85,2,82,2,away,home,40,2
6/7/2024,401620273,2024,IND,WAS,away,-4,-110,161.5,-110,85,83,-2,168,1022400056,40,42,1,1,1,1,1,1,1,83,85,2,82,2,away,away,42,-2
6/7/2024,401620275,2024,DAL,LAS,away,-4,-110,160.5,-112,72,81,9,153,1022400058,38,44,1,0,0,0,1,1,1,81,72,-9,82,6,away,away,44,-6
6/7/2024,401620275,2024,LAS,DAL,home,4,-110,160.5,-112,81,72,-9,153,1022400058,38,44,0,1,1,1,0,0,0,81,72,-9,82,6,away,home,38,6
6/7/2024,401620274,2024,SEA,LVA,away,7.5,-110,166.5,-112,78,65,-13,143,1022400057,28,36,1,1,0,1,1,1,1,65,78,13,64,8,away,away,36,-8
6/7/2024,401620274,2024,LVA,SEA,home,-7.5,-110,166.5,-112,65,78,13,143,1022400057,28,36,0,0,1,0,0,0,0,65,78,13,64,8,away,home,28,8
6/7/2024,401620276,2024,PHO,MIN,home,4.5,-110,161.5,-110,81,80,-1,161,1022400059,38,35,1,1,1,1,0,1,1,81,80,-1,73,-3,home,home,38,-3
6/7/2024,401620276,2024,MIN,PHO,away,-4.5,-110,161.5,-110,80,81,1,161,1022400059,38,35,0,0,0,0,1,0,0,81,80,-1,73,-3,home,away,35,3
6/8/2024,401620277,2024,CON,NYL,home,2,-110,154.5,-110,75,82,7,157,1022400060,39,39,0,0,0,0,0,1,1,75,82,7,78,0,tie,home,39,0
6/8/2024,401620277,2024,NYL,CON,away,-2,-110,154.5,-110,82,75,-7,157,1022400060,39,39,1,1,1,1,1,0,0,75,82,7,78,0,tie,away,39,-0
6/8/2024,401620278,2024,ATL,CHI,away,-1,-108,158.5,-110,89,80,-9,169,1022400061,39,51,1,1,1,1,1,1,1,80,89,9,90,12,away,away,51,-12
6/8/2024,401620278,2024,CHI,ATL,home,1,-112,158.5,-110,80,89,9,169,1022400061,39,51,0,0,0,0,0,0,0,80,89,9,90,12,away,home,39,12
6/9/2024,401620279,2024,WAS,NYL,away,15,-114,156,-108,88,93,5,181,1022400062,45,45,0,0,0,0,0,0,0,93,88,-5,90,0,tie,away,45,-0
6/9/2024,401620279,2024,NYL,WAS,home,-15,-106,156,-108,93,88,-5,181,1022400062,45,45,1,1,1,1,1,1,1,93,88,-5,90,0,tie,home,45,0
6/9/2024,401620280,2024,DAL,PHO,home,1,-112,163.5,-110,90,97,7,187,1022400063,32,35,0,1,0,1,1,0,1,90,97,7,67,3,away,home,32,3
6/9/2024,401620280,2024,PHO,DAL,away,-1,-108,163.5,-110,97,90,-7,187,1022400063,32,35,1,0,1,0,0,1,0,90,97,7,67,3,away,away,35,-3
6/9/2024,401620281,2024,MIN,SEA,home,-1,-110,157,-110,83,64,-19,147,1022400064,36,41,1,1,1,1,0,0,0,83,64,-19,77,5,away,home,36,5
6/9/2024,401620281,2024,SEA,MIN,away,1,-108,157,-110,64,83,19,147,1022400064,36,41,0,0,0,0,1,1,1,83,64,-19,77,5,away,away,41,-5
6/9/2024,401620282,2024,LAS,LVA,home,10.5,-110,162,-110,96,92,-4,188,1022400065,43,44,0,0,0,0,1,0,0,96,92,-4,87,1,away,home,43,1
6/9/2024,401620282,2024,LVA,LAS,away,-10.5,-110,162,-110,92,96,4,188,1022400065,43,44,1,1,1,1,0,1,1,96,92,-4,87,1,away,away,44,-1
6/10/2024,401620283,2024,CON,IND,home,-10,-110,159.5,-110,89,72,-17,161,1022400066,55,35,1,1,1,1,1,1,1,89,72,-17,90,-20,home,home,55,-20
6/10/2024,401620283,2024,IND,CON,away,10,-110,159.5,-110,72,89,17,161,1022400066,55,35,0,0,0,0,0,0,0,89,72,-17,90,-20,home,away,35,20
6/11/2024,401620284,2024,WAS,ATL,away,6.5,-110,156.5,-108,87,68,-19,155,1022400067,33,38,1,1,1,1,1,1,1,68,87,19,71,5,away,away,38,-5
6/11/2024,401620284,2024,ATL,WAS,home,-6.5,-110,156.5,-108,68,87,19,155,1022400067,33,38,0,0,0,0,0,0,0,68,87,19,71,5,away,home,33,5
6/11/2024,401620285,2024,MIN,LVA,away,6.5,-110,166,-110,100,86,-14,186,1022400068,48,59,0,0,0,0,0,1,1,86,100,14,107,11,away,away,59,-11
6/11/2024,401620285,2024,LVA,MIN,home,-6.5,-110,166,-110,86,100,14,186,1022400068,48,59,1,1,1,1,1,0,0,86,100,14,107,11,away,home,48,11
6/11/2024,401620286,2024,LAS,SEA,away,11.5,-110,157,-110,79,95,16,174,1022400069,48,42,0,0,0,0,0,0,0,95,79,-16,90,-6,home,away,42,6
6/11/2024,401620286,2024,SEA,LAS,home,-11.5,-110,157,-110,95,79,-16,174,1022400069,48,42,1,1,1,1,1,1,1,95,79,-16,90,-6,home,home,48,-6
6/12/2024,401620287,2024,CON,CHI,away,-7.5,-110,153.5,-110,83,75,-8,158,1022400070,38,40,1,1,0,1,1,1,1,75,83,8,78,2,away,away,40,-2
6/12/2024,401620287,2024,CHI,CON,home,7.5,-110,153.5,-110,75,83,8,158,1022400070,38,40,0,0,1,0,0,0,0,75,83,8,78,2,away,home,38,2
6/13/2024,401620289,2024,DAL,SEA,home,6.5,-108,160,-112,84,92,8,176,1022400072,40,48,1,1,0,0,0,0,0,84,92,8,88,8,away,home,40,8
6/13/2024,401620289,2024,SEA,DAL,away,-6.5,-110,160,-112,92,84,-8,176,1022400072,40,48,0,0,1,1,1,1,1,84,92,8,88,8,away,away,48,-8
6/13/2024,401620288,2024,IND,ATL,home,2.5,-108,165,-108,91,84,-7,175,1022400071,59,44,1,1,1,1,1,1,1,91,84,-7,103,-15,home,home,59,-15
6/13/2024,401620288,2024,ATL,IND,away,-2.5,-112,165,-108,84,91,7,175,1022400071,59,44,0,0,0,0,0,0,0,91,84,-7,103,-15,home,away,44,15
6/13/2024,401620290,2024,PHO,LVA,home,5.5,-110,169.5,-110,99,103,4,202,1022400073,51,54,1,1,1,1,1,1,1,99,103,4,105,3,away,home,51,3
6/13/2024,401620290,2024,LVA,PHO,away,-5.5,-110,169.5,-110,103,99,-4,202,1022400073,51,54,0,0,0,0,0,0,0,99,103,4,105,3,away,away,54,-3
6/14/2024,401620292,2024,MIN,LAS,home,-12.5,-110,160.5,-110,81,76,-5,157,1022400075,39,44,0,0,0,0,0,0,0,81,76,-5,83,5,away,home,39,5
6/14/2024,401620292,2024,LAS,MIN,away,12.5,-110,160.5,-110,76,81,5,157,1022400075,39,44,1,1,1,1,1,1,1,81,76,-5,83,5,away,away,44,-5
6/14/2024,401620291,2024,CHI,WAS,away,-2.5,-110,158.5,-110,81,83,2,164,1022400074,47,36,0,0,0,0,0,0,0,83,81,-2,83,-11,home,away,36,11
6/14/2024,401620291,2024,WAS,CHI,home,2.5,-110,158.5,-110,83,81,-2,164,1022400074,47,36,1,1,1,1,1,1,1,83,81,-2,83,-11,home,home,47,-11
6/15/2024,401620293,2024,CON,DAL,away,-6.5,-110,156.5,-110,85,67,-18,152,1022400076,33,43,1,1,1,1,1,1,1,67,85,18,76,10,away,away,43,-10
6/15/2024,401620293,2024,DAL,CON,home,6.5,-110,156.5,-110,67,85,18,152,1022400076,33,43,0,0,0,0,0,0,0,67,85,18,76,10,away,home,33,10
6/15/2024,401620294,2024,NYL,LVA,away,2.5,-110,174.5,-110,90,82,-8,172,1022400077,43,45,1,1,1,1,1,1,0,82,90,8,88,2,away,away,45,-2
6/15/2024,401620294,2024,LVA,NYL,home,-2.5,-110,174.5,-110,82,90,8,172,1022400077,43,45,0,0,0,0,0,0,1,82,90,8,88,2,away,home,43,2
6/16/2024,401620296,2024,CHI,IND,away,2.5,-110,169,-110,83,91,8,174,1022400079,47,43,0,0,1,1,1,0,0,91,83,-8,90,-4,home,away,43,4
6/16/2024,401620296,2024,IND,CHI,home,-2.5,-110,169,-110,91,83,-8,174,1022400079,47,43,1,1,0,0,0,1,1,91,83,-8,90,-4,home,home,47,-4
6/16/2024,401620297,2024,LAS,ATL,away,5,-108,161,-110,74,87,13,161,1022400080,45,40,0,0,0,0,0,0,0,87,74,-13,85,-5,home,away,40,5
6/16/2024,401620297,2024,ATL,LAS,home,-5,-112,161,-110,87,74,-13,161,1022400080,45,40,1,1,1,1,1,1,1,87,74,-13,85,-5,home,home,45,-5
6/16/2024,401620295,2024,SEA,PHO,away,-3.5,-108,165.5,-110,78,87,9,165,1022400078,47,33,0,0,0,0,0,0,0,87,78,-9,80,-14,home,away,33,14
6/16/2024,401620295,2024,PHO,SEA,home,3.5,-112,165.5,-110,87,78,-9,165,1022400078,47,33,1,1,1,1,1,1,1,87,78,-9,80,-14,home,home,47,-14
6/17/2024,401620298,2024,DAL,MIN,away,14.5,-108,159.5,-110,78,90,12,168,1022400081,43,39,0,0,0,0,0,0,0,90,78,-12,82,-4,home,away,39,4
6/17/2024,401620298,2024,MIN,DAL,home,-14.5,-112,159.5,-110,90,78,-12,168,1022400081,43,39,1,1,1,1,1,1,1,90,78,-12,82,-4,home,home,43,-4
6/18/2024,401620299,2024,LAS,CON,away,13,-112,153.5,-110,70,79,9,149,1022400082,39,28,0,0,0,0,0,0,0,79,70,-9,67,-11,home,away,28,11
6/18/2024,401620299,2024,CON,LAS,home,-13,-108,153.5,-110,79,70,-9,149,1022400082,39,28,1,1,1,1,1,1,1,79,70,-9,67,-11,home,home,39,-11
6/18/2024,401620300,2024,NYL,PHO,away,-5,-110,171.5,-110,93,99,6,192,1022400083,50,46,1,0,0,1,1,1,1,99,93,-6,96,-4,home,away,46,4
6/18/2024,401620300,2024,PHO,NYL,home,5,-110,171.5,-110,99,93,-6,192,1022400083,50,46,0,1,1,0,0,0,0,99,93,-6,96,-4,home,home,50,-4
6/19/2024,401620301,2024,WAS,IND,away,5,-110,167,-110,81,88,7,169,1022400084,46,43,0,0,0,0,0,0,0,88,81,-7,89,-3,home,away,43,3
6/19/2024,401620301,2024,IND,WAS,home,-5,-110,167,-110,88,81,-7,169,1022400084,46,43,1,1,1,1,1,1,1,88,81,-7,89,-3,home,home,46,-3
6/19/2024,401620302,2024,MIN,ATL,home,-9.5,-110,162.5,-110,68,55,-13,123,1022400085,35,30,1,1,1,1,1,1,1,68,55,-13,65,-5,home,home,35,-5
6/19/2024,401620302,2024,ATL,MIN,away,9.5,-110,162.5,-110,55,68,13,123,1022400085,35,30,0,0,0,0,0,0,0,68,55,-13,65,-5,home,away,30,5
6/19/2024,401620303,2024,SEA,LVA,away,6.5,-110,172.5,-110,83,94,11,177,1022400086,47,32,0,0,0,0,0,0,0,94,83,-11,79,-15,home,away,32,15
6/19/2024,401620303,2024,LVA,SEA,home,-6.5,-110,172.5,-110,94,83,-11,177,1022400086,47,32,1,1,1,1,1,1,1,94,83,-11,79,-15,home,home,47,-15
6/20/2024,401620304,2024,DAL,CHI,away,4.5,-110,163,-110,72,83,11,155,1022400087,42,25,0,0,0,0,0,0,0,83,72,-11,67,-17,home,away,25,17
6/20/2024,401620304,2024,CHI,DAL,home,-4.5,-110,163,-110,83,72,-11,155,1022400087,42,25,1,1,1,1,1,1,1,83,72,-11,67,-17,home,home,42,-17
6/20/2024,401620305,2024,LAS,NYL,away,14,-110,167.5,-110,80,93,13,173,1022400088,43,36,1,0,0,0,0,0,0,93,80,-13,79,-7,home,away,36,7
6/20/2024,401620305,2024,NYL,LAS,home,-14,-110,167.5,-110,93,80,-13,173,1022400088,43,36,0,1,1,1,1,1,1,93,80,-13,79,-7,home,home,43,-7
6/21/2024,401620306,2024,IND,ATL,away,-3,-112,163.5,-110,91,79,-12,170,1022400089,41,57,1,1,1,1,1,1,1,79,91,12,98,16,away,away,57,-16
6/21/2024,401620306,2024,ATL,IND,home,3,-108,163.5,-110,79,91,12,170,1022400089,41,57,0,0,0,0,0,0,0,79,91,12,98,16,away,home,41,16
6/21/2024,401620307,2024,LVA,CON,home,-5.5,-110,165.5,-110,85,74,-11,159,1022400090,45,28,0,0,1,1,1,1,1,85,74,-11,73,-17,home,home,45,-17
6/21/2024,401620307,2024,CON,LVA,away,5.5,-110,165.5,-110,74,85,11,159,1022400090,45,28,1,1,0,0,0,0,0,85,74,-11,73,-17,home,away,28,17
6/22/2024,401620309,2024,LAS,NYL,away,14.5,-110,169,-112,88,98,10,186,1022400092,54,44,0,0,1,1,1,0,0,98,88,-10,98,-10,home,away,44,10
6/22/2024,401620309,2024,NYL,LAS,home,-14.5,-110,169,-112,98,88,-10,186,1022400092,54,44,1,1,0,0,0,1,1,98,88,-10,98,-10,home,home,54,-10
6/22/2024,401620308,2024,DAL,WAS,away,-3,-110,160.5,-110,69,97,28,166,1022400091,51,34,0,0,0,0,0,0,0,97,69,-28,85,-17,home,away,34,17
6/22/2024,401620308,2024,WAS,DAL,home,3,-110,160.5,-110,97,69,-28,166,1022400091,51,34,1,1,1,1,1,1,1,97,69,-28,85,-17,home,home,51,-17
6/22/2024,401620310,2024,MIN,PHO,home,-5.5,-110,167,-110,73,60,-13,133,1022400093,38,25,1,1,1,1,1,1,1,73,60,-13,63,-13,home,home,38,-13
6/22/2024,401620310,2024,PHO,MIN,away,5.5,-110,167,-110,60,73,13,133,1022400093,38,25,0,0,0,0,0,0,0,73,60,-13,63,-13,home,away,25,13
6/23/2024,401620311,2024,NYL,ATL,away,-9,-110,165.5,-110,96,75,-21,171,1022400094,38,62,1,1,1,1,1,1,1,75,96,21,100,24,away,away,62,-24
6/23/2024,401620311,2024,ATL,NYL,home,9,-114,165.5,-110,75,96,21,171,1022400094,38,62,0,0,0,0,0,0,0,75,96,21,100,24,away,home,38,24
6/23/2024,401620314,2024,SEA,CON,home,-1.5,-110,154,-110,72,61,-11,133,1022400097,34,31,0,0,0,0,1,1,1,72,61,-11,65,-3,home,home,34,-3
6/23/2024,401620314,2024,CON,SEA,away,1.5,-110,154,-110,61,72,11,133,1022400097,34,31,1,1,1,1,0,0,0,72,61,-11,65,-3,home,away,31,3
6/23/2024,401620312,2024,WAS,DAL,home,-1,-108,163,-108,92,84,-8,176,1022400095,46,51,0,0,0,0,0,0,0,92,84,-8,97,5,away,home,46,5
6/23/2024,401620312,2024,DAL,WAS,away,1,-112,163,-108,84,92,8,176,1022400095,46,51,1,1,1,1,1,1,1,92,84,-8,97,5,away,away,51,-5
6/23/2024,401620313,2024,IND,CHI,away,2.5,-110,169.5,-110,87,88,1,175,1022400096,45,46,1,1,1,0,0,1,0,88,87,-1,91,1,away,away,46,-1
6/23/2024,401620313,2024,CHI,IND,home,-2.5,-110,169.5,-110,88,87,-1,175,1022400096,45,46,0,0,0,1,1,0,1,88,87,-1,91,1,away,home,45,1
6/27/2024,401620315,2024,DAL,MIN,home,9,-112,164,-110,94,88,-6,182,1022400098,43,45,0,0,0,0,0,0,0,94,88,-6,88,2,away,home,43,2
6/27/2024,401620315,2024,MIN,DAL,away,-9,-108,164,-110,88,94,6,182,1022400098,43,45,1,1,1,1,1,1,1,94,88,-6,88,2,away,away,45,-2
6/27/2024,401620317,2024,CHI,LVA,home,10.5,-108,172.5,-110,83,95,12,178,1022400100,39,46,0,1,1,1,0,0,0,83,95,12,85,7,away,home,39,7
6/27/2024,401620317,2024,LVA,CHI,away,-10.5,-112,172.5,-110,95,83,-12,178,1022400100,39,46,1,0,0,0,1,1,1,83,95,12,85,7,away,away,46,-7
6/27/2024,401620316,2024,CON,WAS,away,-11.5,-110,151.5,-110,94,91,-3,185,1022400099,50,46,0,0,0,0,0,0,1,91,94,3,96,-4,home,away,46,4
6/27/2024,401620316,2024,WAS,CON,home,11.5,-110,151.5,-110,91,94,3,185,1022400099,50,46,1,1,1,1,1,1,0,91,94,3,96,-4,home,home,50,-4
6/27/2024,401620318,2024,IND,SEA,away,8.5,-110,168,-110,77,89,12,166,1022400101,53,39,0,0,0,0,0,0,0,89,77,-12,92,-14,home,away,39,14
6/27/2024,401620318,2024,SEA,IND,home,-8.5,-110,168,-110,89,77,-12,166,1022400101,53,39,1,1,1,1,1,1,1,89,77,-12,92,-14,home,home,53,-14
6/28/2024,401620319,2024,ATL,CON,away,9.5,-108,150,-112,78,74,-4,152,1022400102,33,31,0,1,0,0,0,0,0,74,78,4,64,-2,home,away,31,2
6/28/2024,401620319,2024,CON,ATL,home,-9.5,-112,150,-112,74,78,4,152,1022400102,33,31,1,0,1,1,1,1,1,74,78,4,64,-2,home,home,33,-2
6/28/2024,401620320,2024,PHO,LAS,home,-10,-112,168.5,-110,92,78,-14,170,1022400103,44,45,0,0,0,0,0,0,0,92,78,-14,89,1,away,home,44,1
6/28/2024,401620320,2024,LAS,PHO,away,10,-108,168.5,-110,78,92,14,170,1022400103,44,45,1,1,1,1,1,1,1,92,78,-14,89,1,away,away,45,-1
6/29/2024,401620321,2024,WAS,LVA,home,13.5,-112,174.5,-110,77,88,11,165,1022400104,52,46,0,1,1,1,1,1,1,77,88,11,98,-6,home,home,52,-6
6/29/2024,401620321,2024,LVA,WAS,away,-13.5,-108,174.5,-110,88,77,-11,165,1022400104,52,46,1,0,0,0,0,0,0,77,88,11,98,-6,home,away,46,6
6/29/2024,401620322,2024,DAL,SEA,away,10.5,-112,167.5,-112,76,97,21,173,1022400105,54,41,1,0,0,0,0,0,0,97,76,-21,95,-13,home,away,41,13
6/29/2024,401620322,2024,SEA,DAL,home,-10.5,-108,167.5,-112,97,76,-21,173,1022400105,54,41,0,1,1,1,1,1,1,97,76,-21,95,-13,home,home,54,-13
6/30/2024,401620323,2024,ATL,NYL,away,15.5,-110,167.5,-110,75,81,6,156,1022400106,36,41,1,1,1,1,1,1,1,81,75,-6,77,5,away,away,41,-5
6/30/2024,401620323,2024,NYL,ATL,home,-15.5,-108,167.5,-110,81,75,-6,156,1022400106,36,41,0,0,0,0,0,0,0,81,75,-6,77,5,away,home,36,5
6/30/2024,401620324,2024,CHI,MIN,home,7,-112,163.5,-110,62,70,8,132,1022400107,39,34,0,1,1,1,1,1,1,62,70,8,73,-5,home,home,39,-5
6/30/2024,401620324,2024,MIN,CHI,away,-7,-108,163.5,-110,70,62,-8,132,1022400107,39,34,1,0,0,0,0,0,0,62,70,8,73,-5,home,away,34,5
6/30/2024,401620325,2024,PHO,IND,home,-8,-110,175,-110,82,88,6,170,1022400108,49,38,1,1,1,1,1,1,1,82,88,6,87,-11,home,home,49,-11
6/30/2024,401620325,2024,IND,PHO,away,8,-110,175,-110,88,82,-6,170,1022400108,49,38,0,0,0,0,0,0,0,82,88,6,87,-11,home,away,38,11
7/1/2024,401620326,2024,CON,PHO,away,-4.5,-115,157.5,-108,83,72,-11,155,1022400109,35,42,1,1,1,1,1,1,1,72,83,11,77,7,away,away,42,-7
7/1/2024,401620326,2024,PHO,CON,home,4.5,-105,157.5,-108,72,83,11,155,1022400109,35,42,0,0,0,0,0,0,0,72,83,11,77,7,away,home,35,7
7/1/2024,401620327,2024,DAL,SEA,away,11.5,-110,166.5,-110,71,95,24,166,1022400110,45,37,1,1,1,0,0,0,0,95,71,-24,82,-8,home,away,37,8
7/1/2024,401620327,2024,SEA,DAL,home,-11.5,-110,166.5,-110,95,71,-24,166,1022400110,45,37,0,0,0,1,1,1,1,95,71,-24,82,-8,home,home,45,-8
7/2/2024,401620329,2024,CHI,ATL,away,-1,-112,158,-110,85,77,-8,162,1022400112,41,43,0,0,1,1,1,1,1,77,85,8,84,2,away,away,43,-2
7/2/2024,401620329,2024,ATL,CHI,home,1,-108,158,-110,77,85,8,162,1022400112,41,43,1,1,0,0,0,0,0,77,85,8,84,2,away,home,41,2
7/2/2024,401620328,2024,NYL,MIN,home,-6,-110,168.5,-110,76,67,-9,143,1022400111,42,42,1,1,0,0,0,0,1,76,67,-9,84,0,tie,home,42,0
7/2/2024,401620328,2024,MIN,NYL,away,6,-110,168.5,-110,67,76,9,143,1022400111,42,42,0,0,1,1,1,1,0,76,67,-9,84,0,tie,away,42,-0
7/2/2024,401620330,2024,IND,LVA,away,13.5,-108,178.5,-110,69,88,19,157,1022400113,46,37,0,0,0,0,0,0,0,88,69,-19,83,-9,home,away,37,9
7/2/2024,401620330,2024,LVA,IND,home,-13.5,-112,178.5,-110,88,69,-19,157,1022400113,46,37,1,1,1,1,1,1,1,88,69,-19,83,-9,home,home,46,-9
7/2/2024,401620331,2024,LAS,WAS,home,-1.5,-110,162.5,-108,80,82,2,162,1022400114,43,38,1,1,1,1,1,1,1,80,82,2,81,-5,home,home,43,-5
7/2/2024,401620331,2024,WAS,LAS,away,1.5,-110,162.5,-108,82,80,-2,162,1022400114,43,38,0,0,0,0,0,0,0,80,82,2,81,-5,home,away,38,5
7/3/2024,401620332,2024,DAL,PHO,home,5.5,-110,171.5,-112,96,104,8,200,1022400115,43,56,0,0,0,0,0,0,0,96,104,8,99,13,away,home,43,13
7/3/2024,401620332,2024,PHO,DAL,away,-5.5,-110,171.5,-112,104,96,-8,200,1022400115,43,56,1,1,1,1,1,1,1,96,104,8,99,13,away,away,56,-13
7/4/2024,401620334,2024,LVA,WAS,home,-16.5,-110,172,-110,98,77,-21,175,1022400117,48,35,1,0,0,1,1,1,1,98,77,-21,83,-13,home,home,48,-13
7/4/2024,401620334,2024,WAS,LVA,away,16.5,-110,172,-110,77,98,21,175,1022400117,48,35,0,1,1,0,0,0,0,98,77,-21,83,-13,home,away,35,13
7/5/2024,401620335,2024,ATL,DAL,away,4.5,-110,162.5,-110,82,85,3,167,1022400118,42,41,1,0,0,0,0,0,0,85,82,-3,83,-1,home,away,41,1
7/5/2024,401620335,2024,DAL,ATL,home,-4.5,-110,162.5,-110,85,82,-3,167,1022400118,42,41,0,1,1,1,1,1,1,85,82,-3,83,-1,home,home,42,-1
7/5/2024,401620336,2024,LAS,LVA,home,13,-110,173.5,-108,98,93,-5,191,1022400119,46,36,1,0,0,1,0,1,1,98,93,-5,82,-10,home,home,46,-10
7/5/2024,401620336,2024,LVA,LAS,away,-13,-110,173.5,-108,93,98,5,191,1022400119,46,36,0,1,1,0,1,0,0,98,93,-5,82,-10,home,away,36,10
7/5/2024,401620337,2024,SEA,CHI,home,-10,-110,161.5,-110,84,88,4,172,1022400120,42,40,1,1,1,0,1,1,1,84,88,4,82,-2,home,home,42,-2
7/5/2024,401620337,2024,CHI,SEA,away,10,-110,161.5,-110,88,84,-4,172,1022400120,42,40,0,0,0,1,0,0,0,84,88,4,82,-2,home,away,40,2
7/6/2024,401620338,2024,IND,NYL,home,10.5,-114,174,-110,83,78,-5,161,1022400121,39,38,1,1,1,1,1,0,1,83,78,-5,77,-1,home,home,39,-1
7/6/2024,401620338,2024,NYL,IND,away,-10.5,-106,174,-110,78,83,5,161,1022400121,39,38,0,0,0,0,0,1,0,83,78,-5,77,-1,home,away,38,1
7/6/2024,401620339,2024,MIN,WAS,home,-9,-110,158,-110,74,67,-7,141,1022400122,36,36,1,1,1,1,1,1,0,74,67,-7,72,0,tie,home,36,0
7/6/2024,401620339,2024,WAS,MIN,away,9,-110,158,-110,67,74,7,141,1022400122,36,36,0,0,0,0,0,0,1,74,67,-7,72,0,tie,away,36,-0
7/7/2024,401620340,2024,CON,ATL,home,-14,-115,151,-108,80,67,-13,147,1022400123,34,24,0,1,1,1,1,1,1,80,67,-13,58,-10,home,home,34,-10
7/7/2024,401620340,2024,ATL,CON,away,14,-110,151,-108,67,80,13,147,1022400123,34,24,1,0,0,0,0,0,0,80,67,-13,58,-10,home,away,24,10
7/7/2024,401620341,2024,LVA,DAL,home,-15.5,-110,180,-112,104,85,-19,189,1022400124,51,48,1,1,1,0,1,1,0,104,85,-19,99,-3,home,home,51,-3
7/7/2024,401620341,2024,DAL,LVA,away,15.5,-110,180,-112,85,104,19,189,1022400124,51,48,0,0,0,1,0,0,1,104,85,-19,99,-3,home,away,48,3
7/7/2024,401620342,2024,SEA,CHI,home,-9.5,-110,163,-112,84,71,-13,155,1022400125,31,39,0,0,0,0,0,0,0,84,71,-13,70,8,away,home,31,8
7/7/2024,401620342,2024,CHI,SEA,away,9.5,-110,163,-112,71,84,13,155,1022400125,31,39,1,1,1,1,1,1,1,84,71,-13,70,8,away,away,39,-8
7/7/2024,401620343,2024,PHO,LAS,away,-4,-110,167.5,-110,84,78,-6,162,1022400126,39,42,1,1,1,1,1,1,1,78,84,6,81,3,away,away,42,-3
7/7/2024,401620343,2024,LAS,PHO,home,4,-110,167.5,-110,78,84,6,162,1022400126,39,42,0,0,0,0,0,0,0,78,84,6,81,3,away,home,39,3
7/9/2024,401620344,2024,LAS,MIN,home,5,-110,157.5,-108,67,82,15,149,1022400127,35,51,0,0,0,0,0,0,0,67,82,15,86,16,away,home,35,16
7/9/2024,401620344,2024,MIN,LAS,away,-5,-110,157.5,-108,82,67,-15,149,1022400127,35,51,1,1,1,1,1,1,1,67,82,15,86,16,away,away,51,-16
7/10/2024,401620345,2024,NYL,CON,away,-2.5,-110,159,-110,71,68,-3,139,1022400128,38,39,1,1,1,1,1,1,1,68,71,3,77,1,away,away,39,-1
7/10/2024,401620345,2024,CON,NYL,home,2.5,-110,159,-110,68,71,3,139,1022400128,38,39,0,0,0,0,0,0,0,68,71,3,77,1,away,home,38,1
7/10/2024,401620347,2024,ATL,CHI,away,7,-110,155.5,-110,69,78,9,147,1022400130,38,34,0,1,1,1,1,0,0,78,69,-9,72,-4,home,away,34,4
7/10/2024,401620347,2024,CHI,ATL,home,-7,-110,155.5,-110,78,69,-9,147,1022400130,38,34,1,0,0,0,0,1,1,78,69,-9,72,-4,home,home,38,-4
7/10/2024,401620346,2024,IND,WAS,home,-7,-110,167.5,-110,84,89,5,173,1022400129,37,51,0,0,0,0,0,0,0,84,89,5,88,14,away,home,37,14
7/10/2024,401620346,2024,WAS,IND,away,7,-110,167.5,-110,89,84,-5,173,1022400129,37,51,1,1,1,1,1,1,1,84,89,5,88,14,away,away,51,-14
7/10/2024,401620348,2024,LVA,SEA,away,-4.5,-106,173,-110,84,79,-5,163,1022400131,36,30,0,0,0,0,0,0,0,79,84,5,66,-6,home,away,30,6
7/10/2024,401620348,2024,SEA,LVA,home,4.5,-114,173,-110,79,84,5,163,1022400131,36,30,1,1,1,1,1,1,1,79,84,5,66,-6,home,home,36,-6
7/10/2024,401620349,2024,PHO,DAL,home,-7.5,-110,173,-110,100,84,-16,184,1022400132,49,46,1,0,0,0,0,0,0,100,84,-16,95,-3,home,home,49,-3
7/10/2024,401620349,2024,DAL,PHO,away,7.5,-110,173,-110,84,100,16,184,1022400132,49,46,0,1,1,1,1,1,1,100,84,-16,95,-3,home,away,46,3
7/11/2024,401620350,2024,CHI,NYL,away,9.5,-110,166.5,-112,76,91,15,167,1022400133,38,40,0,0,1,1,1,1,1,91,76,-15,78,2,away,away,40,-2
7/11/2024,401620350,2024,NYL,CHI,home,-9.5,-110,166.5,-112,91,76,-15,167,1022400133,38,40,1,1,0,0,0,0,0,91,76,-15,78,2,away,home,38,2
7/12/2024,401620351,2024,ATL,LVA,home,14.5,-110,169.5,-110,70,84,14,154,1022400134,30,44,0,0,0,1,0,0,0,70,84,14,74,14,away,home,30,14
7/12/2024,401620351,2024,LVA,ATL,away,-14.5,-110,169.5,-110,84,70,-14,154,1022400134,30,44,1,1,1,0,1,1,1,70,84,14,74,14,away,away,44,-14
7/12/2024,401620352,2024,PHO,IND,away,2,-105,172.5,-110,86,95,9,181,1022400135,55,35,0,0,0,0,0,0,0,95,86,-9,90,-20,home,away,35,20
7/12/2024,401620352,2024,IND,PHO,home,-2,-115,172.5,-110,95,86,-9,181,1022400135,55,35,1,1,1,1,1,1,1,95,86,-9,90,-20,home,home,55,-20
7/12/2024,401620353,2024,SEA,MIN,home,-6,-110,154.5,-110,91,63,-28,154,1022400136,50,37,0,1,1,1,1,1,1,91,63,-28,87,-13,home,home,50,-13
7/12/2024,401620353,2024,MIN,SEA,away,6,-108,154.5,-110,63,91,28,154,1022400136,50,37,1,0,0,0,0,0,0,91,63,-28,87,-13,home,away,37,13
7/13/2024,401620354,2024,NYL,CHI,away,-3.5,-112,164.5,-112,81,67,-14,148,1022400137,34,43,0,0,0,0,0,1,1,67,81,14,77,9,away,away,43,-9
7/13/2024,401620354,2024,CHI,NYL,home,3.5,-108,164.5,-112,67,81,14,148,1022400137,34,43,1,1,1,1,1,0,0,67,81,14,77,9,away,home,34,9
7/13/2024,401620355,2024,LAS,DAL,away,3.5,-110,171.5,-110,87,81,-6,168,1022400138,44,45,0,0,1,1,1,1,1,81,87,6,89,1,away,away,45,-1
7/13/2024,401620355,2024,DAL,LAS,home,-3.5,-110,171.5,-110,81,87,6,168,1022400138,44,45,1,1,0,0,0,0,0,81,87,6,89,1,away,home,44,1
7/14/2024,401620356,2024,CON,PHO,home,-7,-110,158.5,-110,96,69,-27,165,1022400139,48,42,0,0,0,0,1,1,1,96,69,-27,90,-6,home,home,48,-6
7/14/2024,401620356,2024,PHO,CON,away,7,-110,158.5,-110,69,96,27,165,1022400139,48,42,1,1,1,1,0,0,0,96,69,-27,90,-6,home,away,42,6
7/14/2024,401620357,2024,WAS,LVA,home,12.5,-110,171.5,-110,77,89,12,166,1022400140,43,40,1,1,1,1,1,1,1,77,89,12,83,-3,home,home,43,-3
7/14/2024,401620357,2024,LVA,WAS,away,-12.5,-110,171.5,-110,89,77,-12,166,1022400140,43,40,0,0,0,0,0,0,0,77,89,12,83,-3,home,away,40,3
7/14/2024,401620359,2024,IND,MIN,away,4.5,-108,163.5,-110,81,74,-7,155,1022400142,38,38,0,0,1,0,0,0,0,74,81,7,76,0,tie,away,38,-0
7/14/2024,401620359,2024,MIN,IND,home,-4.5,-110,163.5,-110,74,81,7,155,1022400142,38,38,1,1,0,1,1,1,1,74,81,7,76,0,tie,home,38,0
7/14/2024,401620358,2024,ATL,SEA,away,14.5,-110,155.5,-110,70,81,11,151,1022400141,42,36,1,0,1,0,1,0,0,81,70,-11,78,-6,home,away,36,6
7/14/2024,401620358,2024,SEA,ATL,home,-14.5,-110,155.5,-110,81,70,-11,151,1022400141,42,36,0,1,0,1,0,1,1,81,70,-11,78,-6,home,home,42,-6
